
Початкове число ітерацій = 10
N = 20
PSO S-boxes:
99, 124, 119, 123, 242, 107, 111, 197, 48, 1, 103, 43, 254, 215, 171, 118, 202, 130, 201, 125, 250, 89, 71, 240, 173, 212, 162, 175, 156, 164, 114, 192, 183, 253, 147, 38, 54, 63, 247, 204, 52, 165, 229, 241, 113, 216, 49, 21, 4, 199, 35, 195, 24, 150, 5, 154, 7, 18, 128, 226, 235, 39, 178, 117, 9, 131, 44, 26, 27, 110, 90, 160, 82, 59, 214, 179, 41, 227, 47, 132, 83, 209, 0, 237, 32, 252, 177, 91, 106, 203, 190, 57, 74, 76, 88, 207, 208, 239, 170, 251, 67, 77, 51, 133, 69, 249, 2, 127, 80, 60, 159, 168, 81, 163, 64, 143, 146, 157, 56, 245, 188, 182, 218, 33, 16, 255, 243, 210, 205, 12, 19, 236, 95, 151, 68, 23, 196, 167, 126, 61, 100, 93, 25, 115, 96, 129, 79, 220, 34, 42, 144, 136, 70, 238, 184, 20, 222, 94, 11, 219, 224, 50, 58, 10, 73, 6, 36, 92, 194, 211, 172, 98, 145, 149, 228, 121, 231, 200, 55, 109, 141, 213, 78, 169, 108, 86, 244, 234, 101, 122, 174, 8, 186, 120, 37, 46, 28, 166, 180, 198, 232, 221, 116, 31, 75, 189, 139, 138, 112, 62, 181, 102, 72, 3, 246, 14, 97, 53, 87, 185, 134, 193, 29, 158, 225, 248, 152, 17, 105, 217, 142, 148, 155, 30, 135, 233, 206, 85, 40, 223, 140, 161, 137, 13, 191, 230, 66, 104, 65, 153, 45, 15, 176, 84, 187, 22, 

Нелінійність  = 112 

Алгебраїчний імунітет  = 2 

Дельта-рівномірність  = 4 

Лінійна збитковість = 255 



99, 124, 119, 123, 242, 107, 111, 197, 48, 1, 103, 43, 254, 215, 171, 118, 202, 130, 201, 125, 250, 89, 71, 240, 173, 212, 162, 175, 156, 164, 114, 192, 183, 253, 147, 38, 54, 63, 204, 247, 52, 165, 229, 241, 113, 216, 49, 21, 4, 199, 35, 195, 24, 150, 5, 154, 7, 18, 128, 226, 235, 39, 178, 117, 9, 131, 44, 26, 27, 110, 90, 160, 82, 59, 214, 179, 41, 227, 47, 132, 83, 209, 0, 237, 32, 252, 177, 91, 106, 203, 190, 57, 74, 76, 88, 207, 208, 239, 170, 251, 67, 77, 51, 133, 69, 249, 2, 127, 80, 60, 159, 168, 81, 163, 64, 143, 146, 157, 56, 245, 188, 182, 218, 33, 16, 255, 243, 210, 205, 12, 19, 236, 95, 151, 68, 23, 196, 167, 126, 61, 100, 93, 25, 115, 96, 129, 79, 220, 34, 42, 144, 136, 70, 238, 184, 20, 222, 94, 11, 219, 224, 50, 58, 10, 73, 6, 36, 92, 194, 211, 172, 98, 145, 149, 228, 121, 231, 200, 55, 109, 141, 213, 78, 169, 108, 86, 244, 234, 101, 122, 174, 8, 186, 120, 37, 46, 28, 166, 180, 198, 232, 221, 116, 31, 75, 189, 139, 138, 112, 62, 181, 102, 72, 3, 246, 14, 97, 53, 87, 185, 134, 193, 29, 158, 225, 248, 152, 17, 105, 217, 142, 148, 155, 30, 135, 233, 206, 85, 40, 223, 140, 161, 137, 13, 191, 230, 66, 104, 65, 153, 45, 15, 176, 84, 187, 22, 

Нелінійність  = 110 

Алгебраїчний імунітет  = 2 

Дельта-рівномірність  = 6 

Лінійна збитковість = 126 



99, 124, 119, 123, 242, 107, 111, 202, 80, 1, 103, 43, 254, 215, 171, 118, 197, 235, 201, 92, 250, 89, 71, 240, 173, 212, 224, 175, 156, 164, 114, 192, 183, 253, 48, 38, 54, 64, 63, 19, 52, 165, 229, 241, 113, 216, 49, 142, 145, 199, 35, 195, 24, 150, 5, 154, 7, 18, 128, 226, 130, 39, 178, 117, 9, 131, 44, 26, 27, 110, 90, 160, 82, 59, 214, 179, 41, 227, 47, 132, 83, 209, 0, 237, 32, 252, 177, 91, 106, 203, 190, 57, 74, 76, 88, 207, 208, 239, 170, 251, 67, 77, 51, 133, 69, 249, 2, 127, 147, 60, 159, 168, 81, 163, 174, 143, 146, 157, 56, 245, 188, 182, 218, 33, 16, 255, 243, 210, 205, 12, 206, 236, 95, 151, 68, 23, 196, 167, 126, 61, 100, 93, 25, 115, 96, 129, 79, 220, 34, 42, 144, 136, 70, 238, 184, 20, 222, 94, 11, 219, 15, 50, 58, 10, 73, 6, 36, 125, 194, 211, 172, 98, 4, 149, 228, 121, 231, 200, 55, 109, 141, 213, 78, 169, 108, 86, 244, 234, 101, 122, 85, 8, 186, 120, 37, 46, 28, 166, 180, 198, 232, 221, 116, 31, 75, 189, 139, 138, 112, 62, 181, 102, 72, 3, 246, 14, 97, 53, 87, 185, 134, 193, 29, 158, 225, 248, 152, 17, 105, 217, 21, 148, 155, 30, 135, 233, 153, 191, 40, 223, 140, 161, 137, 13, 187, 230, 66, 104, 65, 45, 204, 162, 176, 84, 22, 247, 

Нелінійність  = 102 

Алгебраїчний імунітет  = 2 

Дельта-рівномірність  = 8 

Лінійна збитковість = 0 



99, 124, 119, 123, 242, 81, 57, 202, 48, 84, 103, 26, 254, 21, 171, 118, 197, 68, 201, 125, 250, 89, 34, 240, 173, 233, 162, 175, 156, 164, 114, 192, 105, 253, 230, 38, 54, 63, 224, 79, 52, 165, 229, 241, 113, 216, 49, 142, 209, 199, 35, 195, 24, 150, 5, 154, 7, 18, 128, 226, 235, 39, 178, 117, 9, 131, 44, 43, 27, 110, 90, 160, 82, 59, 214, 179, 41, 227, 47, 132, 83, 4, 0, 237, 32, 252, 177, 91, 106, 203, 190, 111, 74, 76, 88, 207, 208, 239, 170, 251, 67, 77, 51, 133, 69, 249, 2, 127, 80, 60, 159, 168, 107, 163, 64, 143, 146, 157, 56, 245, 188, 182, 218, 33, 16, 255, 243, 210, 205, 200, 19, 236, 95, 151, 130, 23, 196, 167, 126, 61, 100, 93, 25, 115, 96, 129, 12, 220, 71, 42, 144, 136, 70, 238, 184, 20, 222, 94, 11, 219, 221, 50, 58, 10, 73, 6, 36, 92, 194, 211, 172, 98, 145, 149, 228, 121, 231, 40, 55, 109, 141, 213, 78, 169, 108, 86, 244, 234, 101, 122, 174, 8, 186, 120, 37, 46, 28, 166, 180, 198, 232, 152, 116, 31, 75, 189, 139, 138, 112, 62, 181, 102, 72, 3, 246, 14, 97, 53, 87, 185, 134, 193, 29, 158, 225, 248, 153, 17, 183, 217, 215, 148, 155, 30, 135, 212, 206, 85, 247, 223, 140, 161, 137, 13, 191, 147, 66, 104, 65, 22, 45, 15, 176, 1, 187, 204, 

Нелінійність  = 102 

Алгебраїчний імунітет  = 3 

Дельта-рівномірність  = 8 

Лінійна збитковість = 0 



99, 124, 119, 123, 242, 107, 57, 201, 130, 1, 103, 43, 254, 72, 171, 112, 202, 48, 129, 125, 250, 89, 71, 240, 173, 212, 162, 21, 156, 44, 114, 192, 105, 253, 147, 38, 54, 31, 208, 244, 52, 187, 229, 249, 113, 216, 217, 175, 4, 199, 35, 195, 24, 150, 5, 154, 7, 18, 128, 226, 235, 39, 178, 117, 9, 131, 164, 26, 27, 110, 90, 160, 82, 59, 214, 179, 41, 227, 47, 132, 83, 209, 0, 237, 32, 252, 177, 91, 165, 203, 190, 111, 74, 76, 88, 207, 8, 239, 170, 251, 67, 77, 51, 133, 69, 241, 2, 127, 80, 60, 159, 168, 81, 163, 64, 143, 146, 157, 56, 245, 188, 182, 218, 33, 16, 255, 243, 210, 205, 12, 19, 236, 95, 151, 68, 23, 196, 167, 126, 61, 100, 93, 25, 115, 96, 197, 79, 220, 34, 42, 144, 136, 70, 238, 184, 20, 222, 94, 11, 219, 224, 50, 58, 10, 73, 6, 36, 92, 194, 211, 172, 98, 145, 149, 228, 121, 231, 200, 55, 109, 141, 213, 78, 169, 108, 86, 181, 234, 101, 122, 174, 189, 186, 120, 37, 46, 28, 166, 180, 198, 232, 221, 116, 63, 75, 155, 139, 138, 118, 62, 134, 102, 215, 3, 246, 14, 97, 53, 87, 185, 148, 193, 29, 158, 225, 248, 152, 17, 183, 49, 142, 206, 176, 30, 135, 233, 84, 85, 40, 223, 140, 161, 137, 13, 191, 230, 66, 104, 65, 153, 45, 15, 22, 247, 106, 204, 

Нелінійність  = 100 

Алгебраїчний імунітет  = 3 

Дельта-рівномірність  = 8 

Лінійна збитковість = 0 



122, 255, 133, 125, 241, 204, 218, 33, 145, 215, 1, 159, 200, 190, 76, 48, 211, 184, 178, 61, 68, 8, 172, 118, 222, 154, 84, 210, 193, 56, 105, 175, 127, 249, 53, 96, 207, 185, 247, 187, 34, 134, 35, 183, 129, 194, 166, 243, 179, 65, 46, 36, 81, 208, 192, 69, 113, 117, 149, 225, 83, 39, 132, 197, 90, 5, 119, 102, 167, 80, 253, 37, 18, 23, 6, 73, 77, 22, 227, 99, 108, 124, 63, 32, 94, 251, 97, 100, 11, 147, 162, 19, 0, 242, 152, 24, 245, 109, 173, 72, 177, 223, 51, 38, 135, 216, 142, 40, 202, 57, 75, 201, 199, 74, 236, 31, 136, 47, 110, 168, 219, 21, 114, 87, 244, 181, 254, 64, 146, 188, 2, 92, 42, 121, 186, 155, 115, 16, 9, 198, 232, 25, 66, 41, 174, 176, 62, 13, 189, 49, 101, 111, 137, 164, 230, 248, 98, 148, 156, 91, 220, 10, 59, 67, 214, 52, 7, 79, 126, 107, 213, 45, 93, 191, 171, 224, 206, 85, 158, 50, 238, 29, 106, 252, 229, 195, 180, 112, 240, 95, 234, 153, 237, 104, 26, 20, 239, 58, 89, 71, 70, 88, 169, 143, 161, 139, 203, 228, 123, 233, 120, 196, 27, 163, 205, 246, 151, 130, 128, 165, 60, 30, 209, 212, 141, 250, 157, 226, 4, 140, 217, 116, 170, 54, 103, 15, 235, 12, 182, 43, 150, 221, 14, 231, 17, 3, 138, 55, 78, 44, 86, 160, 28, 144, 131, 82, 

Нелінійність  = 96 

Алгебраїчний імунітет  = 3 

Дельта-рівномірність  = 14 

Лінійна збитковість = 0 



50, 193, 153, 64, 108, 168, 113, 197, 72, 79, 116, 207, 127, 67, 225, 86, 53, 180, 130, 250, 134, 144, 230, 236, 182, 224, 238, 22, 69, 11, 16, 14, 143, 122, 87, 19, 188, 216, 213, 152, 88, 227, 129, 131, 45, 179, 43, 212, 183, 39, 104, 5, 120, 232, 234, 161, 58, 75, 219, 8, 126, 160, 62, 70, 165, 173, 240, 17, 145, 255, 112, 15, 89, 176, 10, 28, 102, 228, 164, 147, 246, 162, 135, 214, 136, 106, 220, 138, 151, 237, 223, 139, 41, 215, 55, 158, 198, 59, 141, 47, 23, 195, 184, 74, 221, 110, 208, 248, 217, 186, 204, 175, 82, 170, 92, 174, 99, 84, 247, 203, 254, 25, 140, 107, 105, 155, 149, 242, 34, 123, 211, 46, 40, 80, 181, 243, 154, 71, 96, 33, 56, 121, 66, 146, 202, 137, 185, 26, 233, 4, 52, 31, 77, 167, 94, 196, 49, 24, 148, 57, 21, 32, 60, 0, 42, 114, 157, 209, 91, 18, 93, 156, 128, 210, 101, 7, 118, 249, 38, 29, 150, 187, 83, 222, 163, 201, 191, 100, 190, 171, 103, 245, 95, 90, 119, 97, 218, 115, 132, 253, 63, 9, 98, 81, 205, 51, 133, 169, 235, 36, 65, 172, 178, 35, 30, 231, 76, 166, 199, 73, 1, 37, 54, 2, 189, 48, 78, 27, 6, 12, 239, 244, 206, 44, 241, 229, 159, 251, 117, 192, 3, 13, 125, 252, 20, 194, 61, 85, 124, 109, 68, 226, 200, 111, 177, 142, 

Нелінійність  = 96 

Алгебраїчний імунітет  = 3 

Дельта-рівномірність  = 12 

Лінійна збитковість = 0 



120, 136, 241, 60, 190, 46, 212, 144, 37, 147, 75, 184, 47, 65, 213, 149, 23, 155, 70, 245, 145, 17, 188, 133, 254, 187, 33, 224, 78, 63, 100, 177, 107, 86, 162, 130, 186, 229, 142, 148, 25, 173, 132, 255, 234, 8, 80, 111, 62, 66, 19, 216, 84, 29, 13, 206, 202, 12, 87, 252, 122, 42, 32, 189, 101, 11, 41, 209, 26, 4, 219, 5, 10, 129, 48, 109, 54, 243, 57, 236, 45, 79, 51, 89, 196, 153, 201, 124, 208, 179, 163, 126, 134, 110, 92, 125, 253, 205, 58, 218, 88, 223, 182, 217, 72, 215, 211, 40, 180, 91, 16, 128, 90, 56, 14, 35, 250, 28, 123, 178, 139, 198, 83, 52, 99, 157, 39, 199, 104, 74, 183, 151, 228, 15, 106, 116, 34, 1, 117, 195, 71, 171, 105, 203, 233, 181, 96, 0, 103, 9, 31, 200, 231, 143, 249, 168, 242, 20, 27, 248, 164, 3, 49, 55, 150, 207, 175, 76, 121, 2, 176, 246, 146, 238, 227, 93, 240, 81, 44, 36, 30, 141, 237, 127, 251, 50, 230, 244, 169, 221, 95, 247, 113, 166, 165, 194, 98, 131, 204, 38, 193, 115, 137, 154, 210, 43, 118, 222, 77, 82, 21, 174, 61, 220, 161, 67, 24, 59, 172, 170, 6, 167, 239, 152, 226, 192, 102, 69, 185, 235, 53, 114, 18, 159, 119, 108, 156, 22, 197, 140, 64, 68, 112, 7, 135, 138, 94, 225, 97, 73, 158, 191, 85, 232, 214, 160, 

Нелінійність  = 96 

Алгебраїчний імунітет  = 3 

Дельта-рівномірність  = 12 

Лінійна збитковість = 0 



122, 255, 133, 125, 241, 204, 218, 33, 145, 215, 1, 159, 200, 190, 76, 48, 211, 184, 178, 61, 68, 8, 172, 118, 222, 154, 84, 210, 193, 56, 105, 175, 127, 249, 53, 96, 207, 185, 247, 187, 34, 134, 35, 183, 129, 194, 166, 243, 179, 65, 46, 36, 81, 208, 192, 69, 113, 117, 149, 225, 83, 39, 132, 197, 90, 5, 119, 102, 167, 80, 253, 37, 18, 23, 6, 73, 77, 22, 227, 99, 108, 124, 63, 32, 94, 251, 97, 100, 11, 147, 162, 19, 0, 242, 152, 24, 245, 109, 173, 72, 177, 223, 51, 38, 135, 216, 142, 40, 202, 57, 75, 201, 199, 74, 236, 31, 136, 47, 110, 168, 219, 21, 114, 87, 244, 181, 254, 64, 146, 188, 2, 92, 42, 121, 186, 155, 115, 16, 9, 198, 232, 25, 66, 41, 174, 176, 62, 13, 189, 49, 101, 111, 137, 164, 230, 248, 98, 148, 156, 91, 220, 10, 59, 67, 214, 52, 7, 79, 126, 107, 213, 45, 93, 191, 171, 224, 206, 85, 158, 50, 238, 29, 106, 252, 229, 195, 180, 112, 240, 95, 234, 153, 237, 104, 26, 20, 239, 58, 89, 71, 70, 88, 169, 143, 161, 139, 203, 228, 123, 233, 120, 196, 27, 163, 205, 246, 151, 130, 128, 165, 60, 30, 209, 212, 141, 250, 157, 226, 4, 140, 217, 116, 170, 54, 103, 15, 235, 12, 182, 43, 150, 221, 14, 231, 17, 3, 138, 55, 78, 44, 86, 160, 28, 144, 131, 82, 

Нелінійність  = 96 

Алгебраїчний імунітет  = 3 

Дельта-рівномірність  = 14 

Лінійна збитковість = 0 



122, 252, 133, 125, 242, 202, 216, 38, 143, 210, 4, 156, 192, 191, 79, 50, 211, 183, 179, 63, 73, 11, 170, 255, 221, 51, 87, 231, 193, 59, 106, 176, 129, 250, 56, 95, 203, 182, 247, 188, 35, 135, 41, 185, 46, 195, 163, 238, 175, 69, 75, 251, 80, 207, 45, 72, 111, 115, 149, 226, 88, 39, 134, 253, 113, 9, 118, 100, 164, 81, 249, 98, 20, 24, 12, 76, 77, 28, 223, 232, 108, 127, 62, 126, 93, 236, 142, 150, 14, 174, 206, 21, 2, 124, 151, 29, 245, 99, 173, 48, 186, 220, 40, 85, 233, 217, 139, 43, 199, 58, 78, 201, 196, 136, 6, 34, 137, 159, 109, 171, 219, 26, 117, 86, 10, 130, 254, 68, 148, 184, 3, 96, 44, 71, 147, 152, 114, 190, 13, 230, 229, 27, 65, 107, 172, 17, 119, 19, 55, 49, 103, 112, 240, 166, 246, 194, 102, 53, 153, 121, 162, 168, 84, 66, 208, 97, 8, 22, 128, 110, 212, 47, 243, 244, 181, 222, 167, 89, 224, 52, 64, 37, 200, 160, 189, 101, 132, 116, 237, 36, 215, 214, 209, 105, 144, 146, 234, 61, 92, 165, 18, 198, 25, 141, 177, 57, 218, 67, 123, 154, 197, 74, 140, 180, 54, 82, 5, 169, 187, 120, 225, 227, 205, 33, 42, 70, 157, 235, 7, 204, 90, 23, 161, 1, 104, 30, 60, 241, 131, 138, 248, 32, 91, 94, 158, 228, 239, 15, 155, 83, 213, 16, 145, 0, 31, 178, 

Нелінійність  = 96 

Алгебраїчний імунітет  = 3 

Дельта-рівномірність  = 12 

Лінійна збитковість = 0 



5, 215, 222, 178, 135, 181, 212, 29, 204, 172, 42, 57, 228, 108, 120, 126, 92, 170, 113, 58, 163, 176, 203, 41, 102, 35, 159, 227, 150, 177, 75, 79, 157, 205, 195, 101, 207, 232, 69, 97, 12, 40, 76, 111, 140, 124, 2, 214, 196, 52, 115, 106, 93, 60, 179, 80, 119, 164, 160, 220, 87, 175, 252, 71, 248, 109, 121, 77, 18, 24, 236, 133, 235, 148, 211, 158, 167, 142, 100, 139, 143, 11, 249, 81, 45, 168, 82, 27, 234, 110, 118, 151, 127, 166, 8, 221, 95, 231, 90, 53, 129, 190, 50, 9, 128, 154, 28, 89, 226, 161, 86, 245, 66, 224, 132, 253, 194, 242, 21, 23, 47, 197, 239, 165, 218, 0, 155, 134, 51, 54, 131, 67, 25, 185, 15, 162, 219, 32, 199, 192, 85, 6, 171, 223, 184, 237, 96, 156, 254, 187, 10, 105, 114, 147, 56, 34, 173, 83, 65, 146, 17, 186, 180, 251, 16, 255, 125, 188, 103, 206, 201, 189, 31, 241, 72, 116, 37, 94, 229, 153, 136, 183, 198, 48, 233, 1, 59, 122, 64, 238, 246, 38, 200, 33, 98, 209, 63, 141, 46, 193, 152, 14, 61, 43, 240, 213, 137, 62, 44, 130, 68, 91, 117, 123, 244, 22, 250, 112, 49, 225, 247, 7, 144, 3, 182, 104, 36, 20, 99, 39, 191, 230, 216, 73, 4, 74, 26, 174, 78, 138, 84, 145, 30, 169, 55, 149, 217, 243, 202, 107, 19, 13, 208, 70, 88, 210, 

Нелінійність  = 96 

Алгебраїчний імунітет  = 3 

Дельта-рівномірність  = 12 

Лінійна збитковість = 0 



134, 52, 8, 215, 15, 63, 228, 82, 38, 252, 89, 249, 81, 177, 69, 165, 188, 42, 44, 97, 127, 152, 33, 172, 168, 214, 180, 131, 211, 201, 197, 138, 189, 137, 32, 240, 110, 145, 68, 106, 40, 146, 247, 158, 159, 112, 74, 195, 220, 67, 234, 254, 101, 77, 208, 221, 227, 185, 95, 194, 25, 255, 102, 109, 237, 148, 12, 130, 87, 187, 192, 181, 157, 132, 70, 6, 243, 125, 113, 98, 253, 107, 149, 116, 62, 191, 20, 235, 58, 176, 93, 167, 11, 31, 222, 193, 190, 179, 169, 246, 100, 142, 4, 79, 50, 104, 248, 39, 86, 156, 153, 10, 37, 88, 136, 45, 51, 133, 3, 242, 5, 56, 60, 218, 241, 29, 72, 46, 140, 207, 225, 229, 196, 121, 224, 21, 84, 119, 65, 166, 163, 209, 250, 78, 30, 34, 118, 17, 18, 175, 54, 117, 170, 26, 19, 126, 233, 150, 238, 14, 103, 147, 122, 232, 173, 123, 151, 171, 2, 174, 96, 139, 75, 71, 13, 128, 108, 144, 182, 160, 200, 61, 64, 48, 143, 94, 24, 155, 55, 105, 41, 23, 7, 239, 49, 115, 80, 66, 203, 28, 161, 47, 9, 154, 216, 204, 217, 22, 202, 205, 135, 244, 53, 129, 90, 99, 210, 226, 231, 111, 230, 213, 91, 206, 184, 76, 236, 43, 73, 245, 223, 120, 92, 178, 219, 199, 0, 16, 27, 1, 141, 85, 114, 59, 124, 198, 164, 57, 162, 251, 212, 83, 186, 35, 36, 183, 

Нелінійність  = 96 

Алгебраїчний імунітет  = 3 

Дельта-рівномірність  = 12 

Лінійна збитковість = 0 



121, 137, 242, 61, 191, 47, 212, 145, 45, 147, 76, 192, 177, 66, 214, 150, 24, 156, 71, 253, 146, 18, 189, 240, 255, 3, 34, 232, 86, 64, 101, 178, 108, 87, 163, 138, 194, 237, 142, 149, 33, 174, 133, 0, 187, 9, 80, 119, 70, 67, 28, 221, 85, 30, 169, 236, 202, 20, 88, 74, 123, 50, 109, 198, 153, 12, 42, 217, 199, 5, 227, 14, 92, 130, 49, 110, 62, 244, 57, 120, 46, 254, 58, 10, 203, 31, 173, 127, 209, 180, 165, 134, 94, 116, 93, 126, 238, 205, 60, 218, 89, 223, 190, 219, 75, 216, 188, 41, 181, 243, 111, 129, 90, 124, 84, 36, 251, 78, 38, 179, 140, 152, 117, 53, 102, 164, 40, 200, 105, 148, 32, 195, 229, 22, 113, 204, 35, 6, 118, 196, 72, 39, 112, 73, 234, 185, 98, 1, 175, 13, 44, 201, 159, 144, 250, 215, 176, 184, 27, 249, 166, 8, 51, 56, 233, 193, 162, 182, 43, 226, 122, 247, 16, 68, 228, 55, 107, 82, 59, 63, 97, 241, 52, 131, 2, 91, 29, 245, 136, 21, 11, 132, 99, 167, 168, 210, 246, 172, 25, 17, 125, 143, 211, 154, 79, 115, 135, 128, 160, 155, 23, 95, 213, 222, 220, 103, 96, 248, 104, 170, 186, 81, 239, 151, 65, 7, 69, 54, 106, 141, 230, 252, 114, 83, 100, 48, 207, 26, 197, 235, 224, 208, 161, 19, 139, 77, 183, 225, 231, 206, 157, 15, 171, 37, 4, 158, 

Нелінійність  = 96 

Алгебраїчний імунітет  = 3 

Дельта-рівномірність  = 12 

Лінійна збитковість = 0 



123, 0, 204, 197, 59, 18, 33, 42, 151, 215, 12, 165, 193, 194, 81, 51, 27, 255, 252, 66, 145, 68, 176, 73, 229, 52, 161, 232, 202, 130, 113, 183, 201, 251, 61, 106, 20, 189, 158, 188, 47, 235, 31, 3, 48, 198, 172, 244, 184, 143, 82, 253, 87, 210, 13, 76, 116, 245, 221, 142, 98, 50, 206, 96, 120, 162, 124, 111, 181, 105, 243, 101, 28, 43, 187, 77, 84, 35, 230, 234, 180, 133, 150, 127, 171, 56, 46, 155, 239, 177, 209, 29, 182, 131, 160, 103, 248, 170, 208, 121, 192, 36, 45, 89, 242, 222, 125, 211, 62, 67, 136, 16, 199, 156, 80, 104, 144, 152, 112, 249, 195, 99, 122, 94, 191, 134, 91, 69, 203, 110, 7, 100, 5, 41, 149, 154, 119, 132, 107, 164, 78, 40, 147, 115, 254, 53, 57, 25, 128, 166, 108, 118, 58, 173, 247, 231, 83, 92, 157, 65, 163, 241, 26, 70, 213, 102, 8, 207, 30, 117, 238, 190, 6, 60, 37, 225, 168, 186, 4, 64, 146, 109, 55, 49, 34, 250, 95, 19, 217, 220, 63, 224, 114, 24, 233, 236, 237, 126, 93, 240, 10, 185, 44, 1, 39, 23, 97, 85, 179, 88, 200, 2, 141, 75, 54, 153, 22, 228, 246, 226, 148, 219, 212, 71, 169, 216, 214, 137, 79, 205, 17, 167, 159, 21, 32, 15, 11, 227, 175, 140, 223, 38, 174, 90, 196, 9, 129, 74, 218, 135, 72, 86, 14, 139, 178, 138, 

Нелінійність  = 96 

Алгебраїчний імунітет  = 3 

Дельта-рівномірність  = 14 

Лінійна збитковість = 0 



135, 53, 80, 226, 87, 133, 234, 83, 40, 6, 90, 2, 84, 249, 139, 172, 191, 44, 115, 100, 200, 160, 107, 174, 173, 28, 181, 202, 219, 19, 206, 141, 5, 140, 35, 154, 92, 36, 69, 216, 41, 149, 64, 161, 167, 113, 77, 198, 221, 127, 245, 137, 106, 79, 126, 230, 231, 192, 96, 195, 99, 8, 110, 112, 125, 220, 13, 136, 186, 3, 81, 182, 165, 204, 142, 63, 244, 199, 71, 150, 123, 108, 152, 118, 62, 211, 25, 242, 207, 180, 145, 241, 11, 102, 224, 10, 4, 128, 203, 248, 98, 215, 7, 20, 51, 65, 253, 57, 159, 93, 153, 16, 38, 162, 146, 46, 54, 75, 9, 59, 91, 56, 169, 52, 48, 33, 73, 151, 18, 209, 197, 190, 218, 129, 177, 24, 85, 122, 39, 15, 235, 27, 0, 147, 232, 250, 119, 21, 23, 183, 55, 171, 251, 143, 29, 132, 210, 61, 240, 88, 189, 163, 124, 237, 166, 170, 225, 76, 34, 117, 97, 50, 246, 144, 175, 109, 176, 148, 187, 243, 17, 121, 138, 26, 70, 89, 105, 228, 47, 120, 1, 134, 12, 208, 49, 116, 156, 196, 111, 222, 164, 78, 247, 37, 66, 68, 72, 22, 94, 212, 157, 43, 229, 131, 95, 252, 103, 214, 223, 60, 58, 86, 238, 67, 254, 213, 193, 239, 42, 101, 32, 130, 74, 227, 30, 185, 178, 201, 217, 188, 14, 194, 236, 184, 255, 114, 82, 233, 158, 205, 104, 31, 179, 155, 45, 168, 

Нелінійність  = 96 

Алгебраїчний імунітет  = 3 

Дельта-рівномірність  = 10 

Лінійна збитковість = 0 



55, 5, 175, 33, 149, 43, 11, 154, 50, 127, 247, 126, 64, 20, 223, 184, 16, 196, 217, 4, 231, 44, 22, 102, 66, 99, 88, 41, 110, 76, 213, 113, 180, 199, 122, 89, 32, 131, 160, 23, 77, 39, 167, 227, 166, 58, 195, 254, 12, 129, 84, 165, 159, 204, 35, 248, 210, 142, 208, 80, 105, 222, 151, 144, 54, 25, 191, 182, 233, 34, 3, 174, 218, 111, 228, 96, 48, 138, 224, 123, 98, 120, 211, 121, 134, 168, 15, 203, 181, 236, 74, 140, 253, 92, 36, 24, 83, 221, 56, 52, 68, 162, 67, 146, 200, 90, 237, 212, 100, 136, 109, 220, 93, 71, 117, 51, 158, 251, 47, 61, 128, 238, 189, 152, 63, 82, 153, 183, 132, 21, 28, 252, 14, 232, 118, 250, 163, 91, 114, 26, 143, 229, 226, 255, 145, 10, 29, 31, 249, 8, 101, 202, 37, 186, 97, 81, 137, 49, 190, 116, 245, 94, 53, 243, 241, 0, 206, 244, 156, 42, 7, 164, 60, 242, 197, 86, 75, 240, 1, 19, 30, 188, 193, 73, 171, 17, 198, 130, 124, 209, 40, 46, 141, 150, 178, 173, 205, 239, 103, 185, 207, 95, 13, 235, 85, 219, 216, 119, 135, 65, 106, 148, 246, 59, 18, 194, 72, 57, 214, 2, 155, 38, 125, 187, 27, 79, 176, 179, 69, 172, 70, 104, 78, 177, 169, 147, 230, 107, 234, 115, 112, 87, 45, 108, 215, 170, 133, 6, 139, 225, 9, 192, 62, 157, 161, 201, 

Нелінійність  = 96 

Алгебраїчний імунітет  = 3 

Дельта-рівномірність  = 12 

Лінійна збитковість = 0 



102, 22, 14, 217, 5, 132, 211, 85, 9, 246, 74, 43, 78, 253, 134, 173, 188, 32, 46, 95, 195, 223, 15, 189, 138, 226, 163, 199, 219, 198, 19, 147, 191, 123, 181, 224, 92, 152, 67, 84, 45, 128, 155, 232, 162, 114, 39, 184, 234, 124, 225, 3, 197, 80, 227, 235, 205, 233, 87, 178, 93, 252, 249, 209, 238, 58, 168, 106, 36, 0, 204, 172, 222, 108, 70, 203, 60, 131, 77, 142, 186, 154, 136, 140, 54, 72, 81, 187, 100, 161, 89, 99, 65, 143, 207, 244, 23, 148, 179, 130, 88, 21, 24, 201, 51, 56, 239, 10, 125, 135, 171, 11, 33, 242, 118, 38, 90, 109, 245, 215, 27, 218, 127, 117, 44, 18, 210, 35, 149, 16, 180, 248, 182, 7, 214, 55, 52, 116, 139, 164, 50, 190, 40, 75, 101, 12, 120, 133, 8, 175, 119, 156, 240, 34, 202, 113, 121, 71, 177, 26, 194, 57, 192, 230, 94, 176, 185, 48, 229, 145, 251, 97, 107, 137, 150, 61, 122, 228, 220, 236, 82, 62, 208, 126, 69, 83, 165, 255, 37, 112, 68, 237, 141, 30, 25, 159, 221, 79, 29, 103, 216, 53, 170, 157, 115, 6, 91, 196, 64, 1, 31, 158, 213, 47, 13, 111, 200, 105, 231, 153, 183, 254, 104, 98, 174, 110, 42, 241, 41, 144, 169, 76, 49, 17, 206, 212, 247, 250, 146, 2, 193, 66, 20, 4, 86, 96, 129, 243, 160, 151, 166, 59, 73, 63, 28, 167, 

Нелінійність  = 96 

Алгебраїчний імунітет  = 3 

Дельта-рівномірність  = 12 

Лінійна збитковість = 0 



122, 1, 136, 133, 56, 205, 221, 110, 148, 217, 9, 230, 213, 198, 149, 196, 29, 190, 250, 63, 145, 14, 173, 7, 39, 99, 159, 139, 223, 132, 177, 248, 199, 66, 61, 100, 206, 189, 65, 4, 106, 207, 114, 2, 94, 12, 236, 53, 180, 140, 50, 154, 150, 210, 34, 143, 115, 118, 125, 227, 161, 46, 137, 40, 74, 82, 80, 103, 171, 153, 249, 240, 24, 27, 83, 195, 3, 172, 226, 64, 109, 20, 188, 49, 165, 86, 52, 44, 186, 116, 238, 93, 8, 87, 156, 79, 59, 183, 245, 212, 98, 225, 123, 191, 57, 30, 10, 228, 203, 200, 13, 16, 35, 102, 160, 72, 214, 96, 181, 169, 36, 95, 187, 182, 178, 158, 33, 219, 120, 185, 76, 168, 84, 91, 121, 155, 26, 48, 17, 107, 232, 192, 138, 108, 175, 241, 55, 21, 174, 101, 60, 166, 134, 131, 179, 244, 47, 216, 77, 89, 81, 71, 22, 37, 62, 239, 78, 220, 105, 117, 163, 32, 233, 197, 224, 38, 184, 6, 97, 142, 201, 88, 146, 104, 209, 127, 231, 68, 25, 41, 135, 204, 229, 167, 242, 255, 11, 111, 124, 5, 194, 51, 67, 202, 31, 58, 253, 144, 193, 235, 162, 176, 211, 69, 70, 247, 164, 45, 75, 90, 237, 208, 126, 215, 243, 42, 246, 254, 130, 19, 112, 252, 251, 113, 73, 128, 129, 218, 157, 119, 170, 0, 18, 85, 152, 151, 28, 43, 222, 234, 54, 92, 147, 15, 141, 23, 

Нелінійність  = 96 

Алгебраїчний імунітет  = 3 

Дельта-рівномірність  = 10 

Лінійна збитковість = 0 



36, 6, 51, 87, 76, 66, 125, 175, 225, 16, 49, 89, 247, 194, 188, 150, 3, 58, 63, 177, 38, 132, 114, 1, 111, 31, 143, 253, 227, 13, 12, 29, 28, 219, 64, 232, 151, 186, 251, 85, 223, 160, 74, 72, 195, 235, 67, 122, 236, 33, 81, 165, 19, 147, 70, 202, 4, 61, 62, 106, 27, 196, 146, 211, 220, 35, 11, 228, 238, 39, 141, 233, 245, 96, 104, 166, 102, 119, 84, 207, 2, 252, 152, 97, 213, 130, 206, 210, 42, 168, 229, 139, 145, 116, 65, 173, 198, 82, 189, 0, 22, 95, 158, 155, 17, 10, 249, 79, 204, 201, 199, 57, 164, 90, 78, 52, 161, 86, 113, 23, 112, 124, 120, 191, 69, 154, 163, 107, 24, 243, 240, 234, 55, 75, 73, 230, 94, 44, 80, 41, 212, 242, 178, 208, 8, 254, 48, 46, 169, 108, 200, 21, 56, 100, 83, 77, 255, 231, 214, 172, 18, 126, 117, 53, 221, 99, 118, 131, 237, 135, 226, 246, 93, 129, 50, 241, 71, 179, 176, 149, 30, 88, 148, 115, 98, 37, 26, 123, 203, 47, 162, 174, 9, 68, 224, 205, 127, 187, 54, 218, 171, 183, 197, 244, 20, 209, 217, 105, 25, 140, 193, 133, 91, 159, 239, 43, 7, 136, 59, 153, 110, 128, 103, 34, 181, 222, 144, 5, 101, 45, 134, 248, 137, 156, 15, 190, 170, 192, 92, 215, 185, 167, 184, 109, 60, 40, 216, 14, 182, 138, 121, 180, 32, 142, 250, 157, 

Нелінійність  = 94 

Алгебраїчний імунітет  = 3 

Дельта-рівномірність  = 12 

Лінійна збитковість = 0 



12, 144, 226, 5, 219, 223, 153, 91, 123, 41, 157, 34, 88, 224, 242, 90, 33, 58, 169, 8, 93, 234, 250, 213, 21, 200, 134, 243, 211, 70, 163, 113, 237, 103, 148, 133, 229, 61, 16, 120, 177, 106, 85, 78, 7, 104, 68, 149, 164, 119, 62, 218, 239, 126, 43, 154, 208, 110, 1, 35, 69, 109, 80, 75, 215, 150, 190, 246, 94, 130, 4, 135, 131, 227, 195, 183, 189, 221, 249, 49, 132, 184, 182, 25, 115, 203, 225, 186, 102, 77, 99, 151, 29, 178, 165, 67, 238, 17, 152, 13, 92, 121, 19, 2, 156, 254, 52, 6, 205, 11, 56, 192, 158, 112, 82, 42, 108, 45, 240, 170, 0, 199, 247, 155, 63, 47, 217, 84, 187, 36, 81, 105, 139, 117, 162, 216, 87, 101, 138, 147, 54, 209, 214, 31, 51, 24, 74, 20, 181, 168, 185, 196, 201, 244, 10, 22, 116, 253, 176, 245, 76, 100, 23, 141, 37, 38, 194, 179, 172, 86, 48, 66, 235, 122, 175, 125, 193, 9, 248, 72, 241, 159, 191, 129, 46, 204, 136, 124, 89, 40, 231, 228, 251, 173, 230, 27, 26, 65, 59, 188, 128, 167, 50, 143, 15, 255, 53, 160, 98, 83, 79, 232, 14, 161, 252, 146, 202, 44, 3, 180, 28, 137, 95, 145, 60, 140, 30, 206, 212, 111, 142, 198, 222, 127, 96, 236, 55, 97, 57, 18, 171, 71, 174, 107, 64, 210, 118, 39, 166, 32, 233, 197, 73, 220, 207, 114, 

Нелінійність  = 94 

Алгебраїчний імунітет  = 3 

Дельта-рівномірність  = 12 

Лінійна збитковість = 0 



Час виконання: 663.135000 секунд

Блок з необхідними параметрами знайдено

Кількість виконаних ітерацій = 4 
_______________________________________________________________________________________________
