
Початкове число ітерацій = 10
N = 20
PSO S-boxes:
99, 124, 119, 123, 242, 107, 111, 197, 48, 1, 103, 43, 254, 215, 171, 118, 202, 130, 201, 125, 250, 89, 71, 240, 173, 212, 162, 175, 156, 164, 114, 192, 183, 253, 147, 38, 54, 63, 247, 204, 52, 165, 229, 241, 113, 216, 49, 21, 4, 199, 35, 195, 24, 150, 5, 154, 7, 18, 128, 226, 235, 39, 178, 117, 9, 131, 44, 26, 27, 110, 90, 160, 82, 59, 214, 179, 41, 227, 47, 132, 83, 209, 0, 237, 32, 252, 177, 91, 106, 203, 190, 57, 74, 76, 88, 207, 208, 239, 170, 251, 67, 77, 51, 133, 69, 249, 2, 127, 80, 60, 159, 168, 81, 163, 64, 143, 146, 157, 56, 245, 188, 182, 218, 33, 16, 255, 243, 210, 205, 12, 19, 236, 95, 151, 68, 23, 196, 167, 126, 61, 100, 93, 25, 115, 96, 129, 79, 220, 34, 42, 144, 136, 70, 238, 184, 20, 222, 94, 11, 219, 224, 50, 58, 10, 73, 6, 36, 92, 194, 211, 172, 98, 145, 149, 228, 121, 231, 200, 55, 109, 141, 213, 78, 169, 108, 86, 244, 234, 101, 122, 174, 8, 186, 120, 37, 46, 28, 166, 180, 198, 232, 221, 116, 31, 75, 189, 139, 138, 112, 62, 181, 102, 72, 3, 246, 14, 97, 53, 87, 185, 134, 193, 29, 158, 225, 248, 152, 17, 105, 217, 142, 148, 155, 30, 135, 233, 206, 85, 40, 223, 140, 161, 137, 13, 191, 230, 66, 104, 65, 153, 45, 15, 176, 84, 187, 22, 

Нелінійність  = 112 

Алгебраїчний імунітет  = 2 

Дельта-рівномірність  = 4 

Лінійна збитковість = 255 



99, 124, 119, 123, 242, 107, 111, 197, 48, 1, 103, 43, 254, 215, 171, 118, 202, 130, 201, 125, 250, 89, 71, 240, 173, 212, 162, 175, 156, 164, 114, 192, 183, 253, 147, 38, 54, 63, 204, 247, 52, 165, 229, 241, 113, 216, 49, 21, 4, 199, 35, 195, 24, 150, 5, 154, 7, 18, 128, 226, 235, 39, 178, 117, 9, 131, 44, 26, 27, 110, 90, 160, 82, 59, 214, 179, 41, 227, 47, 132, 83, 209, 0, 237, 32, 252, 177, 91, 106, 203, 190, 57, 74, 76, 88, 207, 208, 239, 170, 251, 67, 77, 51, 133, 69, 249, 2, 127, 80, 60, 159, 168, 81, 163, 64, 143, 146, 157, 56, 245, 188, 182, 218, 33, 16, 255, 243, 210, 205, 12, 19, 236, 95, 151, 68, 23, 196, 167, 126, 61, 100, 93, 25, 115, 96, 129, 79, 220, 34, 42, 144, 136, 70, 238, 184, 20, 222, 94, 11, 219, 224, 50, 58, 10, 73, 6, 36, 92, 194, 211, 172, 98, 145, 149, 228, 121, 231, 200, 55, 109, 141, 213, 78, 169, 108, 86, 244, 234, 101, 122, 174, 8, 186, 120, 37, 46, 28, 166, 180, 198, 232, 221, 116, 31, 75, 189, 139, 138, 112, 62, 181, 102, 72, 3, 246, 14, 97, 53, 87, 185, 134, 193, 29, 158, 225, 248, 152, 17, 105, 217, 142, 148, 155, 30, 135, 233, 206, 85, 40, 223, 140, 161, 137, 13, 191, 230, 66, 104, 65, 153, 45, 15, 176, 84, 187, 22, 

Нелінійність  = 110 

Алгебраїчний імунітет  = 2 

Дельта-рівномірність  = 6 

Лінійна збитковість = 126 



99, 124, 119, 123, 242, 81, 57, 197, 48, 247, 103, 26, 254, 21, 171, 118, 202, 68, 201, 125, 250, 89, 34, 240, 173, 233, 162, 175, 156, 164, 114, 65, 105, 253, 230, 38, 54, 63, 31, 79, 52, 165, 229, 241, 113, 216, 49, 142, 209, 199, 35, 195, 24, 150, 5, 154, 7, 18, 128, 226, 235, 39, 178, 117, 9, 131, 44, 43, 27, 110, 90, 160, 82, 59, 214, 179, 41, 227, 47, 132, 83, 4, 0, 237, 32, 252, 177, 91, 106, 203, 190, 111, 74, 76, 88, 207, 208, 239, 170, 251, 67, 77, 51, 133, 69, 249, 2, 127, 80, 60, 159, 168, 107, 163, 64, 143, 146, 157, 56, 245, 188, 182, 218, 33, 16, 255, 243, 210, 205, 12, 19, 236, 95, 151, 130, 23, 196, 167, 126, 61, 100, 93, 25, 115, 96, 129, 84, 220, 71, 42, 144, 136, 70, 238, 184, 20, 222, 94, 11, 219, 224, 50, 58, 10, 73, 6, 36, 92, 194, 211, 172, 98, 145, 149, 228, 121, 231, 200, 55, 109, 141, 213, 78, 169, 108, 86, 244, 234, 101, 122, 174, 8, 186, 120, 37, 46, 28, 166, 180, 198, 232, 221, 116, 204, 75, 189, 139, 138, 112, 62, 181, 102, 72, 3, 246, 14, 97, 53, 87, 185, 134, 193, 29, 158, 225, 248, 152, 17, 183, 217, 215, 148, 155, 30, 135, 212, 206, 85, 40, 223, 140, 161, 137, 13, 191, 147, 66, 104, 192, 153, 45, 15, 176, 1, 187, 22, 

Нелінійність  = 102 

Алгебраїчний імунітет  = 2 

Дельта-рівномірність  = 6 

Лінійна збитковість = 0 



122, 124, 119, 123, 242, 107, 36, 197, 48, 1, 103, 155, 254, 215, 171, 186, 62, 130, 201, 125, 250, 89, 221, 240, 173, 212, 162, 175, 133, 164, 114, 192, 183, 253, 147, 38, 54, 63, 134, 22, 52, 165, 229, 141, 113, 4, 49, 21, 216, 199, 35, 195, 24, 150, 5, 154, 7, 18, 128, 226, 235, 39, 178, 117, 9, 131, 44, 26, 27, 110, 90, 160, 82, 59, 214, 179, 41, 227, 47, 132, 83, 209, 0, 237, 32, 252, 177, 91, 106, 203, 190, 57, 74, 76, 88, 207, 208, 239, 170, 251, 67, 77, 51, 156, 69, 249, 2, 127, 80, 60, 159, 168, 81, 163, 64, 143, 146, 157, 56, 245, 188, 182, 218, 33, 16, 255, 243, 210, 205, 12, 19, 236, 95, 151, 206, 23, 196, 167, 126, 61, 100, 93, 25, 115, 96, 129, 68, 220, 34, 42, 144, 136, 70, 238, 184, 20, 222, 94, 11, 219, 224, 50, 58, 10, 73, 6, 111, 92, 194, 211, 172, 98, 145, 149, 228, 121, 231, 200, 55, 109, 241, 213, 78, 169, 108, 86, 244, 234, 101, 99, 174, 8, 118, 120, 37, 46, 28, 166, 180, 198, 232, 71, 116, 31, 75, 189, 139, 138, 112, 202, 181, 102, 72, 3, 246, 14, 97, 53, 87, 185, 79, 193, 29, 158, 225, 248, 152, 17, 105, 217, 142, 148, 43, 30, 135, 233, 137, 85, 40, 223, 140, 161, 104, 13, 191, 230, 66, 84, 65, 153, 45, 15, 176, 187, 247, 204, 

Нелінійність  = 102 

Алгебраїчний імунітет  = 2 

Дельта-рівномірність  = 10 

Лінійна збитковість = 0 



99, 124, 119, 207, 242, 107, 57, 197, 192, 1, 103, 249, 254, 215, 126, 118, 202, 68, 201, 75, 250, 89, 71, 240, 173, 212, 162, 175, 156, 164, 102, 48, 178, 253, 147, 151, 234, 63, 45, 92, 52, 10, 229, 241, 113, 183, 217, 21, 4, 199, 35, 195, 24, 150, 5, 154, 7, 18, 128, 226, 235, 39, 216, 117, 9, 131, 44, 26, 27, 110, 90, 160, 82, 59, 214, 179, 41, 227, 47, 132, 83, 209, 0, 237, 32, 252, 177, 91, 106, 203, 190, 111, 74, 76, 88, 123, 208, 239, 170, 251, 67, 77, 51, 133, 69, 43, 2, 127, 80, 60, 159, 168, 81, 163, 64, 143, 146, 157, 56, 245, 188, 182, 218, 33, 16, 255, 243, 210, 205, 12, 19, 236, 95, 38, 130, 23, 196, 167, 171, 61, 100, 93, 25, 115, 96, 129, 79, 220, 34, 42, 144, 136, 70, 238, 184, 20, 222, 94, 11, 219, 224, 50, 58, 165, 73, 6, 36, 247, 194, 211, 172, 98, 145, 149, 228, 121, 231, 200, 55, 109, 141, 213, 78, 169, 108, 86, 244, 54, 101, 122, 174, 8, 186, 120, 37, 46, 28, 166, 180, 198, 232, 221, 116, 31, 125, 189, 139, 138, 112, 62, 181, 114, 72, 3, 246, 14, 97, 53, 87, 185, 134, 193, 29, 158, 225, 248, 152, 17, 105, 49, 142, 148, 155, 30, 135, 233, 206, 85, 40, 223, 140, 161, 137, 13, 191, 230, 66, 104, 65, 153, 84, 15, 176, 187, 22, 204, 

Нелінійність  = 102 

Алгебраїчний імунітет  = 3 

Дельта-рівномірність  = 8 

Лінійна збитковість = 0 



99, 124, 119, 123, 242, 107, 57, 201, 130, 1, 103, 43, 254, 72, 171, 112, 202, 48, 129, 125, 250, 89, 71, 240, 173, 212, 162, 21, 156, 44, 114, 192, 105, 253, 147, 38, 54, 31, 225, 227, 52, 187, 229, 249, 113, 216, 217, 175, 4, 199, 35, 195, 24, 150, 5, 154, 7, 18, 128, 226, 235, 39, 178, 117, 9, 131, 164, 26, 27, 110, 90, 160, 82, 59, 214, 179, 41, 28, 47, 132, 83, 209, 0, 237, 32, 252, 177, 91, 165, 203, 190, 111, 74, 76, 88, 207, 208, 239, 170, 251, 67, 77, 51, 133, 69, 241, 2, 127, 80, 60, 159, 168, 81, 163, 64, 143, 146, 157, 56, 245, 188, 182, 218, 33, 16, 255, 243, 210, 205, 12, 19, 236, 95, 151, 68, 23, 196, 167, 126, 61, 100, 93, 25, 115, 96, 197, 79, 220, 34, 42, 144, 136, 70, 238, 184, 20, 222, 94, 11, 219, 224, 50, 58, 10, 73, 6, 36, 92, 194, 211, 172, 98, 145, 149, 228, 121, 231, 200, 55, 109, 141, 213, 78, 169, 108, 86, 244, 234, 101, 122, 174, 8, 186, 120, 37, 46, 135, 166, 180, 198, 232, 221, 116, 63, 75, 189, 139, 138, 118, 62, 181, 102, 215, 3, 246, 14, 97, 53, 87, 185, 134, 193, 29, 158, 191, 248, 152, 17, 183, 49, 142, 148, 155, 30, 137, 233, 206, 85, 40, 223, 140, 161, 153, 13, 15, 230, 66, 104, 65, 204, 45, 22, 176, 84, 106, 247, 

Нелінійність  = 98 

Алгебраїчний імунітет  = 3 

Дельта-рівномірність  = 10 

Лінійна збитковість = 0 



99, 124, 119, 123, 242, 107, 111, 202, 221, 1, 103, 43, 254, 215, 171, 118, 197, 130, 201, 92, 250, 89, 71, 240, 173, 212, 224, 175, 156, 164, 114, 192, 183, 253, 48, 38, 54, 19, 63, 190, 52, 165, 229, 241, 113, 216, 49, 142, 145, 199, 35, 195, 24, 150, 5, 154, 7, 18, 128, 226, 235, 39, 178, 117, 9, 131, 44, 26, 27, 110, 90, 160, 82, 59, 214, 179, 41, 227, 47, 132, 83, 209, 0, 237, 32, 252, 177, 91, 106, 203, 234, 57, 74, 76, 88, 207, 208, 239, 170, 251, 67, 77, 51, 133, 69, 249, 2, 127, 147, 60, 159, 168, 81, 163, 64, 143, 146, 157, 56, 245, 188, 182, 218, 33, 16, 255, 243, 210, 205, 12, 80, 236, 95, 151, 68, 23, 196, 167, 126, 61, 100, 93, 25, 115, 96, 129, 79, 220, 34, 42, 144, 136, 70, 238, 184, 20, 222, 94, 11, 219, 15, 50, 58, 10, 73, 6, 36, 125, 194, 211, 172, 98, 4, 149, 228, 121, 231, 200, 55, 109, 141, 213, 78, 169, 108, 86, 244, 193, 101, 122, 174, 8, 186, 120, 37, 46, 28, 166, 180, 198, 232, 217, 116, 31, 75, 189, 139, 138, 112, 62, 181, 102, 72, 3, 246, 14, 97, 53, 87, 185, 134, 30, 29, 158, 225, 248, 152, 17, 105, 104, 21, 148, 155, 140, 135, 233, 206, 85, 40, 223, 84, 161, 137, 13, 191, 230, 66, 45, 65, 153, 204, 162, 176, 187, 247, 22, 

Нелінійність  = 98 

Алгебраїчний імунітет  = 2 

Дельта-рівномірність  = 8 

Лінійна збитковість = 0 



120, 136, 241, 60, 190, 46, 212, 144, 37, 147, 75, 184, 47, 65, 213, 149, 23, 155, 70, 245, 145, 17, 188, 133, 254, 187, 33, 224, 78, 63, 100, 177, 107, 86, 162, 130, 186, 229, 142, 148, 25, 173, 132, 255, 234, 8, 80, 111, 62, 66, 19, 216, 84, 29, 13, 206, 202, 12, 87, 252, 122, 42, 32, 189, 101, 11, 41, 209, 26, 4, 219, 5, 10, 129, 48, 109, 54, 243, 57, 236, 45, 79, 51, 89, 196, 153, 201, 124, 208, 179, 163, 126, 134, 110, 92, 125, 253, 205, 58, 218, 88, 223, 182, 217, 72, 215, 211, 40, 180, 91, 16, 128, 90, 56, 14, 35, 250, 28, 123, 178, 139, 198, 83, 52, 99, 157, 39, 199, 104, 74, 183, 151, 228, 15, 106, 116, 34, 1, 117, 195, 71, 171, 105, 203, 233, 181, 96, 0, 103, 9, 31, 200, 231, 143, 249, 168, 242, 20, 27, 248, 164, 3, 49, 55, 150, 207, 175, 76, 121, 2, 176, 246, 146, 238, 227, 93, 240, 81, 44, 36, 30, 141, 237, 127, 251, 50, 230, 244, 169, 221, 95, 247, 113, 166, 165, 194, 98, 131, 204, 38, 193, 115, 137, 154, 210, 43, 118, 222, 77, 82, 21, 174, 61, 220, 161, 67, 24, 59, 172, 170, 6, 167, 239, 152, 226, 192, 102, 69, 185, 235, 53, 114, 18, 159, 119, 108, 156, 22, 197, 140, 64, 68, 112, 7, 135, 138, 94, 225, 97, 73, 158, 191, 85, 232, 214, 160, 

Нелінійність  = 96 

Алгебраїчний імунітет  = 3 

Дельта-рівномірність  = 12 

Лінійна збитковість = 0 



122, 255, 133, 125, 241, 204, 218, 33, 145, 215, 1, 159, 200, 190, 76, 48, 211, 184, 178, 61, 68, 8, 172, 118, 222, 154, 84, 210, 193, 56, 105, 175, 127, 249, 53, 96, 207, 185, 247, 187, 34, 134, 35, 183, 129, 194, 166, 243, 179, 65, 46, 36, 81, 208, 192, 69, 113, 117, 149, 225, 83, 39, 132, 197, 90, 5, 119, 102, 167, 80, 253, 37, 18, 23, 6, 73, 77, 22, 227, 99, 108, 124, 63, 32, 94, 251, 97, 100, 11, 147, 162, 19, 0, 242, 152, 24, 245, 109, 173, 72, 177, 223, 51, 38, 135, 216, 142, 40, 202, 57, 75, 201, 199, 74, 236, 31, 136, 47, 110, 168, 219, 21, 114, 87, 244, 181, 254, 64, 146, 188, 2, 92, 42, 121, 186, 155, 115, 16, 9, 198, 232, 25, 66, 41, 174, 176, 62, 13, 189, 49, 101, 111, 137, 164, 230, 248, 98, 148, 156, 91, 220, 10, 59, 67, 214, 52, 7, 79, 126, 107, 213, 45, 93, 191, 171, 224, 206, 85, 158, 50, 238, 29, 106, 252, 229, 195, 180, 112, 240, 95, 234, 153, 237, 104, 26, 20, 239, 58, 89, 71, 70, 88, 169, 143, 161, 139, 203, 228, 123, 233, 120, 196, 27, 163, 205, 246, 151, 130, 128, 165, 60, 30, 209, 212, 141, 250, 157, 226, 4, 140, 217, 116, 170, 54, 103, 15, 235, 12, 182, 43, 150, 221, 14, 231, 17, 3, 138, 55, 78, 44, 86, 160, 28, 144, 131, 82, 

Нелінійність  = 96 

Алгебраїчний імунітет  = 3 

Дельта-рівномірність  = 14 

Лінійна збитковість = 0 



124, 114, 38, 109, 204, 50, 127, 224, 88, 180, 218, 193, 177, 19, 99, 6, 243, 67, 186, 40, 71, 171, 182, 229, 68, 39, 15, 69, 58, 137, 165, 24, 2, 52, 76, 132, 176, 104, 192, 163, 179, 141, 53, 5, 78, 129, 85, 239, 30, 12, 89, 17, 161, 236, 153, 22, 106, 207, 148, 251, 205, 135, 11, 41, 201, 216, 228, 155, 54, 7, 57, 209, 147, 188, 73, 126, 113, 136, 36, 253, 250, 172, 245, 142, 121, 144, 122, 101, 60, 44, 173, 34, 8, 134, 32, 167, 26, 219, 200, 42, 111, 232, 35, 79, 138, 25, 194, 93, 159, 125, 254, 131, 202, 174, 28, 16, 237, 154, 184, 51, 117, 102, 181, 18, 70, 87, 81, 59, 105, 143, 98, 244, 220, 164, 46, 115, 120, 77, 190, 110, 191, 9, 158, 187, 169, 90, 63, 91, 82, 65, 168, 246, 157, 199, 33, 248, 45, 156, 112, 183, 203, 170, 234, 146, 149, 133, 107, 196, 226, 31, 252, 49, 175, 233, 61, 10, 208, 75, 108, 66, 145, 151, 198, 130, 240, 1, 152, 116, 74, 119, 103, 249, 20, 211, 195, 242, 197, 227, 13, 72, 206, 221, 166, 55, 27, 97, 213, 255, 37, 56, 185, 0, 235, 223, 94, 95, 47, 222, 118, 189, 212, 247, 14, 100, 238, 64, 214, 92, 162, 83, 84, 178, 62, 160, 215, 230, 21, 80, 3, 150, 29, 86, 96, 217, 48, 43, 128, 241, 4, 123, 231, 139, 210, 140, 23, 225, 

Нелінійність  = 96 

Алгебраїчний імунітет  = 3 

Дельта-рівномірність  = 10 

Лінійна збитковість = 0 



124, 114, 38, 109, 204, 50, 127, 224, 88, 180, 218, 193, 177, 19, 99, 6, 243, 67, 186, 40, 71, 171, 182, 229, 68, 39, 15, 69, 58, 137, 165, 24, 2, 52, 76, 132, 176, 104, 192, 163, 179, 141, 53, 5, 78, 129, 85, 239, 30, 12, 89, 17, 161, 236, 153, 22, 106, 207, 148, 251, 205, 135, 11, 41, 201, 216, 228, 155, 54, 7, 57, 209, 147, 188, 73, 126, 113, 136, 36, 253, 250, 172, 245, 142, 121, 144, 122, 101, 60, 44, 173, 34, 8, 134, 32, 167, 26, 219, 200, 42, 111, 232, 35, 79, 138, 25, 194, 93, 159, 125, 254, 131, 202, 174, 28, 16, 237, 154, 184, 51, 117, 102, 181, 18, 70, 87, 81, 59, 105, 143, 98, 244, 220, 164, 46, 115, 120, 77, 190, 110, 191, 9, 158, 187, 169, 90, 63, 91, 82, 65, 168, 246, 157, 199, 33, 248, 45, 156, 112, 183, 203, 170, 234, 146, 149, 133, 107, 196, 226, 31, 252, 49, 175, 233, 61, 10, 208, 75, 108, 66, 145, 151, 198, 130, 240, 1, 152, 116, 74, 119, 103, 249, 20, 211, 195, 242, 197, 227, 13, 72, 206, 221, 166, 55, 27, 97, 213, 255, 37, 56, 185, 0, 235, 223, 94, 95, 47, 222, 118, 189, 212, 247, 14, 100, 238, 64, 214, 92, 162, 83, 84, 178, 62, 160, 215, 230, 21, 80, 3, 150, 29, 86, 96, 217, 48, 43, 128, 241, 4, 123, 231, 139, 210, 140, 23, 225, 

Нелінійність  = 96 

Алгебраїчний імунітет  = 3 

Дельта-рівномірність  = 10 

Лінійна збитковість = 0 



108, 129, 169, 98, 221, 83, 153, 176, 44, 61, 92, 101, 170, 154, 189, 131, 130, 141, 148, 174, 208, 60, 119, 197, 206, 202, 110, 195, 125, 123, 109, 186, 143, 185, 31, 76, 3, 152, 205, 182, 42, 86, 190, 247, 163, 132, 62, 58, 28, 145, 29, 204, 49, 84, 9, 68, 87, 16, 112, 237, 94, 41, 6, 147, 47, 140, 43, 150, 27, 67, 128, 97, 53, 88, 64, 151, 228, 234, 52, 175, 156, 157, 21, 177, 99, 212, 187, 105, 23, 194, 180, 56, 142, 90, 235, 171, 227, 226, 33, 238, 136, 137, 138, 168, 71, 236, 24, 121, 45, 73, 25, 48, 85, 120, 8, 100, 117, 173, 213, 218, 210, 224, 164, 203, 50, 216, 160, 54, 242, 38, 207, 77, 51, 96, 159, 124, 32, 26, 240, 116, 89, 248, 10, 134, 230, 111, 181, 184, 63, 66, 223, 215, 7, 200, 211, 81, 231, 220, 18, 55, 122, 225, 219, 59, 214, 30, 93, 17, 165, 126, 40, 146, 80, 69, 161, 167, 193, 246, 79, 166, 192, 75, 252, 239, 104, 72, 106, 232, 11, 103, 196, 209, 255, 139, 201, 107, 57, 4, 115, 133, 217, 178, 114, 82, 65, 179, 102, 12, 244, 78, 254, 155, 249, 243, 113, 36, 162, 253, 95, 188, 22, 183, 70, 39, 135, 149, 0, 2, 198, 5, 46, 35, 191, 251, 199, 245, 118, 233, 20, 19, 158, 127, 229, 91, 250, 74, 172, 241, 13, 1, 14, 222, 144, 15, 37, 34, 

Нелінійність  = 96 

Алгебраїчний імунітет  = 3 

Дельта-рівномірність  = 10 

Лінійна збитковість = 0 



67, 148, 112, 132, 187, 66, 88, 154, 99, 59, 142, 73, 236, 161, 118, 84, 183, 133, 126, 255, 11, 156, 129, 246, 204, 131, 151, 128, 108, 120, 145, 209, 164, 227, 188, 104, 65, 90, 235, 172, 115, 189, 149, 226, 42, 175, 97, 103, 80, 98, 111, 27, 46, 159, 89, 184, 8, 40, 253, 163, 137, 20, 23, 199, 205, 50, 134, 15, 242, 62, 72, 153, 249, 63, 167, 122, 107, 197, 124, 78, 71, 214, 82, 177, 61, 248, 140, 100, 171, 220, 136, 58, 74, 57, 168, 125, 37, 178, 116, 219, 212, 135, 218, 147, 186, 155, 81, 231, 102, 55, 150, 196, 127, 6, 121, 91, 21, 152, 44, 45, 200, 33, 173, 96, 1, 117, 239, 224, 244, 38, 47, 180, 94, 69, 211, 233, 166, 101, 119, 79, 157, 144, 22, 143, 130, 191, 210, 213, 41, 138, 162, 228, 141, 28, 114, 4, 203, 179, 252, 222, 230, 192, 53, 24, 54, 232, 217, 56, 170, 202, 34, 160, 254, 206, 76, 5, 229, 95, 0, 243, 48, 17, 68, 245, 216, 105, 77, 3, 113, 83, 234, 39, 7, 2, 106, 29, 215, 182, 201, 193, 190, 32, 110, 35, 198, 25, 181, 85, 223, 194, 176, 237, 251, 185, 31, 165, 12, 26, 169, 36, 109, 247, 123, 18, 30, 240, 52, 92, 93, 250, 49, 158, 174, 14, 10, 75, 221, 43, 207, 70, 146, 238, 64, 139, 195, 13, 86, 241, 60, 19, 51, 16, 225, 87, 208, 9, 

Нелінійність  = 96 

Алгебраїчний імунітет  = 3 

Дельта-рівномірність  = 12 

Лінійна збитковість = 0 



158, 156, 136, 87, 174, 96, 151, 193, 121, 48, 100, 26, 208, 163, 196, 108, 205, 131, 187, 103, 221, 153, 122, 183, 173, 219, 125, 167, 238, 175, 101, 139, 211, 225, 146, 85, 0, 73, 188, 123, 106, 198, 239, 246, 78, 130, 102, 64, 31, 181, 124, 126, 104, 220, 27, 169, 95, 72, 135, 137, 215, 119, 46, 59, 28, 21, 83, 49, 120, 44, 69, 244, 172, 204, 150, 162, 112, 195, 111, 14, 76, 58, 36, 229, 65, 245, 209, 84, 11, 138, 171, 33, 30, 75, 105, 201, 203, 161, 113, 248, 141, 128, 118, 34, 98, 109, 224, 202, 200, 62, 154, 147, 148, 82, 142, 42, 166, 35, 37, 24, 92, 243, 90, 40, 53, 168, 235, 192, 60, 41, 57, 145, 6, 9, 63, 68, 222, 199, 110, 129, 23, 61, 81, 191, 178, 116, 97, 194, 18, 212, 159, 127, 80, 25, 234, 55, 71, 232, 66, 218, 253, 7, 10, 189, 45, 227, 5, 54, 182, 185, 152, 51, 214, 50, 165, 206, 133, 237, 67, 89, 247, 79, 114, 155, 210, 117, 19, 184, 115, 86, 230, 17, 223, 254, 226, 1, 56, 249, 13, 74, 77, 99, 144, 20, 252, 190, 94, 15, 233, 216, 143, 29, 91, 140, 157, 39, 176, 160, 70, 8, 52, 255, 16, 250, 2, 93, 170, 180, 149, 43, 164, 3, 134, 231, 236, 88, 241, 32, 213, 251, 207, 38, 197, 179, 4, 242, 47, 217, 240, 107, 228, 186, 12, 132, 177, 22, 

Нелінійність  = 96 

Алгебраїчний імунітет  = 3 

Дельта-рівномірність  = 12 

Лінійна збитковість = 0 



65, 7, 78, 158, 182, 213, 3, 164, 47, 35, 108, 44, 168, 169, 24, 173, 141, 123, 243, 143, 179, 214, 252, 152, 188, 249, 71, 58, 215, 194, 98, 201, 122, 244, 79, 28, 61, 80, 237, 190, 135, 156, 225, 167, 132, 195, 43, 113, 46, 207, 68, 202, 183, 126, 162, 115, 66, 101, 82, 142, 55, 77, 193, 128, 75, 177, 59, 53, 90, 83, 125, 171, 69, 181, 166, 200, 36, 149, 121, 199, 137, 99, 1, 155, 103, 204, 159, 25, 114, 198, 148, 17, 120, 39, 111, 189, 154, 37, 50, 94, 110, 49, 131, 56, 209, 239, 34, 118, 161, 20, 147, 254, 8, 11, 130, 86, 139, 129, 172, 174, 186, 84, 106, 127, 33, 150, 16, 210, 236, 30, 81, 104, 212, 223, 247, 191, 85, 250, 13, 163, 92, 224, 180, 144, 38, 227, 70, 217, 192, 67, 170, 222, 176, 238, 208, 88, 206, 211, 19, 87, 145, 89, 54, 242, 95, 29, 63, 219, 240, 124, 42, 228, 102, 235, 178, 93, 112, 160, 241, 216, 105, 157, 205, 221, 74, 21, 185, 27, 100, 153, 12, 151, 64, 14, 97, 62, 116, 230, 45, 218, 140, 248, 73, 18, 187, 184, 233, 51, 117, 119, 136, 96, 246, 109, 245, 251, 133, 2, 52, 15, 196, 26, 146, 91, 234, 31, 203, 60, 255, 72, 23, 107, 226, 134, 10, 76, 22, 41, 32, 5, 253, 4, 220, 48, 232, 6, 231, 9, 0, 40, 165, 175, 197, 138, 57, 229, 

Нелінійність  = 96 

Алгебраїчний імунітет  = 3 

Дельта-рівномірність  = 10 

Лінійна збитковість = 0 



121, 155, 33, 163, 124, 95, 185, 99, 171, 65, 100, 179, 77, 83, 189, 168, 174, 122, 169, 150, 160, 143, 62, 82, 188, 207, 91, 191, 111, 212, 35, 213, 110, 136, 85, 51, 88, 2, 230, 87, 107, 94, 68, 227, 201, 129, 162, 105, 164, 243, 84, 221, 32, 220, 38, 140, 184, 127, 149, 208, 22, 165, 116, 118, 148, 180, 27, 145, 113, 156, 3, 54, 246, 119, 9, 92, 97, 12, 223, 219, 197, 206, 25, 200, 176, 115, 254, 146, 154, 14, 152, 135, 232, 55, 138, 253, 41, 103, 56, 134, 141, 28, 202, 133, 128, 198, 70, 76, 178, 214, 157, 52, 182, 215, 93, 205, 193, 195, 247, 0, 228, 49, 16, 170, 161, 183, 131, 203, 81, 153, 222, 123, 166, 57, 250, 89, 241, 50, 44, 39, 199, 90, 242, 137, 120, 60, 190, 216, 23, 43, 112, 58, 186, 53, 158, 69, 11, 233, 59, 102, 96, 13, 117, 211, 79, 196, 66, 63, 224, 61, 217, 20, 210, 151, 104, 125, 114, 37, 42, 238, 6, 177, 36, 73, 252, 130, 17, 15, 204, 109, 173, 132, 187, 175, 72, 30, 239, 108, 240, 237, 139, 48, 167, 26, 234, 40, 78, 74, 159, 64, 229, 235, 248, 172, 34, 71, 67, 86, 226, 126, 98, 249, 24, 10, 4, 1, 194, 29, 231, 18, 5, 19, 46, 7, 236, 142, 209, 181, 45, 192, 47, 31, 255, 21, 245, 225, 101, 244, 80, 144, 218, 106, 75, 8, 147, 251, 

Нелінійність  = 96 

Алгебраїчний імунітет  = 3 

Дельта-рівномірність  = 12 

Лінійна збитковість = 0 



119, 149, 226, 217, 240, 224, 225, 24, 136, 153, 177, 102, 5, 138, 249, 195, 32, 8, 236, 13, 189, 206, 239, 15, 215, 213, 1, 192, 209, 150, 144, 61, 219, 31, 253, 159, 141, 123, 57, 80, 137, 44, 183, 70, 134, 58, 158, 145, 198, 161, 147, 173, 109, 212, 211, 38, 93, 48, 59, 231, 165, 164, 83, 110, 190, 43, 245, 52, 2, 174, 176, 199, 98, 157, 222, 203, 131, 210, 63, 79, 139, 90, 6, 151, 87, 254, 248, 186, 85, 218, 18, 20, 108, 76, 26, 179, 100, 66, 238, 103, 129, 163, 196, 216, 22, 135, 229, 237, 162, 191, 143, 41, 230, 205, 64, 197, 166, 99, 74, 107, 51, 45, 242, 235, 111, 207, 16, 247, 42, 47, 50, 255, 67, 28, 142, 54, 182, 187, 0, 55, 40, 72, 114, 68, 11, 214, 168, 204, 19, 106, 221, 75, 34, 140, 121, 30, 117, 241, 21, 243, 17, 53, 155, 77, 169, 86, 126, 148, 127, 69, 133, 170, 82, 180, 232, 175, 10, 73, 94, 60, 46, 208, 172, 250, 95, 220, 223, 89, 128, 9, 181, 37, 201, 184, 112, 160, 71, 36, 62, 12, 84, 185, 171, 91, 233, 146, 178, 227, 130, 120, 194, 27, 116, 105, 251, 125, 193, 39, 56, 244, 65, 152, 122, 96, 35, 7, 246, 29, 49, 154, 81, 78, 234, 23, 104, 3, 25, 101, 167, 132, 200, 252, 97, 118, 14, 113, 92, 33, 188, 124, 202, 4, 115, 88, 228, 156, 

Нелінійність  = 96 

Алгебраїчний імунітет  = 3 

Дельта-рівномірність  = 12 

Лінійна збитковість = 0 



188, 40, 161, 11, 216, 162, 117, 101, 159, 186, 211, 171, 119, 70, 177, 127, 47, 95, 189, 4, 199, 169, 220, 167, 79, 239, 228, 28, 81, 86, 34, 104, 187, 200, 131, 184, 244, 151, 2, 133, 248, 231, 5, 61, 57, 21, 157, 138, 191, 246, 204, 42, 100, 197, 207, 46, 251, 114, 116, 63, 89, 185, 172, 24, 153, 249, 18, 141, 181, 192, 149, 190, 238, 48, 175, 135, 203, 23, 107, 19, 25, 247, 12, 41, 213, 233, 44, 76, 30, 158, 67, 143, 103, 210, 240, 173, 208, 215, 82, 106, 152, 118, 36, 178, 124, 146, 226, 14, 99, 120, 98, 58, 242, 38, 255, 195, 140, 88, 253, 77, 205, 37, 78, 51, 166, 222, 214, 125, 165, 147, 164, 64, 62, 137, 17, 132, 236, 1, 93, 97, 50, 49, 182, 193, 112, 121, 183, 219, 54, 111, 65, 16, 130, 176, 83, 22, 206, 29, 84, 148, 126, 150, 144, 128, 223, 53, 113, 59, 102, 10, 229, 15, 56, 243, 110, 136, 254, 212, 0, 20, 227, 224, 209, 156, 123, 234, 142, 154, 33, 8, 168, 129, 252, 241, 250, 69, 122, 9, 160, 68, 43, 174, 115, 170, 179, 225, 108, 52, 218, 7, 237, 72, 73, 92, 26, 155, 201, 85, 75, 198, 230, 221, 217, 194, 87, 32, 235, 35, 134, 71, 232, 55, 163, 91, 80, 94, 6, 45, 27, 39, 3, 196, 145, 96, 109, 90, 74, 245, 66, 31, 105, 13, 180, 202, 139, 60, 

Нелінійність  = 96 

Алгебраїчний імунітет  = 3 

Дельта-рівномірність  = 12 

Лінійна збитковість = 0 



213, 238, 252, 228, 76, 20, 177, 223, 210, 37, 188, 95, 221, 0, 28, 171, 160, 81, 9, 179, 89, 121, 138, 18, 5, 225, 203, 147, 42, 198, 131, 82, 180, 251, 195, 101, 174, 98, 130, 205, 63, 13, 176, 72, 144, 207, 65, 199, 74, 214, 73, 24, 123, 80, 175, 6, 104, 109, 156, 212, 145, 153, 233, 162, 136, 185, 193, 117, 167, 253, 219, 29, 91, 126, 3, 204, 50, 67, 142, 234, 232, 229, 25, 255, 129, 134, 211, 114, 208, 216, 4, 32, 92, 113, 38, 47, 68, 202, 48, 200, 90, 71, 14, 45, 137, 111, 182, 161, 248, 94, 33, 215, 31, 237, 64, 178, 196, 241, 209, 197, 46, 154, 245, 16, 125, 8, 250, 230, 181, 172, 54, 124, 150, 107, 93, 75, 60, 192, 11, 97, 105, 23, 35, 183, 69, 217, 163, 100, 103, 61, 87, 166, 143, 120, 112, 12, 168, 201, 83, 70, 53, 84, 96, 88, 132, 135, 119, 102, 148, 17, 157, 40, 220, 43, 244, 133, 22, 15, 170, 226, 1, 152, 86, 218, 36, 2, 106, 59, 254, 99, 85, 164, 187, 184, 51, 239, 151, 235, 34, 231, 44, 110, 128, 224, 186, 189, 191, 139, 149, 140, 7, 30, 127, 66, 194, 27, 169, 41, 141, 222, 39, 190, 122, 155, 240, 246, 52, 165, 159, 56, 243, 173, 242, 116, 206, 247, 21, 146, 55, 58, 19, 26, 77, 49, 236, 158, 79, 78, 62, 118, 57, 115, 227, 249, 10, 108, 

Нелінійність  = 96 

Алгебраїчний імунітет  = 3 

Дельта-рівномірність  = 10 

Лінійна збитковість = 0 



3, 212, 236, 230, 123, 131, 133, 181, 29, 166, 109, 5, 205, 124, 7, 160, 35, 167, 105, 139, 186, 78, 195, 201, 174, 24, 73, 159, 179, 21, 108, 86, 106, 191, 158, 220, 18, 149, 51, 87, 114, 80, 13, 185, 52, 157, 187, 196, 77, 190, 142, 38, 44, 0, 32, 235, 248, 145, 209, 103, 207, 135, 12, 58, 14, 4, 45, 162, 182, 128, 223, 213, 40, 125, 88, 141, 16, 140, 219, 222, 96, 110, 84, 169, 79, 62, 178, 57, 81, 121, 71, 147, 210, 46, 180, 215, 143, 102, 22, 27, 255, 224, 241, 204, 203, 126, 170, 117, 144, 116, 198, 172, 19, 161, 208, 217, 237, 63, 192, 6, 152, 75, 39, 100, 118, 202, 251, 130, 193, 47, 2, 76, 227, 91, 134, 214, 23, 119, 218, 65, 72, 156, 168, 244, 61, 199, 232, 68, 107, 246, 101, 249, 49, 173, 155, 250, 42, 56, 137, 28, 127, 175, 171, 95, 188, 10, 194, 154, 93, 83, 183, 50, 148, 113, 233, 94, 150, 11, 112, 234, 176, 132, 189, 151, 55, 60, 15, 111, 225, 66, 37, 238, 74, 31, 26, 122, 8, 242, 20, 41, 216, 17, 226, 129, 104, 184, 197, 254, 164, 89, 229, 247, 70, 177, 59, 253, 240, 85, 243, 231, 97, 9, 98, 115, 146, 82, 252, 36, 1, 53, 69, 90, 64, 30, 138, 200, 228, 48, 136, 25, 54, 120, 43, 221, 99, 211, 165, 34, 92, 206, 67, 245, 33, 153, 239, 163, 

Нелінійність  = 96 

Алгебраїчний імунітет  = 3 

Дельта-рівномірність  = 10 

Лінійна збитковість = 0 



Час виконання: 224.627000 секунд

Блок з необхідними параметрами знайдено

Кількість виконаних ітерацій = 6 
_______________________________________________________________________________________________
