
Початкове число ітерацій = 50
N = 5
PSO S-boxes:
99, 124, 119, 123, 242, 107, 111, 197, 48, 1, 103, 43, 254, 215, 171, 118, 202, 130, 201, 125, 250, 89, 71, 240, 173, 212, 162, 175, 156, 164, 114, 192, 183, 253, 147, 38, 54, 63, 247, 204, 52, 165, 229, 241, 113, 216, 49, 21, 4, 199, 35, 195, 24, 150, 5, 154, 7, 18, 128, 226, 235, 39, 178, 117, 9, 131, 44, 26, 27, 110, 90, 160, 82, 59, 214, 179, 41, 227, 47, 132, 83, 209, 0, 237, 32, 252, 177, 91, 106, 203, 190, 57, 74, 76, 88, 207, 208, 239, 170, 251, 67, 77, 51, 133, 69, 249, 2, 127, 80, 60, 159, 168, 81, 163, 64, 143, 146, 157, 56, 245, 188, 182, 218, 33, 16, 255, 243, 210, 205, 12, 19, 236, 95, 151, 68, 23, 196, 167, 126, 61, 100, 93, 25, 115, 96, 129, 79, 220, 34, 42, 144, 136, 70, 238, 184, 20, 222, 94, 11, 219, 224, 50, 58, 10, 73, 6, 36, 92, 194, 211, 172, 98, 145, 149, 228, 121, 231, 200, 55, 109, 141, 213, 78, 169, 108, 86, 244, 234, 101, 122, 174, 8, 186, 120, 37, 46, 28, 166, 180, 198, 232, 221, 116, 31, 75, 189, 139, 138, 112, 62, 181, 102, 72, 3, 246, 14, 97, 53, 87, 185, 134, 193, 29, 158, 225, 248, 152, 17, 105, 217, 142, 148, 155, 30, 135, 233, 206, 85, 40, 223, 140, 161, 137, 13, 191, 230, 66, 104, 65, 153, 45, 15, 176, 84, 187, 22, 

Нелінійність  = 112 

Алгебраїчний імунітет  = 2 

Дельта-рівномірність  = 4 

Лінійна збитковість = 255 



99, 124, 119, 123, 242, 107, 111, 197, 48, 1, 103, 43, 254, 215, 171, 118, 202, 130, 201, 125, 250, 89, 71, 240, 173, 212, 162, 175, 156, 164, 114, 192, 183, 253, 147, 38, 54, 63, 204, 247, 52, 165, 229, 241, 113, 216, 49, 21, 4, 199, 35, 195, 24, 150, 5, 154, 7, 18, 128, 226, 235, 39, 178, 117, 9, 131, 44, 26, 27, 110, 90, 160, 82, 59, 214, 179, 41, 227, 47, 132, 83, 209, 0, 237, 32, 252, 177, 91, 106, 203, 190, 57, 74, 76, 88, 207, 208, 239, 170, 251, 67, 77, 51, 133, 69, 249, 2, 127, 80, 60, 159, 168, 81, 163, 64, 143, 146, 157, 56, 245, 188, 182, 218, 33, 16, 255, 243, 210, 205, 12, 19, 236, 95, 151, 68, 23, 196, 167, 126, 61, 100, 93, 25, 115, 96, 129, 79, 220, 34, 42, 144, 136, 70, 238, 184, 20, 222, 94, 11, 219, 224, 50, 58, 10, 73, 6, 36, 92, 194, 211, 172, 98, 145, 149, 228, 121, 231, 200, 55, 109, 141, 213, 78, 169, 108, 86, 244, 234, 101, 122, 174, 8, 186, 120, 37, 46, 28, 166, 180, 198, 232, 221, 116, 31, 75, 189, 139, 138, 112, 62, 181, 102, 72, 3, 246, 14, 97, 53, 87, 185, 134, 193, 29, 158, 225, 248, 152, 17, 105, 217, 142, 148, 155, 30, 135, 233, 206, 85, 40, 223, 140, 161, 137, 13, 191, 230, 66, 104, 65, 153, 45, 15, 176, 84, 187, 22, 

Нелінійність  = 110 

Алгебраїчний імунітет  = 2 

Дельта-рівномірність  = 6 

Лінійна збитковість = 126 



99, 124, 119, 123, 242, 107, 57, 201, 130, 1, 103, 43, 254, 72, 171, 112, 202, 48, 129, 125, 250, 89, 71, 240, 173, 212, 162, 21, 156, 44, 114, 192, 105, 253, 147, 38, 54, 31, 241, 211, 52, 247, 229, 249, 113, 216, 135, 175, 4, 199, 35, 195, 24, 150, 5, 154, 7, 18, 128, 226, 235, 39, 178, 117, 9, 131, 164, 26, 27, 110, 90, 160, 82, 59, 214, 179, 41, 227, 47, 132, 46, 209, 0, 237, 32, 252, 177, 91, 165, 203, 190, 111, 74, 76, 88, 207, 208, 239, 170, 251, 67, 77, 51, 133, 69, 83, 2, 127, 80, 60, 159, 168, 81, 163, 64, 143, 146, 157, 56, 245, 188, 182, 218, 33, 16, 255, 243, 210, 205, 12, 19, 236, 95, 151, 68, 23, 196, 167, 126, 61, 100, 93, 25, 115, 96, 197, 79, 220, 34, 42, 144, 136, 70, 238, 184, 20, 222, 94, 11, 219, 224, 50, 58, 10, 73, 6, 36, 92, 194, 217, 172, 98, 145, 149, 228, 121, 231, 200, 55, 109, 141, 213, 78, 169, 108, 86, 244, 234, 101, 122, 174, 8, 186, 120, 37, 246, 28, 166, 180, 198, 232, 221, 116, 63, 75, 189, 139, 138, 118, 62, 181, 102, 215, 3, 204, 14, 97, 53, 87, 185, 134, 193, 29, 158, 225, 248, 152, 17, 183, 49, 142, 148, 155, 30, 223, 233, 206, 85, 40, 15, 140, 161, 137, 13, 191, 230, 66, 104, 65, 153, 45, 187, 176, 84, 106, 22, 

Нелінійність  = 102 

Алгебраїчний імунітет  = 3 

Дельта-рівномірність  = 8 

Лінійна збитковість = 0 



100, 98, 151, 139, 176, 113, 89, 149, 93, 44, 105, 80, 239, 194, 141, 128, 160, 18, 168, 103, 232, 124, 90, 219, 157, 170, 46, 181, 184, 119, 126, 177, 199, 190, 110, 42, 62, 63, 136, 197, 61, 185, 235, 226, 127, 210, 60, 24, 70, 206, 47, 144, 45, 153, 54, 137, 218, 33, 118, 233, 179, 37, 116, 246, 11, 158, 59, 20, 161, 140, 97, 117, 34, 64, 214, 154, 50, 205, 86, 134, 108, 49, 8, 2, 57, 252, 131, 91, 123, 167, 150, 234, 78, 83, 148, 207, 171, 189, 192, 26, 82, 244, 52, 125, 230, 198, 188, 104, 25, 65, 138, 251, 69, 51, 12, 130, 142, 99, 27, 95, 193, 215, 213, 81, 101, 41, 5, 187, 228, 36, 29, 225, 75, 155, 68, 77, 186, 0, 174, 96, 3, 13, 21, 209, 159, 166, 255, 107, 15, 79, 132, 146, 55, 84, 38, 72, 200, 195, 23, 223, 169, 4, 40, 163, 87, 175, 94, 247, 114, 112, 66, 14, 122, 73, 43, 88, 19, 156, 243, 111, 133, 238, 6, 211, 48, 102, 231, 221, 58, 129, 196, 178, 164, 245, 1, 30, 216, 183, 254, 145, 201, 217, 39, 31, 85, 191, 120, 109, 16, 56, 180, 74, 240, 229, 236, 9, 143, 248, 237, 17, 253, 147, 71, 76, 162, 92, 203, 250, 22, 115, 28, 224, 53, 165, 220, 204, 67, 182, 173, 135, 7, 35, 241, 208, 249, 202, 222, 106, 172, 10, 152, 212, 121, 32, 227, 242, 

Нелінійність  = 94 

Алгебраїчний імунітет  = 3 

Дельта-рівномірність  = 10 

Лінійна збитковість = 0 



76, 138, 150, 94, 202, 96, 86, 180, 80, 24, 126, 44, 196, 184, 111, 142, 161, 127, 216, 137, 195, 73, 121, 181, 183, 224, 172, 155, 182, 167, 98, 199, 64, 213, 175, 31, 59, 75, 225, 148, 108, 159, 226, 191, 227, 166, 45, 83, 32, 204, 58, 200, 54, 134, 50, 128, 47, 74, 97, 170, 179, 65, 188, 115, 10, 162, 60, 186, 70, 92, 114, 168, 239, 207, 247, 193, 38, 99, 124, 234, 120, 189, 238, 8, 244, 220, 165, 112, 131, 84, 241, 41, 105, 69, 106, 18, 171, 209, 201, 242, 253, 48, 205, 130, 56, 243, 107, 37, 63, 101, 102, 149, 154, 194, 68, 82, 187, 79, 71, 197, 215, 173, 34, 88, 23, 57, 214, 210, 152, 233, 250, 85, 240, 160, 118, 11, 16, 169, 141, 6, 140, 1, 30, 190, 87, 100, 0, 192, 67, 230, 72, 145, 232, 12, 174, 66, 211, 13, 185, 157, 93, 255, 55, 113, 245, 147, 40, 77, 133, 219, 144, 26, 116, 129, 231, 136, 251, 53, 81, 122, 117, 15, 236, 156, 151, 20, 36, 5, 78, 254, 203, 90, 206, 221, 143, 89, 123, 104, 39, 222, 235, 237, 132, 158, 61, 119, 49, 42, 95, 249, 246, 3, 217, 91, 19, 164, 135, 14, 43, 208, 146, 27, 178, 9, 248, 17, 176, 51, 25, 229, 35, 103, 139, 252, 29, 109, 223, 21, 46, 52, 218, 198, 228, 62, 125, 28, 33, 2, 7, 4, 153, 22, 163, 212, 110, 177, 

Нелінійність  = 94 

Алгебраїчний імунітет  = 3 

Дельта-рівномірність  = 12 

Лінійна збитковість = 0 



Час виконання: 22.049000 секунд

Блок з необхідними параметрами знайдено

Кількість виконаних ітерацій = 2 
_______________________________________________________________________________________________
