
Початкове число ітерацій = 200
N = 20
PSO S-boxes:
99, 124, 119, 123, 242, 107, 111, 197, 48, 1, 103, 43, 254, 215, 171, 118, 202, 130, 201, 125, 250, 89, 71, 240, 173, 212, 162, 175, 156, 164, 114, 192, 183, 253, 147, 38, 54, 63, 247, 204, 52, 165, 229, 241, 113, 216, 49, 21, 4, 199, 35, 195, 24, 150, 5, 154, 7, 18, 128, 226, 235, 39, 178, 117, 9, 131, 44, 26, 27, 110, 90, 160, 82, 59, 214, 179, 41, 227, 47, 132, 83, 209, 0, 237, 32, 252, 177, 91, 106, 203, 190, 57, 74, 76, 88, 207, 208, 239, 170, 251, 67, 77, 51, 133, 69, 249, 2, 127, 80, 60, 159, 168, 81, 163, 64, 143, 146, 157, 56, 245, 188, 182, 218, 33, 16, 255, 243, 210, 205, 12, 19, 236, 95, 151, 68, 23, 196, 167, 126, 61, 100, 93, 25, 115, 96, 129, 79, 220, 34, 42, 144, 136, 70, 238, 184, 20, 222, 94, 11, 219, 224, 50, 58, 10, 73, 6, 36, 92, 194, 211, 172, 98, 145, 149, 228, 121, 231, 200, 55, 109, 141, 213, 78, 169, 108, 86, 244, 234, 101, 122, 174, 8, 186, 120, 37, 46, 28, 166, 180, 198, 232, 221, 116, 31, 75, 189, 139, 138, 112, 62, 181, 102, 72, 3, 246, 14, 97, 53, 87, 185, 134, 193, 29, 158, 225, 248, 152, 17, 105, 217, 142, 148, 155, 30, 135, 233, 206, 85, 40, 223, 140, 161, 137, 13, 191, 230, 66, 104, 65, 153, 45, 15, 176, 84, 187, 22, 

Нелінійність  = 112 

Алгебраїчний імунітет  = 2 

Дельта-рівномірність  = 4 

Лінійна збитковість = 255 



99, 124, 119, 123, 242, 107, 111, 197, 48, 1, 103, 43, 254, 215, 171, 118, 202, 130, 201, 125, 250, 89, 71, 240, 173, 212, 162, 175, 156, 164, 114, 192, 183, 253, 147, 38, 54, 63, 204, 247, 52, 165, 229, 241, 113, 216, 49, 21, 4, 199, 35, 195, 24, 150, 5, 154, 7, 18, 128, 226, 235, 39, 178, 117, 9, 131, 44, 26, 27, 110, 90, 160, 82, 59, 214, 179, 41, 227, 47, 132, 83, 209, 0, 237, 32, 252, 177, 91, 106, 203, 190, 57, 74, 76, 88, 207, 208, 239, 170, 251, 67, 77, 51, 133, 69, 249, 2, 127, 80, 60, 159, 168, 81, 163, 64, 143, 146, 157, 56, 245, 188, 182, 218, 33, 16, 255, 243, 210, 205, 12, 19, 236, 95, 151, 68, 23, 196, 167, 126, 61, 100, 93, 25, 115, 96, 129, 79, 220, 34, 42, 144, 136, 70, 238, 184, 20, 222, 94, 11, 219, 224, 50, 58, 10, 73, 6, 36, 92, 194, 211, 172, 98, 145, 149, 228, 121, 231, 200, 55, 109, 141, 213, 78, 169, 108, 86, 244, 234, 101, 122, 174, 8, 186, 120, 37, 46, 28, 166, 180, 198, 232, 221, 116, 31, 75, 189, 139, 138, 112, 62, 181, 102, 72, 3, 246, 14, 97, 53, 87, 185, 134, 193, 29, 158, 225, 248, 152, 17, 105, 217, 142, 148, 155, 30, 135, 233, 206, 85, 40, 223, 140, 161, 137, 13, 191, 230, 66, 104, 65, 153, 45, 15, 176, 84, 187, 22, 

Нелінійність  = 110 

Алгебраїчний імунітет  = 2 

Дельта-рівномірність  = 6 

Лінійна збитковість = 126 



99, 124, 119, 123, 242, 81, 57, 197, 48, 204, 103, 26, 254, 21, 171, 118, 202, 68, 201, 227, 250, 89, 34, 240, 173, 233, 162, 175, 156, 164, 114, 192, 105, 253, 230, 38, 54, 63, 23, 79, 52, 165, 229, 241, 113, 216, 49, 142, 209, 199, 35, 195, 24, 150, 5, 154, 7, 18, 128, 226, 235, 39, 178, 117, 9, 131, 44, 43, 27, 110, 90, 160, 82, 59, 214, 179, 41, 125, 47, 132, 83, 4, 0, 237, 32, 252, 177, 91, 106, 203, 190, 111, 74, 76, 88, 207, 208, 239, 170, 251, 67, 77, 51, 133, 69, 249, 2, 127, 80, 60, 159, 168, 107, 163, 64, 143, 146, 157, 56, 245, 188, 182, 218, 33, 16, 255, 243, 210, 205, 12, 19, 236, 95, 151, 130, 17, 196, 167, 126, 61, 100, 93, 25, 115, 96, 129, 206, 220, 71, 42, 144, 136, 70, 238, 184, 20, 222, 94, 11, 219, 224, 50, 58, 10, 73, 6, 36, 92, 194, 211, 172, 98, 145, 149, 228, 121, 231, 200, 55, 109, 141, 213, 78, 169, 108, 86, 244, 234, 101, 122, 174, 8, 186, 120, 37, 46, 28, 166, 180, 198, 232, 221, 116, 31, 75, 189, 139, 138, 112, 62, 181, 102, 72, 3, 246, 14, 97, 53, 87, 185, 134, 193, 29, 158, 225, 248, 152, 66, 183, 217, 215, 148, 155, 30, 135, 212, 223, 85, 40, 137, 140, 161, 104, 13, 191, 147, 84, 15, 65, 153, 45, 176, 187, 1, 22, 247, 

Нелінійність  = 102 

Алгебраїчний імунітет  = 3 

Дельта-рівномірність  = 8 

Лінійна збитковість = 0 



99, 124, 119, 123, 242, 107, 57, 201, 130, 1, 103, 43, 254, 153, 171, 112, 202, 48, 129, 125, 250, 89, 71, 240, 173, 212, 162, 21, 156, 44, 114, 251, 105, 253, 147, 38, 54, 63, 23, 237, 52, 22, 229, 249, 113, 216, 217, 175, 4, 199, 35, 195, 24, 150, 5, 154, 7, 18, 128, 226, 235, 39, 178, 117, 9, 131, 164, 26, 27, 110, 90, 160, 82, 59, 214, 179, 41, 227, 47, 132, 83, 209, 0, 141, 32, 252, 177, 91, 165, 203, 190, 111, 74, 76, 88, 207, 208, 239, 170, 192, 67, 77, 51, 133, 69, 241, 2, 127, 80, 60, 159, 168, 81, 163, 64, 143, 146, 157, 56, 245, 188, 182, 218, 33, 16, 255, 243, 210, 205, 12, 19, 236, 95, 151, 68, 3, 196, 167, 126, 61, 100, 93, 25, 115, 96, 197, 79, 220, 34, 42, 144, 136, 70, 238, 184, 20, 222, 94, 11, 219, 224, 50, 58, 10, 73, 6, 36, 92, 194, 211, 172, 98, 145, 149, 228, 121, 231, 200, 55, 109, 244, 213, 78, 169, 108, 86, 28, 234, 101, 122, 174, 8, 186, 120, 37, 46, 62, 166, 180, 198, 232, 221, 116, 31, 75, 189, 139, 138, 118, 72, 181, 102, 215, 30, 246, 14, 97, 53, 87, 185, 134, 193, 29, 158, 225, 248, 152, 17, 183, 49, 142, 148, 155, 187, 135, 233, 206, 85, 40, 223, 140, 161, 137, 13, 191, 230, 66, 104, 65, 84, 45, 15, 176, 247, 106, 204, 

Нелінійність  = 100 

Алгебраїчний імунітет  = 3 

Дельта-рівномірність  = 10 

Лінійна збитковість = 0 



99, 124, 119, 123, 242, 107, 111, 202, 80, 1, 103, 43, 254, 215, 171, 118, 197, 235, 201, 92, 250, 89, 71, 240, 173, 212, 224, 175, 156, 164, 114, 192, 183, 253, 48, 38, 54, 222, 63, 19, 52, 165, 229, 241, 113, 216, 49, 142, 145, 199, 35, 195, 24, 150, 5, 154, 7, 18, 128, 226, 130, 39, 178, 117, 9, 131, 44, 26, 27, 110, 90, 160, 82, 59, 214, 179, 41, 227, 47, 132, 83, 209, 0, 237, 32, 252, 177, 91, 106, 203, 190, 57, 74, 76, 88, 207, 208, 239, 170, 251, 67, 77, 51, 133, 69, 249, 2, 127, 147, 60, 159, 168, 81, 163, 64, 143, 146, 157, 56, 245, 188, 182, 218, 33, 16, 255, 243, 210, 205, 12, 98, 236, 95, 151, 68, 23, 196, 167, 126, 61, 100, 93, 25, 115, 96, 129, 79, 220, 34, 42, 144, 136, 70, 238, 184, 20, 186, 94, 11, 219, 15, 50, 58, 10, 73, 6, 36, 125, 194, 211, 172, 189, 4, 149, 228, 121, 231, 200, 55, 109, 141, 213, 78, 169, 108, 86, 244, 234, 101, 122, 174, 8, 14, 120, 37, 46, 28, 166, 180, 198, 232, 221, 116, 31, 75, 135, 139, 138, 112, 62, 181, 102, 72, 3, 246, 66, 97, 53, 87, 185, 134, 193, 29, 158, 225, 248, 152, 17, 105, 217, 21, 148, 155, 30, 153, 233, 206, 85, 40, 223, 140, 161, 137, 13, 191, 230, 204, 104, 65, 187, 45, 162, 176, 84, 247, 22, 

Нелінійність  = 100 

Алгебраїчний імунітет  = 2 

Дельта-рівномірність  = 8 

Лінійна збитковість = 0 



122, 255, 133, 125, 241, 204, 218, 33, 145, 215, 1, 159, 200, 190, 76, 48, 211, 184, 178, 61, 68, 8, 172, 118, 222, 154, 84, 210, 193, 56, 105, 175, 127, 249, 53, 96, 207, 185, 247, 187, 34, 134, 35, 183, 129, 194, 166, 243, 179, 65, 46, 36, 81, 208, 192, 69, 113, 117, 149, 225, 83, 39, 132, 197, 90, 5, 119, 102, 167, 80, 253, 37, 18, 23, 6, 73, 77, 22, 227, 99, 108, 124, 63, 32, 94, 251, 97, 100, 11, 147, 162, 19, 0, 242, 152, 24, 245, 109, 173, 72, 177, 223, 51, 38, 135, 216, 142, 40, 202, 57, 75, 201, 199, 74, 236, 31, 136, 47, 110, 168, 219, 21, 114, 87, 244, 181, 254, 64, 146, 188, 2, 92, 42, 121, 186, 155, 115, 16, 9, 198, 232, 25, 66, 41, 174, 176, 62, 13, 189, 49, 101, 111, 137, 164, 230, 248, 98, 148, 156, 91, 220, 10, 59, 67, 214, 52, 7, 79, 126, 107, 213, 45, 93, 191, 171, 224, 206, 85, 158, 50, 238, 29, 106, 252, 229, 195, 180, 112, 240, 95, 234, 153, 237, 104, 26, 20, 239, 58, 89, 71, 70, 88, 169, 143, 161, 139, 203, 228, 123, 233, 120, 196, 27, 163, 205, 246, 151, 130, 128, 165, 60, 30, 209, 212, 141, 250, 157, 226, 4, 140, 217, 116, 170, 54, 103, 15, 235, 12, 182, 43, 150, 221, 14, 231, 17, 3, 138, 55, 78, 44, 86, 160, 28, 144, 131, 82, 

Нелінійність  = 96 

Алгебраїчний імунітет  = 3 

Дельта-рівномірність  = 14 

Лінійна збитковість = 0 



50, 193, 153, 64, 108, 168, 113, 197, 72, 79, 116, 207, 127, 67, 225, 86, 53, 180, 130, 250, 134, 144, 230, 236, 182, 224, 238, 22, 69, 11, 16, 14, 143, 122, 87, 19, 188, 216, 213, 152, 88, 227, 129, 131, 45, 179, 43, 212, 183, 39, 104, 5, 120, 232, 234, 161, 58, 75, 219, 8, 126, 160, 62, 70, 165, 173, 240, 17, 145, 255, 112, 15, 89, 176, 10, 28, 102, 228, 164, 147, 246, 162, 135, 214, 136, 106, 220, 138, 151, 237, 223, 139, 41, 215, 55, 158, 198, 59, 141, 47, 23, 195, 184, 74, 221, 110, 208, 248, 217, 186, 204, 175, 82, 170, 92, 174, 99, 84, 247, 203, 254, 25, 140, 107, 105, 155, 149, 242, 34, 123, 211, 46, 40, 80, 181, 243, 154, 71, 96, 33, 56, 121, 66, 146, 202, 137, 185, 26, 233, 4, 52, 31, 77, 167, 94, 196, 49, 24, 148, 57, 21, 32, 60, 0, 42, 114, 157, 209, 91, 18, 93, 156, 128, 210, 101, 7, 118, 249, 38, 29, 150, 187, 83, 222, 163, 201, 191, 100, 190, 171, 103, 245, 95, 90, 119, 97, 218, 115, 132, 253, 63, 9, 98, 81, 205, 51, 133, 169, 235, 36, 65, 172, 178, 35, 30, 231, 76, 166, 199, 73, 1, 37, 54, 2, 189, 48, 78, 27, 6, 12, 239, 244, 206, 44, 241, 229, 159, 251, 117, 192, 3, 13, 125, 252, 20, 194, 61, 85, 124, 109, 68, 226, 200, 111, 177, 142, 

Нелінійність  = 96 

Алгебраїчний імунітет  = 3 

Дельта-рівномірність  = 12 

Лінійна збитковість = 0 



120, 136, 241, 60, 190, 46, 212, 144, 37, 147, 75, 184, 47, 65, 213, 149, 23, 155, 70, 245, 145, 17, 188, 133, 254, 187, 33, 224, 78, 63, 100, 177, 107, 86, 162, 130, 186, 229, 142, 148, 25, 173, 132, 255, 234, 8, 80, 111, 62, 66, 19, 216, 84, 29, 13, 206, 202, 12, 87, 252, 122, 42, 32, 189, 101, 11, 41, 209, 26, 4, 219, 5, 10, 129, 48, 109, 54, 243, 57, 236, 45, 79, 51, 89, 196, 153, 201, 124, 208, 179, 163, 126, 134, 110, 92, 125, 253, 205, 58, 218, 88, 223, 182, 217, 72, 215, 211, 40, 180, 91, 16, 128, 90, 56, 14, 35, 250, 28, 123, 178, 139, 198, 83, 52, 99, 157, 39, 199, 104, 74, 183, 151, 228, 15, 106, 116, 34, 1, 117, 195, 71, 171, 105, 203, 233, 181, 96, 0, 103, 9, 31, 200, 231, 143, 249, 168, 242, 20, 27, 248, 164, 3, 49, 55, 150, 207, 175, 76, 121, 2, 176, 246, 146, 238, 227, 93, 240, 81, 44, 36, 30, 141, 237, 127, 251, 50, 230, 244, 169, 221, 95, 247, 113, 166, 165, 194, 98, 131, 204, 38, 193, 115, 137, 154, 210, 43, 118, 222, 77, 82, 21, 174, 61, 220, 161, 67, 24, 59, 172, 170, 6, 167, 239, 152, 226, 192, 102, 69, 185, 235, 53, 114, 18, 159, 119, 108, 156, 22, 197, 140, 64, 68, 112, 7, 135, 138, 94, 225, 97, 73, 158, 191, 85, 232, 214, 160, 

Нелінійність  = 96 

Алгебраїчний імунітет  = 3 

Дельта-рівномірність  = 12 

Лінійна збитковість = 0 



122, 255, 133, 125, 241, 204, 218, 33, 145, 215, 1, 159, 200, 190, 76, 48, 211, 184, 178, 61, 68, 8, 172, 118, 222, 154, 84, 210, 193, 56, 105, 175, 127, 249, 53, 96, 207, 185, 247, 187, 34, 134, 35, 183, 129, 194, 166, 243, 179, 65, 46, 36, 81, 208, 192, 69, 113, 117, 149, 225, 83, 39, 132, 197, 90, 5, 119, 102, 167, 80, 253, 37, 18, 23, 6, 73, 77, 22, 227, 99, 108, 124, 63, 32, 94, 251, 97, 100, 11, 147, 162, 19, 0, 242, 152, 24, 245, 109, 173, 72, 177, 223, 51, 38, 135, 216, 142, 40, 202, 57, 75, 201, 199, 74, 236, 31, 136, 47, 110, 168, 219, 21, 114, 87, 244, 181, 254, 64, 146, 188, 2, 92, 42, 121, 186, 155, 115, 16, 9, 198, 232, 25, 66, 41, 174, 176, 62, 13, 189, 49, 101, 111, 137, 164, 230, 248, 98, 148, 156, 91, 220, 10, 59, 67, 214, 52, 7, 79, 126, 107, 213, 45, 93, 191, 171, 224, 206, 85, 158, 50, 238, 29, 106, 252, 229, 195, 180, 112, 240, 95, 234, 153, 237, 104, 26, 20, 239, 58, 89, 71, 70, 88, 169, 143, 161, 139, 203, 228, 123, 233, 120, 196, 27, 163, 205, 246, 151, 130, 128, 165, 60, 30, 209, 212, 141, 250, 157, 226, 4, 140, 217, 116, 170, 54, 103, 15, 235, 12, 182, 43, 150, 221, 14, 231, 17, 3, 138, 55, 78, 44, 86, 160, 28, 144, 131, 82, 

Нелінійність  = 96 

Алгебраїчний імунітет  = 3 

Дельта-рівномірність  = 14 

Лінійна збитковість = 0 



77, 76, 223, 110, 197, 216, 156, 237, 89, 87, 95, 247, 233, 119, 209, 147, 204, 176, 31, 131, 145, 221, 50, 201, 211, 4, 61, 186, 178, 219, 196, 217, 199, 44, 126, 146, 141, 43, 246, 177, 99, 227, 171, 200, 136, 175, 123, 11, 84, 206, 140, 72, 154, 166, 57, 111, 75, 168, 55, 250, 188, 210, 104, 162, 124, 30, 118, 132, 157, 135, 116, 51, 170, 54, 70, 125, 164, 32, 245, 142, 163, 130, 117, 229, 222, 148, 103, 3, 45, 34, 155, 215, 173, 189, 81, 228, 39, 218, 52, 208, 40, 86, 62, 53, 100, 47, 18, 7, 42, 122, 161, 67, 225, 137, 115, 202, 243, 143, 153, 68, 38, 194, 12, 27, 23, 236, 41, 56, 1, 59, 20, 98, 138, 134, 13, 105, 46, 234, 251, 88, 106, 73, 25, 203, 21, 66, 14, 33, 255, 212, 80, 69, 85, 48, 184, 128, 232, 169, 35, 121, 28, 82, 58, 187, 65, 71, 191, 29, 8, 167, 158, 112, 205, 238, 36, 93, 214, 127, 182, 109, 107, 129, 224, 193, 102, 15, 190, 63, 220, 254, 195, 19, 239, 144, 101, 230, 64, 22, 60, 240, 96, 179, 180, 235, 231, 172, 149, 248, 159, 2, 6, 92, 185, 113, 207, 78, 91, 49, 160, 192, 151, 165, 16, 120, 183, 74, 0, 198, 244, 242, 150, 90, 94, 26, 114, 79, 133, 83, 97, 37, 249, 226, 252, 241, 253, 9, 181, 152, 24, 108, 5, 10, 139, 213, 174, 17, 

Нелінійність  = 96 

Алгебраїчний імунітет  = 3 

Дельта-рівномірність  = 12 

Лінійна збитковість = 0 



61, 164, 227, 77, 31, 210, 160, 136, 89, 26, 152, 106, 155, 250, 237, 96, 140, 102, 236, 45, 194, 202, 201, 17, 97, 8, 149, 225, 205, 173, 43, 179, 206, 169, 167, 63, 170, 42, 79, 200, 100, 133, 126, 177, 32, 143, 38, 86, 88, 183, 50, 241, 186, 129, 21, 124, 159, 94, 66, 118, 176, 56, 123, 243, 127, 190, 172, 151, 54, 165, 28, 131, 83, 116, 168, 211, 150, 16, 196, 67, 156, 4, 115, 40, 75, 247, 228, 52, 121, 139, 125, 49, 36, 158, 144, 5, 251, 134, 180, 22, 119, 128, 14, 192, 162, 174, 246, 62, 230, 7, 87, 231, 24, 146, 76, 98, 229, 105, 188, 242, 92, 207, 27, 108, 68, 34, 244, 153, 254, 238, 1, 157, 178, 145, 154, 208, 2, 132, 65, 148, 91, 82, 51, 35, 90, 41, 19, 135, 73, 138, 81, 240, 189, 185, 197, 209, 184, 193, 103, 60, 53, 69, 191, 111, 187, 39, 13, 161, 199, 221, 85, 198, 104, 163, 226, 218, 219, 10, 223, 80, 72, 195, 141, 216, 74, 171, 220, 255, 217, 29, 253, 25, 33, 99, 59, 30, 12, 120, 142, 58, 37, 215, 245, 117, 11, 252, 64, 3, 182, 166, 46, 57, 213, 107, 20, 47, 248, 234, 101, 249, 147, 15, 84, 113, 130, 175, 6, 203, 232, 114, 181, 71, 112, 70, 78, 235, 239, 110, 233, 214, 222, 137, 55, 44, 18, 109, 23, 224, 204, 95, 212, 9, 93, 48, 122, 0, 

Нелінійність  = 96 

Алгебраїчний імунітет  = 3 

Дельта-рівномірність  = 10 

Лінійна збитковість = 0 



38, 251, 63, 3, 58, 48, 163, 75, 32, 68, 240, 25, 34, 246, 30, 77, 89, 73, 11, 208, 186, 244, 70, 104, 8, 66, 162, 233, 204, 132, 255, 195, 100, 84, 211, 69, 12, 15, 192, 170, 139, 97, 141, 118, 190, 51, 88, 164, 98, 206, 54, 5, 79, 123, 24, 156, 76, 128, 7, 40, 154, 65, 74, 172, 176, 237, 55, 245, 147, 188, 196, 86, 87, 21, 1, 219, 221, 145, 193, 229, 205, 168, 181, 29, 44, 146, 243, 159, 150, 72, 120, 169, 241, 127, 224, 46, 19, 102, 135, 71, 18, 155, 227, 108, 92, 161, 207, 6, 210, 182, 4, 83, 153, 45, 31, 64, 101, 152, 217, 56, 106, 130, 226, 136, 91, 105, 133, 99, 52, 214, 0, 67, 183, 236, 203, 249, 112, 167, 173, 20, 254, 50, 222, 110, 109, 242, 95, 42, 202, 178, 194, 16, 143, 218, 93, 2, 149, 166, 124, 212, 138, 223, 232, 185, 200, 14, 26, 37, 60, 94, 9, 238, 134, 137, 230, 62, 22, 213, 119, 140, 96, 225, 13, 165, 49, 53, 85, 157, 117, 116, 122, 235, 216, 215, 234, 142, 80, 114, 248, 175, 78, 151, 131, 35, 36, 10, 43, 191, 144, 158, 180, 33, 148, 201, 27, 189, 61, 129, 187, 220, 103, 231, 81, 121, 17, 113, 115, 252, 247, 198, 250, 174, 41, 28, 177, 47, 209, 59, 39, 111, 171, 23, 239, 82, 199, 90, 184, 125, 197, 253, 126, 160, 57, 179, 228, 107, 

Нелінійність  = 96 

Алгебраїчний імунітет  = 3 

Дельта-рівномірність  = 12 

Лінійна збитковість = 0 



161, 5, 141, 164, 62, 198, 1, 2, 211, 236, 4, 97, 14, 20, 59, 60, 49, 195, 235, 0, 117, 225, 131, 100, 254, 155, 93, 66, 13, 71, 181, 11, 149, 109, 91, 120, 187, 136, 18, 23, 68, 114, 163, 214, 185, 239, 209, 10, 134, 146, 111, 118, 156, 194, 143, 57, 65, 126, 44, 102, 113, 41, 31, 94, 22, 226, 56, 69, 151, 61, 47, 95, 21, 228, 238, 35, 74, 237, 38, 173, 55, 39, 40, 89, 224, 159, 87, 88, 8, 135, 144, 227, 45, 210, 204, 123, 125, 137, 142, 128, 222, 3, 104, 252, 26, 192, 98, 32, 189, 82, 212, 170, 213, 73, 177, 184, 175, 191, 251, 106, 79, 96, 17, 90, 50, 244, 188, 240, 16, 12, 229, 110, 9, 216, 167, 160, 84, 78, 178, 6, 153, 15, 7, 139, 150, 180, 250, 92, 232, 63, 124, 246, 140, 19, 205, 200, 67, 245, 112, 33, 37, 72, 122, 119, 162, 193, 182, 169, 70, 145, 129, 86, 54, 202, 152, 221, 52, 199, 115, 147, 107, 253, 30, 77, 138, 255, 242, 116, 196, 217, 249, 53, 231, 105, 206, 103, 183, 219, 218, 197, 230, 208, 24, 99, 28, 85, 248, 207, 27, 108, 43, 76, 80, 64, 186, 133, 233, 201, 42, 174, 75, 234, 215, 83, 172, 220, 48, 46, 241, 132, 168, 101, 148, 223, 203, 247, 121, 81, 58, 166, 36, 158, 157, 130, 51, 190, 176, 165, 171, 34, 127, 243, 25, 154, 29, 179, 

Нелінійність  = 96 

Алгебраїчний імунітет  = 3 

Дельта-рівномірність  = 12 

Лінійна збитковість = 0 



72, 67, 68, 107, 189, 235, 163, 243, 96, 102, 93, 224, 229, 101, 215, 152, 204, 222, 0, 131, 126, 244, 46, 193, 217, 64, 43, 187, 181, 228, 210, 221, 70, 6, 122, 164, 156, 39, 245, 172, 239, 237, 160, 192, 91, 167, 135, 9, 97, 207, 158, 50, 177, 203, 66, 145, 86, 194, 42, 254, 179, 240, 90, 38, 144, 208, 130, 117, 166, 139, 120, 59, 185, 53, 44, 115, 75, 150, 73, 143, 176, 116, 137, 227, 255, 129, 89, 47, 238, 3, 151, 242, 188, 209, 79, 231, 8, 214, 31, 200, 52, 87, 63, 230, 219, 11, 20, 213, 35, 170, 161, 108, 250, 132, 123, 212, 121, 140, 169, 36, 78, 196, 146, 25, 118, 232, 5, 28, 211, 220, 65, 112, 128, 45, 141, 119, 19, 32, 162, 92, 216, 69, 24, 218, 186, 54, 2, 76, 110, 241, 29, 56, 171, 14, 183, 147, 233, 182, 201, 103, 149, 81, 58, 246, 226, 82, 40, 17, 175, 159, 155, 114, 248, 251, 1, 125, 142, 74, 136, 197, 100, 133, 157, 109, 199, 94, 180, 198, 191, 80, 178, 16, 34, 234, 62, 12, 60, 48, 23, 27, 71, 85, 148, 124, 206, 168, 88, 225, 30, 22, 61, 165, 205, 154, 173, 13, 249, 247, 83, 98, 153, 104, 57, 49, 84, 4, 10, 77, 21, 252, 51, 33, 95, 202, 99, 37, 184, 18, 190, 195, 7, 138, 127, 134, 253, 236, 111, 174, 223, 55, 106, 113, 105, 26, 41, 15, 

Нелінійність  = 94 

Алгебраїчний імунітет  = 3 

Дельта-рівномірність  = 12 

Лінійна збитковість = 0 



242, 201, 159, 34, 75, 78, 207, 185, 225, 116, 94, 1, 140, 86, 232, 93, 209, 131, 165, 69, 177, 246, 194, 99, 171, 228, 70, 154, 199, 189, 80, 60, 250, 182, 144, 151, 241, 87, 100, 4, 183, 23, 252, 253, 25, 3, 179, 126, 68, 134, 195, 90, 218, 27, 57, 190, 222, 149, 143, 6, 184, 192, 198, 238, 55, 239, 114, 81, 254, 89, 36, 14, 37, 33, 56, 135, 213, 148, 203, 217, 124, 2, 88, 216, 113, 233, 255, 101, 146, 43, 142, 103, 188, 73, 175, 191, 123, 46, 84, 173, 247, 202, 214, 102, 138, 51, 166, 109, 119, 64, 145, 115, 244, 107, 163, 150, 193, 18, 221, 0, 136, 160, 17, 155, 62, 40, 223, 117, 49, 83, 229, 13, 118, 147, 54, 132, 7, 245, 226, 227, 63, 12, 161, 208, 9, 24, 121, 156, 48, 237, 157, 112, 235, 204, 15, 104, 71, 176, 67, 215, 219, 95, 120, 168, 79, 110, 251, 169, 22, 44, 122, 231, 197, 58, 76, 230, 139, 137, 97, 59, 128, 74, 186, 248, 11, 162, 66, 111, 133, 52, 19, 29, 42, 236, 98, 39, 10, 172, 181, 240, 45, 105, 206, 61, 16, 65, 85, 130, 205, 92, 47, 125, 167, 153, 180, 50, 243, 174, 127, 41, 234, 249, 152, 106, 28, 96, 196, 108, 38, 129, 5, 170, 26, 77, 178, 82, 31, 32, 20, 210, 21, 141, 91, 8, 158, 187, 72, 164, 211, 53, 35, 220, 30, 200, 224, 212, 

Нелінійність  = 94 

Алгебраїчний імунітет  = 3 

Дельта-рівномірність  = 12 

Лінійна збитковість = 0 



36, 6, 51, 87, 76, 66, 125, 175, 225, 16, 49, 89, 247, 194, 188, 150, 3, 58, 63, 177, 38, 132, 114, 1, 111, 31, 143, 253, 227, 13, 12, 29, 28, 219, 64, 232, 151, 186, 251, 85, 223, 160, 74, 72, 195, 235, 67, 122, 236, 33, 81, 165, 19, 147, 70, 202, 4, 61, 62, 106, 27, 196, 146, 211, 220, 35, 11, 228, 238, 39, 141, 233, 245, 96, 104, 166, 102, 119, 84, 207, 2, 252, 152, 97, 213, 130, 206, 210, 42, 168, 229, 139, 145, 116, 65, 173, 198, 82, 189, 0, 22, 95, 158, 155, 17, 10, 249, 79, 204, 201, 199, 57, 164, 90, 78, 52, 161, 86, 113, 23, 112, 124, 120, 191, 69, 154, 163, 107, 24, 243, 240, 234, 55, 75, 73, 230, 94, 44, 80, 41, 212, 242, 178, 208, 8, 254, 48, 46, 169, 108, 200, 21, 56, 100, 83, 77, 255, 231, 214, 172, 18, 126, 117, 53, 221, 99, 118, 131, 237, 135, 226, 246, 93, 129, 50, 241, 71, 179, 176, 149, 30, 88, 148, 115, 98, 37, 26, 123, 203, 47, 162, 174, 9, 68, 224, 205, 127, 187, 54, 218, 171, 183, 197, 244, 20, 209, 217, 105, 25, 140, 193, 133, 91, 159, 239, 43, 7, 136, 59, 153, 110, 128, 103, 34, 181, 222, 144, 5, 101, 45, 134, 248, 137, 156, 15, 190, 170, 192, 92, 215, 185, 167, 184, 109, 60, 40, 216, 14, 182, 138, 121, 180, 32, 142, 250, 157, 

Нелінійність  = 94 

Алгебраїчний імунітет  = 3 

Дельта-рівномірність  = 12 

Лінійна збитковість = 0 



12, 144, 226, 5, 219, 223, 153, 91, 123, 41, 157, 34, 88, 224, 242, 90, 33, 58, 169, 8, 93, 234, 250, 213, 21, 200, 134, 243, 211, 70, 163, 113, 237, 103, 148, 133, 229, 61, 16, 120, 177, 106, 85, 78, 7, 104, 68, 149, 164, 119, 62, 218, 239, 126, 43, 154, 208, 110, 1, 35, 69, 109, 80, 75, 215, 150, 190, 246, 94, 130, 4, 135, 131, 227, 195, 183, 189, 221, 249, 49, 132, 184, 182, 25, 115, 203, 225, 186, 102, 77, 99, 151, 29, 178, 165, 67, 238, 17, 152, 13, 92, 121, 19, 2, 156, 254, 52, 6, 205, 11, 56, 192, 158, 112, 82, 42, 108, 45, 240, 170, 0, 199, 247, 155, 63, 47, 217, 84, 187, 36, 81, 105, 139, 117, 162, 216, 87, 101, 138, 147, 54, 209, 214, 31, 51, 24, 74, 20, 181, 168, 185, 196, 201, 244, 10, 22, 116, 253, 176, 245, 76, 100, 23, 141, 37, 38, 194, 179, 172, 86, 48, 66, 235, 122, 175, 125, 193, 9, 248, 72, 241, 159, 191, 129, 46, 204, 136, 124, 89, 40, 231, 228, 251, 173, 230, 27, 26, 65, 59, 188, 128, 167, 50, 143, 15, 255, 53, 160, 98, 83, 79, 232, 14, 161, 252, 146, 202, 44, 3, 180, 28, 137, 95, 145, 60, 140, 30, 206, 212, 111, 142, 198, 222, 127, 96, 236, 55, 97, 57, 18, 171, 71, 174, 107, 64, 210, 118, 39, 166, 32, 233, 197, 73, 220, 207, 114, 

Нелінійність  = 94 

Алгебраїчний імунітет  = 3 

Дельта-рівномірність  = 12 

Лінійна збитковість = 0 



20, 181, 101, 143, 105, 6, 53, 91, 171, 141, 197, 116, 209, 80, 39, 34, 155, 137, 16, 126, 30, 252, 212, 254, 247, 11, 133, 58, 230, 54, 189, 232, 136, 188, 246, 198, 81, 127, 35, 123, 206, 222, 32, 203, 14, 115, 166, 220, 190, 3, 221, 38, 77, 170, 211, 227, 8, 70, 29, 69, 47, 158, 62, 153, 240, 46, 179, 139, 83, 18, 44, 142, 121, 67, 98, 37, 201, 151, 235, 79, 52, 219, 238, 89, 103, 120, 85, 112, 241, 244, 56, 117, 73, 27, 180, 4, 19, 88, 36, 97, 164, 66, 145, 165, 163, 17, 194, 5, 132, 186, 43, 111, 192, 86, 202, 13, 223, 144, 159, 93, 216, 191, 106, 156, 218, 182, 231, 76, 25, 75, 87, 168, 92, 108, 55, 21, 122, 217, 100, 104, 95, 175, 102, 96, 178, 84, 57, 161, 49, 176, 187, 210, 242, 177, 12, 233, 174, 41, 128, 224, 237, 78, 65, 42, 26, 245, 167, 234, 135, 82, 68, 249, 236, 64, 150, 131, 226, 138, 113, 119, 149, 40, 124, 173, 130, 118, 94, 59, 146, 24, 50, 250, 114, 110, 134, 2, 195, 33, 157, 185, 225, 243, 99, 10, 71, 61, 204, 147, 154, 22, 229, 193, 28, 228, 109, 72, 253, 251, 31, 184, 51, 160, 125, 48, 1, 214, 248, 162, 74, 152, 140, 196, 129, 199, 0, 9, 45, 208, 60, 215, 107, 23, 207, 205, 200, 239, 7, 213, 255, 63, 169, 148, 172, 90, 15, 183, 

Нелінійність  = 94 

Алгебраїчний імунітет  = 3 

Дельта-рівномірність  = 12 

Лінійна збитковість = 0 



241, 187, 173, 86, 78, 40, 4, 146, 44, 120, 239, 52, 248, 20, 219, 181, 199, 124, 214, 10, 224, 227, 14, 100, 61, 97, 83, 41, 37, 101, 3, 110, 175, 194, 115, 80, 30, 131, 159, 99, 67, 22, 166, 223, 165, 56, 123, 244, 1, 128, 79, 92, 151, 202, 24, 246, 191, 138, 155, 74, 249, 113, 148, 143, 45, 242, 38, 174, 228, 28, 0, 172, 133, 104, 53, 232, 39, 65, 217, 50, 90, 54, 203, 48, 176, 117, 200, 171, 107, 225, 71, 137, 250, 91, 35, 19, 82, 149, 220, 46, 55, 12, 153, 141, 192, 87, 230, 139, 98, 127, 103, 66, 29, 69, 6, 13, 93, 177, 26, 156, 126, 58, 129, 142, 198, 9, 235, 27, 130, 15, 21, 251, 119, 51, 112, 253, 161, 105, 108, 5, 70, 72, 42, 252, 140, 7, 89, 25, 23, 8, 122, 109, 36, 184, 95, 168, 136, 96, 207, 68, 215, 247, 43, 238, 81, 255, 193, 216, 170, 152, 243, 162, 60, 160, 164, 205, 2, 237, 254, 77, 212, 118, 111, 229, 17, 188, 116, 64, 121, 204, 221, 234, 190, 145, 157, 167, 132, 178, 18, 197, 31, 231, 195, 94, 222, 213, 210, 206, 150, 63, 134, 144, 245, 59, 186, 189, 218, 201, 88, 125, 208, 33, 236, 84, 185, 76, 226, 102, 62, 180, 47, 11, 49, 182, 179, 163, 158, 147, 135, 114, 240, 196, 211, 233, 85, 16, 106, 34, 154, 73, 169, 209, 183, 57, 75, 32, 

Нелінійність  = 94 

Алгебраїчний імунітет  = 3 

Дельта-рівномірність  = 12 

Лінійна збитковість = 0 



98, 10, 5, 215, 1, 58, 210, 82, 0, 237, 64, 226, 77, 181, 62, 166, 186, 32, 37, 89, 122, 150, 4, 184, 135, 218, 160, 126, 209, 198, 203, 146, 188, 53, 171, 223, 88, 151, 60, 80, 38, 123, 153, 162, 157, 113, 36, 178, 230, 54, 213, 254, 189, 79, 222, 234, 202, 228, 86, 190, 21, 242, 248, 208, 217, 121, 165, 103, 27, 250, 199, 167, 152, 105, 65, 195, 57, 129, 76, 90, 229, 112, 127, 139, 47, 196, 232, 182, 94, 158, 92, 173, 59, 69, 204, 187, 193, 145, 172, 252, 81, 16, 23, 71, 44, 101, 236, 6, 84, 128, 169, 2, 28, 168, 118, 35, 19, 132, 241, 251, 212, 42, 52, 201, 227, 15, 61, 31, 148, 174, 176, 245, 175, 191, 238, 163, 51, 114, 161, 134, 49, 14, 225, 39, 30, 8, 115, 131, 255, 179, 116, 87, 170, 24, 130, 102, 117, 142, 104, 177, 106, 133, 147, 211, 149, 108, 141, 156, 140, 143, 99, 91, 33, 34, 72, 26, 120, 144, 13, 235, 185, 224, 207, 97, 70, 246, 124, 50, 221, 66, 29, 17, 67, 253, 25, 155, 68, 180, 119, 125, 216, 46, 96, 154, 220, 12, 164, 45, 200, 244, 138, 240, 7, 83, 95, 78, 197, 48, 243, 233, 110, 239, 74, 43, 136, 73, 9, 219, 111, 75, 22, 85, 41, 231, 40, 206, 183, 247, 249, 93, 205, 63, 194, 192, 55, 107, 109, 137, 18, 3, 20, 11, 100, 159, 214, 56, 

Нелінійність  = 94 

Алгебраїчний імунітет  = 3 

Дельта-рівномірність  = 10 

Лінійна збитковість = 0 



Час виконання: 880.159000 секунд

Блок з необхідними параметрами знайдено

Кількість виконаних ітерацій = 4 
_______________________________________________________________________________________________
