
Початкове число ітерацій = 150
N = 40
PSO S-boxes:
99, 124, 119, 123, 242, 107, 111, 197, 48, 1, 103, 43, 254, 215, 171, 118, 202, 130, 201, 125, 250, 89, 71, 240, 173, 212, 162, 175, 156, 164, 114, 192, 183, 253, 147, 38, 54, 63, 247, 204, 52, 165, 229, 241, 113, 216, 49, 21, 4, 199, 35, 195, 24, 150, 5, 154, 7, 18, 128, 226, 235, 39, 178, 117, 9, 131, 44, 26, 27, 110, 90, 160, 82, 59, 214, 179, 41, 227, 47, 132, 83, 209, 0, 237, 32, 252, 177, 91, 106, 203, 190, 57, 74, 76, 88, 207, 208, 239, 170, 251, 67, 77, 51, 133, 69, 249, 2, 127, 80, 60, 159, 168, 81, 163, 64, 143, 146, 157, 56, 245, 188, 182, 218, 33, 16, 255, 243, 210, 205, 12, 19, 236, 95, 151, 68, 23, 196, 167, 126, 61, 100, 93, 25, 115, 96, 129, 79, 220, 34, 42, 144, 136, 70, 238, 184, 20, 222, 94, 11, 219, 224, 50, 58, 10, 73, 6, 36, 92, 194, 211, 172, 98, 145, 149, 228, 121, 231, 200, 55, 109, 141, 213, 78, 169, 108, 86, 244, 234, 101, 122, 174, 8, 186, 120, 37, 46, 28, 166, 180, 198, 232, 221, 116, 31, 75, 189, 139, 138, 112, 62, 181, 102, 72, 3, 246, 14, 97, 53, 87, 185, 134, 193, 29, 158, 225, 248, 152, 17, 105, 217, 142, 148, 155, 30, 135, 233, 206, 85, 40, 223, 140, 161, 137, 13, 191, 230, 66, 104, 65, 153, 45, 15, 176, 84, 187, 22, 

Нелінійність  = 112 

Алгебраїчний імунітет  = 2 

Дельта-рівномірність  = 4 

Лінійна збитковість = 255 



99, 124, 119, 123, 242, 107, 111, 197, 48, 1, 103, 43, 254, 215, 171, 118, 202, 130, 201, 125, 250, 89, 71, 240, 173, 212, 162, 175, 156, 164, 114, 192, 183, 253, 147, 38, 54, 63, 204, 247, 52, 165, 229, 241, 113, 216, 49, 21, 4, 199, 35, 195, 24, 150, 5, 154, 7, 18, 128, 226, 235, 39, 178, 117, 9, 131, 44, 26, 27, 110, 90, 160, 82, 59, 214, 179, 41, 227, 47, 132, 83, 209, 0, 237, 32, 252, 177, 91, 106, 203, 190, 57, 74, 76, 88, 207, 208, 239, 170, 251, 67, 77, 51, 133, 69, 249, 2, 127, 80, 60, 159, 168, 81, 163, 64, 143, 146, 157, 56, 245, 188, 182, 218, 33, 16, 255, 243, 210, 205, 12, 19, 236, 95, 151, 68, 23, 196, 167, 126, 61, 100, 93, 25, 115, 96, 129, 79, 220, 34, 42, 144, 136, 70, 238, 184, 20, 222, 94, 11, 219, 224, 50, 58, 10, 73, 6, 36, 92, 194, 211, 172, 98, 145, 149, 228, 121, 231, 200, 55, 109, 141, 213, 78, 169, 108, 86, 244, 234, 101, 122, 174, 8, 186, 120, 37, 46, 28, 166, 180, 198, 232, 221, 116, 31, 75, 189, 139, 138, 112, 62, 181, 102, 72, 3, 246, 14, 97, 53, 87, 185, 134, 193, 29, 158, 225, 248, 152, 17, 105, 217, 142, 148, 155, 30, 135, 233, 206, 85, 40, 223, 140, 161, 137, 13, 191, 230, 66, 104, 65, 153, 45, 15, 176, 84, 187, 22, 

Нелінійність  = 110 

Алгебраїчний імунітет  = 2 

Дельта-рівномірність  = 6 

Лінійна збитковість = 126 



99, 124, 119, 123, 242, 107, 111, 197, 48, 1, 103, 43, 254, 215, 171, 118, 202, 130, 201, 125, 250, 89, 71, 240, 173, 212, 162, 175, 156, 164, 114, 192, 183, 253, 147, 38, 54, 63, 228, 247, 52, 165, 229, 241, 113, 216, 49, 21, 4, 199, 35, 195, 24, 150, 5, 154, 7, 18, 128, 226, 235, 39, 178, 117, 9, 131, 44, 26, 27, 110, 90, 160, 82, 59, 214, 179, 41, 227, 47, 132, 83, 209, 0, 237, 32, 252, 177, 91, 106, 203, 190, 57, 74, 76, 88, 207, 208, 239, 170, 251, 67, 77, 51, 133, 69, 249, 2, 127, 80, 60, 159, 168, 81, 163, 64, 143, 146, 157, 56, 245, 188, 182, 218, 33, 16, 255, 243, 210, 205, 12, 19, 236, 95, 151, 68, 23, 196, 167, 126, 61, 100, 93, 25, 115, 96, 129, 79, 220, 34, 42, 144, 136, 70, 238, 184, 20, 222, 94, 11, 219, 224, 50, 58, 10, 73, 6, 36, 92, 194, 211, 172, 98, 145, 149, 28, 121, 231, 200, 55, 109, 141, 213, 78, 169, 108, 86, 244, 234, 101, 122, 174, 8, 186, 120, 37, 46, 152, 166, 180, 198, 232, 221, 116, 31, 75, 189, 139, 138, 112, 62, 181, 102, 72, 3, 246, 14, 97, 53, 87, 185, 134, 193, 29, 158, 225, 248, 135, 17, 105, 217, 142, 148, 155, 30, 84, 233, 206, 85, 40, 223, 140, 161, 137, 13, 191, 230, 66, 104, 65, 153, 45, 15, 176, 204, 187, 22, 

Нелінійність  = 106 

Алгебраїчний імунітет  = 2 

Дельта-рівномірність  = 6 

Лінійна збитковість = 3 



99, 124, 119, 123, 242, 107, 176, 197, 48, 1, 103, 43, 254, 215, 171, 157, 202, 130, 201, 125, 250, 89, 71, 240, 173, 212, 162, 175, 156, 164, 114, 192, 183, 253, 147, 38, 54, 63, 11, 57, 52, 165, 229, 241, 113, 216, 49, 131, 4, 199, 35, 195, 24, 150, 5, 154, 7, 18, 128, 226, 235, 39, 178, 117, 9, 21, 44, 26, 27, 110, 90, 160, 82, 59, 214, 179, 41, 227, 47, 132, 83, 209, 0, 237, 32, 252, 177, 91, 106, 203, 190, 111, 74, 76, 88, 207, 208, 239, 170, 251, 67, 77, 51, 133, 69, 249, 2, 127, 80, 60, 159, 168, 81, 163, 64, 143, 146, 118, 56, 245, 188, 182, 218, 33, 16, 255, 243, 210, 205, 12, 19, 236, 95, 151, 68, 23, 196, 167, 126, 61, 100, 93, 25, 115, 96, 129, 79, 220, 34, 42, 144, 136, 70, 238, 184, 20, 222, 94, 122, 219, 224, 50, 58, 10, 73, 6, 36, 92, 194, 211, 172, 98, 145, 149, 228, 121, 231, 200, 55, 109, 141, 213, 78, 169, 108, 86, 244, 234, 101, 102, 174, 8, 186, 120, 37, 46, 28, 166, 180, 198, 232, 221, 116, 31, 75, 189, 139, 138, 112, 62, 181, 185, 72, 3, 246, 14, 97, 53, 87, 17, 134, 193, 29, 158, 225, 248, 152, 22, 105, 217, 142, 148, 155, 30, 135, 233, 206, 85, 40, 223, 140, 161, 137, 13, 191, 230, 66, 104, 65, 153, 45, 15, 204, 84, 187, 247, 

Нелінійність  = 104 

Алгебраїчний імунітет  = 2 

Дельта-рівномірність  = 8 

Лінійна збитковість = 0 



99, 124, 139, 123, 242, 107, 111, 197, 147, 1, 195, 155, 254, 215, 171, 118, 202, 68, 201, 89, 119, 125, 71, 240, 173, 212, 162, 175, 156, 164, 114, 192, 178, 253, 132, 38, 54, 63, 136, 247, 52, 106, 229, 241, 113, 216, 49, 21, 66, 199, 35, 103, 24, 150, 5, 154, 7, 18, 128, 226, 235, 39, 183, 117, 9, 131, 44, 26, 27, 110, 90, 160, 82, 59, 214, 179, 41, 227, 47, 48, 83, 209, 0, 237, 32, 252, 177, 91, 165, 203, 190, 57, 74, 76, 88, 207, 208, 239, 170, 251, 67, 77, 51, 133, 69, 249, 2, 127, 80, 60, 159, 168, 81, 163, 64, 143, 146, 157, 56, 245, 188, 182, 218, 33, 16, 255, 243, 210, 205, 12, 19, 250, 95, 151, 130, 23, 196, 167, 126, 61, 100, 93, 25, 115, 96, 129, 79, 220, 34, 42, 144, 112, 70, 238, 184, 20, 222, 94, 11, 219, 224, 50, 58, 10, 73, 6, 36, 92, 194, 211, 172, 98, 145, 149, 228, 121, 231, 200, 55, 109, 141, 213, 78, 169, 108, 86, 244, 234, 101, 122, 174, 8, 186, 120, 37, 46, 28, 166, 180, 198, 232, 221, 116, 31, 75, 189, 236, 138, 85, 62, 181, 102, 72, 3, 246, 14, 97, 53, 87, 185, 134, 193, 29, 158, 225, 248, 152, 17, 105, 217, 142, 148, 43, 30, 135, 233, 206, 187, 40, 223, 140, 161, 137, 13, 191, 230, 4, 104, 65, 153, 45, 15, 176, 84, 204, 22, 

Нелінійність  = 104 

Алгебраїчний імунітет  = 2 

Дельта-рівномірність  = 8 

Лінійна збитковість = 0 



99, 124, 119, 123, 242, 107, 226, 197, 48, 1, 103, 43, 254, 215, 171, 118, 202, 130, 201, 125, 250, 89, 71, 240, 173, 212, 162, 175, 156, 164, 114, 192, 183, 253, 147, 38, 54, 63, 204, 92, 52, 165, 229, 241, 113, 216, 49, 36, 4, 199, 35, 195, 24, 150, 5, 154, 7, 18, 128, 93, 235, 39, 178, 117, 9, 131, 44, 26, 27, 110, 90, 160, 82, 59, 214, 179, 41, 227, 47, 132, 83, 209, 0, 237, 32, 252, 177, 91, 106, 203, 190, 57, 74, 76, 88, 207, 208, 239, 170, 251, 67, 77, 51, 133, 69, 249, 2, 127, 80, 60, 159, 168, 81, 163, 64, 143, 146, 145, 56, 245, 188, 182, 218, 33, 16, 255, 243, 210, 205, 12, 19, 236, 95, 151, 68, 23, 196, 167, 126, 61, 100, 244, 25, 115, 96, 129, 79, 220, 34, 42, 144, 136, 70, 238, 184, 20, 222, 94, 11, 219, 224, 50, 58, 10, 73, 6, 230, 121, 194, 211, 172, 98, 247, 149, 228, 86, 231, 200, 55, 109, 141, 213, 78, 169, 108, 102, 152, 234, 101, 17, 174, 8, 186, 120, 37, 46, 28, 166, 180, 198, 232, 221, 116, 31, 75, 189, 139, 138, 112, 62, 181, 13, 72, 3, 246, 14, 97, 53, 87, 134, 66, 193, 29, 158, 225, 248, 135, 142, 105, 217, 111, 148, 155, 30, 45, 233, 206, 85, 40, 223, 140, 161, 137, 21, 191, 157, 176, 104, 65, 153, 122, 15, 185, 84, 187, 22, 

Нелінійність  = 104 

Алгебраїчний імунітет  = 2 

Дельта-рівномірність  = 8 

Лінійна збитковість = 0 



99, 124, 119, 123, 242, 107, 111, 197, 48, 1, 103, 43, 254, 215, 171, 118, 202, 130, 201, 125, 250, 89, 71, 240, 173, 212, 162, 175, 156, 164, 114, 192, 183, 253, 147, 38, 54, 63, 26, 247, 52, 165, 229, 241, 113, 216, 49, 21, 4, 199, 35, 195, 24, 150, 5, 154, 7, 18, 128, 226, 235, 39, 178, 117, 9, 131, 44, 193, 27, 110, 90, 160, 82, 59, 214, 179, 41, 227, 47, 132, 83, 209, 0, 237, 32, 252, 177, 91, 106, 203, 190, 57, 74, 76, 88, 207, 208, 239, 170, 251, 67, 77, 51, 133, 69, 249, 2, 127, 80, 60, 159, 168, 81, 163, 64, 143, 146, 157, 56, 245, 188, 182, 218, 33, 16, 255, 243, 210, 205, 12, 19, 236, 95, 151, 68, 23, 196, 167, 126, 61, 100, 93, 25, 115, 96, 129, 79, 220, 34, 42, 144, 136, 70, 238, 184, 20, 222, 94, 11, 219, 224, 50, 58, 10, 73, 6, 36, 92, 194, 211, 172, 98, 145, 149, 176, 121, 231, 200, 55, 109, 141, 213, 78, 169, 108, 86, 244, 234, 101, 122, 174, 8, 186, 120, 37, 46, 112, 166, 180, 198, 232, 221, 116, 31, 75, 189, 139, 138, 3, 62, 181, 102, 72, 217, 246, 14, 97, 53, 87, 185, 134, 45, 29, 158, 225, 248, 148, 17, 105, 161, 142, 204, 155, 30, 228, 233, 206, 85, 40, 223, 140, 135, 137, 13, 191, 230, 66, 104, 65, 153, 28, 15, 84, 22, 187, 152, 

Нелінійність  = 104 

Алгебраїчний імунітет  = 2 

Дельта-рівномірність  = 8 

Лінійна збитковість = 0 



99, 124, 119, 123, 242, 107, 111, 197, 48, 1, 103, 43, 254, 215, 171, 118, 202, 130, 201, 125, 250, 89, 71, 240, 173, 212, 162, 175, 156, 164, 114, 192, 183, 253, 147, 38, 54, 63, 122, 247, 52, 165, 229, 241, 113, 216, 49, 21, 4, 199, 35, 195, 24, 150, 5, 154, 7, 18, 128, 226, 235, 39, 178, 117, 9, 131, 44, 26, 27, 110, 90, 160, 82, 59, 214, 179, 41, 227, 47, 132, 83, 209, 0, 237, 32, 252, 177, 91, 106, 203, 190, 57, 74, 76, 88, 207, 208, 239, 170, 251, 67, 77, 51, 133, 69, 249, 2, 127, 80, 60, 159, 168, 81, 163, 64, 143, 146, 157, 56, 245, 188, 182, 218, 33, 16, 255, 243, 210, 205, 12, 19, 236, 95, 151, 68, 23, 196, 167, 126, 61, 100, 93, 25, 115, 96, 129, 79, 220, 34, 42, 144, 136, 70, 238, 184, 20, 222, 94, 11, 219, 224, 50, 58, 10, 73, 6, 36, 92, 194, 211, 172, 98, 145, 149, 189, 121, 231, 200, 55, 109, 141, 213, 78, 169, 108, 86, 244, 234, 101, 204, 174, 8, 186, 120, 37, 46, 75, 166, 180, 198, 232, 221, 116, 31, 155, 181, 139, 138, 112, 62, 30, 102, 72, 3, 246, 14, 97, 53, 87, 185, 134, 193, 29, 158, 225, 248, 45, 17, 105, 217, 142, 148, 140, 22, 15, 233, 206, 85, 40, 223, 84, 161, 137, 13, 191, 230, 66, 104, 65, 153, 135, 28, 176, 152, 187, 228, 

Нелінійність  = 104 

Алгебраїчний імунітет  = 2 

Дельта-рівномірність  = 8 

Лінійна збитковість = 0 



99, 124, 119, 123, 242, 107, 111, 197, 48, 1, 103, 43, 254, 215, 171, 118, 202, 130, 201, 125, 250, 89, 71, 240, 173, 212, 162, 175, 156, 164, 114, 192, 183, 253, 147, 38, 54, 63, 236, 247, 52, 165, 229, 241, 113, 216, 49, 21, 4, 199, 35, 195, 24, 150, 5, 154, 7, 18, 128, 226, 235, 39, 178, 117, 9, 131, 44, 26, 27, 110, 90, 160, 82, 59, 214, 179, 41, 227, 47, 132, 83, 209, 0, 237, 32, 252, 177, 91, 106, 203, 190, 57, 74, 76, 88, 207, 208, 239, 170, 251, 67, 77, 51, 133, 69, 249, 2, 127, 80, 60, 159, 168, 81, 163, 64, 143, 146, 157, 56, 245, 188, 182, 218, 33, 16, 255, 243, 210, 205, 12, 19, 101, 95, 151, 68, 23, 196, 167, 126, 61, 100, 93, 25, 115, 96, 129, 79, 220, 34, 42, 144, 136, 70, 238, 184, 20, 222, 94, 11, 219, 224, 50, 58, 10, 73, 6, 36, 92, 194, 211, 172, 98, 145, 149, 228, 121, 231, 200, 55, 109, 141, 213, 78, 169, 108, 86, 244, 234, 223, 122, 174, 8, 186, 120, 37, 46, 112, 166, 180, 198, 232, 221, 116, 31, 75, 189, 139, 138, 152, 62, 181, 102, 72, 3, 246, 14, 97, 53, 87, 185, 134, 193, 29, 158, 225, 248, 66, 17, 105, 217, 142, 148, 155, 30, 161, 233, 206, 85, 40, 176, 140, 45, 137, 13, 191, 230, 84, 104, 65, 153, 15, 28, 135, 22, 187, 204, 

Нелінійність  = 104 

Алгебраїчний імунітет  = 2 

Дельта-рівномірність  = 6 

Лінійна збитковість = 0 



99, 124, 119, 123, 242, 107, 111, 197, 48, 1, 103, 43, 254, 215, 171, 118, 202, 130, 201, 125, 250, 89, 71, 240, 173, 212, 162, 175, 156, 164, 114, 192, 183, 253, 147, 38, 54, 63, 180, 247, 52, 165, 229, 241, 113, 216, 49, 21, 4, 199, 35, 195, 24, 150, 5, 154, 7, 18, 128, 226, 235, 39, 178, 117, 9, 131, 44, 26, 27, 110, 90, 160, 82, 59, 214, 179, 41, 227, 47, 132, 83, 209, 0, 237, 32, 252, 177, 91, 106, 203, 190, 57, 74, 76, 88, 207, 208, 239, 170, 251, 67, 77, 51, 133, 69, 249, 2, 127, 80, 60, 159, 168, 81, 163, 64, 143, 146, 157, 56, 245, 188, 182, 218, 33, 16, 255, 243, 210, 205, 12, 19, 236, 95, 151, 68, 23, 196, 167, 126, 61, 100, 93, 25, 115, 96, 129, 79, 220, 34, 42, 144, 136, 70, 238, 184, 20, 222, 94, 11, 219, 224, 50, 58, 10, 73, 6, 36, 92, 194, 211, 172, 98, 145, 149, 217, 121, 231, 200, 55, 109, 141, 213, 78, 169, 108, 86, 244, 234, 101, 122, 174, 8, 186, 120, 37, 46, 45, 166, 139, 198, 232, 221, 116, 31, 75, 189, 14, 138, 112, 62, 181, 102, 72, 3, 246, 17, 97, 53, 87, 185, 134, 193, 29, 158, 225, 248, 142, 191, 105, 28, 153, 148, 155, 30, 230, 233, 206, 85, 40, 223, 140, 161, 137, 13, 84, 104, 66, 22, 65, 135, 176, 15, 152, 228, 187, 204, 

Нелінійність  = 104 

Алгебраїчний імунітет  = 2 

Дельта-рівномірність  = 8 

Лінійна збитковість = 0 



99, 124, 119, 123, 242, 107, 111, 197, 48, 1, 103, 43, 254, 215, 171, 118, 202, 130, 201, 125, 250, 89, 71, 240, 173, 212, 162, 175, 156, 164, 114, 192, 183, 253, 147, 38, 54, 63, 204, 247, 52, 165, 229, 241, 113, 216, 49, 21, 4, 199, 35, 195, 24, 150, 5, 154, 7, 18, 128, 226, 235, 39, 178, 117, 9, 131, 44, 26, 27, 110, 90, 160, 82, 59, 214, 179, 41, 227, 47, 132, 83, 209, 0, 237, 32, 252, 177, 91, 106, 203, 190, 57, 74, 76, 88, 207, 208, 239, 170, 251, 67, 77, 51, 133, 69, 249, 2, 127, 80, 60, 159, 168, 81, 163, 64, 143, 146, 157, 56, 245, 188, 182, 218, 33, 16, 255, 243, 210, 205, 12, 19, 236, 95, 151, 68, 23, 196, 167, 126, 61, 100, 93, 25, 115, 96, 129, 79, 220, 34, 42, 144, 136, 70, 238, 184, 20, 222, 94, 11, 219, 224, 50, 58, 10, 73, 6, 36, 92, 194, 211, 172, 98, 145, 149, 148, 121, 231, 200, 55, 109, 141, 213, 78, 169, 108, 86, 244, 234, 101, 122, 174, 8, 186, 120, 37, 46, 28, 166, 180, 198, 232, 221, 116, 31, 75, 189, 139, 138, 112, 62, 181, 102, 72, 3, 246, 14, 97, 53, 87, 185, 134, 193, 29, 158, 225, 248, 176, 17, 105, 217, 142, 140, 155, 30, 22, 233, 206, 85, 40, 223, 66, 161, 137, 13, 191, 230, 153, 104, 65, 152, 45, 15, 187, 84, 228, 135, 

Нелінійність  = 104 

Алгебраїчний імунітет  = 2 

Дельта-рівномірність  = 6 

Лінійна збитковість = 0 



122, 124, 250, 123, 214, 107, 36, 197, 48, 14, 103, 43, 254, 215, 171, 118, 202, 235, 201, 227, 119, 136, 71, 54, 173, 212, 162, 175, 156, 164, 114, 192, 183, 253, 147, 38, 240, 63, 243, 190, 52, 165, 229, 141, 113, 216, 49, 21, 4, 199, 35, 195, 24, 150, 5, 154, 7, 18, 128, 226, 130, 39, 178, 117, 9, 131, 44, 26, 27, 110, 90, 160, 82, 59, 242, 179, 41, 89, 47, 132, 83, 209, 0, 237, 32, 252, 177, 91, 106, 203, 76, 57, 74, 98, 88, 207, 208, 239, 170, 251, 67, 77, 51, 133, 69, 249, 2, 127, 80, 60, 159, 168, 81, 163, 64, 143, 146, 157, 56, 245, 188, 182, 218, 33, 16, 255, 222, 210, 205, 12, 19, 236, 95, 151, 68, 23, 196, 167, 126, 61, 100, 93, 25, 115, 96, 129, 79, 220, 34, 42, 144, 125, 70, 238, 184, 20, 194, 94, 11, 219, 224, 50, 58, 10, 73, 6, 111, 92, 204, 211, 172, 75, 145, 149, 228, 121, 231, 200, 55, 109, 241, 213, 78, 169, 108, 86, 244, 234, 101, 99, 174, 8, 186, 120, 37, 46, 28, 166, 180, 198, 232, 221, 116, 31, 176, 189, 139, 138, 112, 62, 181, 102, 72, 3, 246, 1, 97, 53, 87, 185, 134, 193, 29, 158, 225, 248, 152, 17, 105, 217, 142, 148, 155, 30, 135, 233, 206, 85, 40, 223, 140, 161, 137, 13, 191, 230, 66, 104, 65, 153, 45, 15, 84, 247, 187, 22, 

Нелінійність  = 104 

Алгебраїчний імунітет  = 3 

Дельта-рівномірність  = 8 

Лінійна збитковість = 0 



99, 124, 119, 123, 242, 107, 57, 201, 130, 1, 103, 43, 254, 72, 171, 112, 202, 48, 129, 125, 250, 89, 71, 240, 173, 212, 162, 21, 156, 44, 114, 192, 105, 253, 147, 38, 54, 31, 216, 236, 52, 204, 229, 249, 113, 189, 217, 175, 4, 199, 35, 195, 24, 150, 5, 154, 7, 18, 128, 226, 235, 39, 178, 117, 9, 131, 164, 26, 27, 110, 90, 160, 82, 59, 214, 179, 41, 227, 47, 132, 83, 209, 0, 237, 32, 252, 177, 91, 165, 203, 190, 111, 74, 76, 88, 207, 208, 239, 170, 251, 67, 77, 51, 133, 69, 241, 2, 127, 80, 60, 159, 168, 81, 163, 64, 143, 146, 157, 56, 245, 188, 182, 218, 33, 16, 255, 243, 210, 205, 12, 19, 58, 95, 151, 68, 23, 196, 167, 126, 61, 100, 93, 25, 115, 96, 197, 79, 220, 34, 42, 144, 136, 70, 238, 184, 20, 222, 94, 11, 219, 224, 50, 187, 10, 73, 6, 36, 92, 194, 211, 172, 98, 145, 149, 228, 121, 231, 200, 55, 109, 141, 213, 78, 169, 108, 86, 244, 234, 101, 122, 174, 8, 186, 120, 37, 46, 28, 166, 180, 198, 232, 221, 116, 63, 75, 22, 139, 138, 118, 62, 181, 102, 215, 3, 246, 14, 97, 53, 87, 185, 134, 193, 29, 158, 225, 248, 152, 17, 183, 49, 142, 148, 155, 30, 135, 233, 206, 85, 40, 223, 140, 161, 137, 13, 191, 230, 66, 104, 65, 153, 45, 15, 176, 84, 106, 247, 

Нелінійність  = 102 

Алгебраїчний імунітет  = 3 

Дельта-рівномірність  = 8 

Лінійна збитковість = 0 



99, 124, 119, 123, 242, 107, 111, 202, 80, 1, 103, 43, 254, 215, 171, 118, 197, 235, 201, 92, 250, 89, 71, 240, 173, 212, 224, 175, 156, 164, 114, 192, 183, 253, 48, 38, 54, 233, 63, 19, 52, 165, 229, 241, 113, 216, 49, 142, 145, 199, 35, 195, 24, 150, 5, 154, 7, 18, 128, 226, 130, 39, 178, 117, 9, 131, 44, 26, 27, 110, 90, 160, 82, 59, 214, 179, 41, 227, 47, 132, 83, 209, 0, 237, 32, 252, 177, 91, 106, 203, 190, 57, 74, 76, 88, 207, 208, 239, 170, 251, 67, 77, 51, 133, 69, 249, 2, 127, 147, 60, 159, 168, 81, 163, 64, 143, 146, 157, 56, 245, 188, 182, 218, 33, 16, 255, 243, 210, 205, 12, 248, 236, 95, 151, 68, 23, 196, 167, 126, 61, 100, 93, 25, 115, 96, 129, 79, 220, 34, 42, 144, 136, 70, 238, 184, 20, 222, 94, 11, 219, 15, 50, 58, 10, 73, 6, 36, 125, 194, 211, 172, 98, 4, 149, 228, 121, 231, 200, 55, 109, 141, 213, 78, 169, 108, 86, 244, 234, 101, 122, 174, 8, 186, 120, 37, 46, 28, 166, 180, 198, 232, 221, 116, 31, 75, 189, 139, 138, 112, 62, 181, 102, 72, 3, 246, 14, 97, 53, 87, 185, 134, 193, 29, 158, 225, 104, 152, 17, 105, 217, 21, 148, 155, 30, 135, 84, 206, 85, 40, 223, 140, 161, 137, 13, 191, 230, 66, 247, 65, 153, 45, 162, 176, 204, 187, 22, 

Нелінійність  = 102 

Алгебраїчний імунітет  = 2 

Дельта-рівномірність  = 8 

Лінійна збитковість = 0 



99, 124, 119, 123, 242, 81, 57, 197, 48, 187, 103, 26, 254, 21, 171, 118, 202, 68, 201, 125, 250, 89, 34, 240, 173, 233, 162, 175, 156, 164, 114, 192, 105, 253, 230, 38, 54, 63, 189, 79, 52, 165, 25, 241, 113, 216, 49, 142, 209, 199, 35, 195, 24, 150, 5, 154, 7, 18, 128, 226, 235, 39, 178, 117, 9, 131, 44, 43, 27, 110, 90, 160, 82, 59, 214, 179, 41, 227, 47, 132, 83, 4, 0, 237, 32, 252, 177, 91, 106, 203, 190, 111, 74, 76, 88, 207, 208, 239, 170, 251, 67, 77, 51, 133, 69, 249, 2, 127, 80, 60, 159, 168, 107, 163, 64, 143, 146, 157, 56, 245, 188, 182, 218, 33, 204, 255, 243, 210, 205, 12, 19, 236, 95, 151, 130, 23, 196, 167, 126, 61, 100, 93, 229, 115, 96, 129, 16, 220, 71, 42, 144, 136, 70, 238, 184, 20, 222, 94, 11, 219, 224, 50, 58, 10, 73, 6, 36, 92, 194, 211, 172, 98, 145, 149, 228, 121, 231, 200, 55, 109, 141, 213, 78, 169, 108, 86, 244, 234, 101, 122, 174, 8, 186, 120, 37, 46, 28, 166, 180, 198, 232, 221, 116, 31, 75, 87, 139, 138, 112, 62, 181, 102, 72, 3, 246, 14, 97, 53, 248, 185, 134, 193, 29, 158, 225, 135, 152, 17, 183, 217, 215, 148, 155, 30, 85, 212, 206, 15, 40, 223, 140, 161, 137, 13, 191, 147, 66, 104, 65, 153, 45, 84, 176, 1, 247, 22, 

Нелінійність  = 102 

Алгебраїчний імунітет  = 3 

Дельта-рівномірність  = 8 

Лінійна збитковість = 0 



99, 124, 119, 207, 242, 107, 57, 197, 192, 1, 103, 249, 254, 215, 126, 118, 202, 68, 201, 75, 250, 89, 71, 240, 173, 212, 162, 175, 156, 164, 102, 48, 178, 253, 147, 151, 234, 63, 224, 229, 52, 10, 143, 241, 113, 183, 217, 21, 4, 199, 35, 195, 24, 150, 5, 154, 7, 18, 128, 226, 235, 39, 216, 117, 9, 131, 44, 26, 27, 110, 90, 160, 82, 59, 214, 179, 41, 227, 47, 132, 83, 209, 0, 237, 32, 252, 177, 91, 106, 203, 190, 111, 74, 76, 88, 123, 208, 239, 170, 251, 67, 77, 51, 133, 69, 43, 2, 127, 80, 60, 159, 168, 81, 163, 64, 109, 146, 157, 56, 245, 188, 182, 218, 33, 16, 255, 243, 210, 205, 12, 19, 236, 95, 38, 130, 23, 196, 167, 171, 61, 100, 93, 25, 115, 96, 129, 79, 220, 34, 42, 144, 136, 70, 238, 184, 20, 222, 94, 11, 219, 73, 50, 58, 165, 206, 6, 36, 92, 194, 211, 172, 98, 145, 149, 228, 121, 231, 200, 55, 141, 248, 213, 78, 169, 108, 86, 244, 54, 101, 122, 174, 8, 186, 120, 37, 46, 28, 166, 180, 198, 232, 221, 116, 31, 125, 189, 139, 138, 112, 62, 181, 114, 72, 3, 246, 14, 97, 53, 87, 185, 134, 193, 29, 158, 225, 187, 152, 17, 105, 49, 142, 148, 155, 30, 135, 233, 45, 85, 40, 223, 140, 161, 137, 13, 191, 230, 66, 104, 65, 153, 22, 15, 176, 84, 247, 204, 

Нелінійність  = 102 

Алгебраїчний імунітет  = 3 

Дельта-рівномірність  = 8 

Лінійна збитковість = 0 



99, 124, 250, 123, 242, 107, 111, 197, 48, 1, 103, 155, 254, 215, 171, 118, 62, 130, 201, 125, 119, 89, 71, 240, 173, 233, 162, 175, 156, 164, 114, 192, 178, 253, 147, 38, 54, 63, 79, 58, 52, 165, 229, 241, 113, 33, 49, 21, 4, 199, 35, 195, 24, 150, 5, 154, 7, 18, 128, 226, 235, 39, 183, 117, 9, 131, 44, 26, 27, 110, 90, 160, 82, 59, 214, 179, 41, 227, 47, 132, 83, 209, 0, 237, 32, 252, 177, 91, 106, 203, 190, 57, 74, 76, 88, 207, 208, 239, 170, 251, 67, 77, 51, 133, 69, 249, 2, 127, 80, 60, 159, 168, 81, 163, 64, 143, 46, 157, 56, 245, 188, 182, 218, 216, 16, 255, 243, 210, 205, 12, 19, 236, 95, 151, 68, 23, 196, 167, 126, 61, 100, 93, 25, 115, 96, 129, 146, 220, 34, 42, 144, 136, 70, 238, 184, 20, 222, 94, 11, 219, 224, 50, 14, 10, 73, 6, 36, 92, 194, 211, 172, 98, 145, 149, 228, 121, 231, 200, 55, 109, 141, 213, 78, 169, 108, 86, 244, 234, 101, 122, 174, 8, 186, 120, 37, 29, 28, 166, 180, 198, 232, 221, 116, 31, 75, 189, 139, 138, 112, 202, 181, 102, 72, 3, 246, 40, 97, 53, 87, 185, 134, 193, 152, 158, 225, 248, 206, 17, 105, 217, 142, 148, 43, 30, 135, 212, 247, 85, 230, 223, 140, 161, 137, 13, 191, 45, 66, 104, 65, 153, 187, 15, 176, 84, 204, 22, 

Нелінійність  = 102 

Алгебраїчний імунітет  = 2 

Дельта-рівномірність  = 10 

Лінійна збитковість = 0 



99, 212, 119, 123, 242, 107, 111, 197, 48, 215, 103, 43, 156, 32, 171, 118, 202, 235, 201, 227, 250, 89, 54, 240, 173, 124, 162, 175, 254, 164, 114, 241, 183, 253, 132, 38, 71, 163, 85, 255, 52, 165, 229, 141, 113, 216, 49, 21, 4, 199, 35, 195, 24, 150, 5, 154, 7, 18, 128, 226, 130, 39, 178, 117, 9, 131, 44, 26, 27, 110, 90, 160, 82, 59, 214, 179, 41, 125, 47, 172, 83, 209, 0, 237, 1, 252, 177, 91, 106, 203, 104, 57, 74, 76, 88, 207, 208, 239, 170, 251, 67, 77, 51, 133, 69, 249, 2, 127, 80, 60, 159, 168, 81, 63, 64, 143, 146, 157, 56, 245, 188, 182, 218, 33, 16, 204, 243, 210, 205, 12, 19, 236, 95, 151, 68, 23, 196, 167, 126, 61, 100, 93, 25, 115, 96, 129, 79, 220, 34, 42, 144, 136, 70, 238, 184, 20, 222, 94, 11, 219, 224, 50, 58, 10, 73, 6, 36, 92, 194, 211, 147, 98, 145, 149, 228, 121, 231, 200, 55, 109, 192, 213, 78, 169, 108, 86, 244, 234, 101, 122, 174, 8, 186, 120, 37, 46, 28, 166, 180, 198, 232, 221, 116, 31, 75, 189, 139, 138, 112, 62, 181, 102, 72, 3, 246, 14, 97, 53, 87, 185, 134, 193, 29, 158, 225, 248, 152, 17, 105, 217, 142, 148, 155, 30, 135, 233, 206, 190, 40, 223, 140, 161, 137, 13, 191, 230, 66, 84, 65, 153, 45, 15, 176, 22, 187, 247, 

Нелінійність  = 102 

Алгебраїчний імунітет  = 2 

Дельта-рівномірність  = 8 

Лінійна збитковість = 0 



39, 124, 119, 250, 128, 147, 57, 197, 48, 215, 103, 46, 153, 16, 171, 118, 212, 130, 201, 125, 189, 89, 71, 240, 173, 202, 162, 175, 91, 164, 114, 192, 183, 191, 107, 38, 54, 63, 21, 232, 52, 165, 229, 241, 113, 216, 49, 188, 4, 199, 35, 195, 24, 150, 5, 154, 7, 18, 223, 226, 235, 99, 178, 117, 9, 131, 44, 26, 27, 110, 90, 160, 82, 59, 214, 179, 41, 227, 47, 132, 83, 209, 0, 237, 32, 252, 177, 156, 106, 203, 190, 111, 74, 76, 88, 207, 208, 239, 170, 251, 67, 77, 51, 133, 69, 249, 2, 127, 80, 60, 159, 168, 81, 163, 64, 143, 146, 157, 56, 245, 244, 182, 218, 33, 1, 255, 243, 210, 205, 12, 19, 236, 95, 151, 68, 23, 196, 167, 126, 61, 100, 93, 25, 115, 96, 129, 79, 220, 34, 42, 144, 136, 70, 238, 184, 20, 222, 94, 11, 219, 224, 50, 58, 10, 73, 6, 36, 92, 194, 211, 172, 98, 145, 149, 228, 121, 231, 200, 55, 109, 141, 213, 78, 169, 108, 86, 135, 234, 101, 122, 174, 8, 186, 120, 37, 43, 28, 166, 180, 198, 247, 221, 116, 31, 75, 123, 139, 138, 112, 62, 181, 102, 72, 3, 246, 14, 97, 53, 87, 185, 134, 193, 29, 158, 225, 248, 152, 17, 105, 217, 142, 148, 155, 30, 206, 233, 230, 85, 40, 242, 140, 161, 137, 13, 253, 187, 66, 104, 65, 254, 45, 15, 176, 84, 204, 22, 

Нелінійність  = 102 

Алгебраїчний імунітет  = 3 

Дельта-рівномірність  = 8 

Лінійна збитковість = 0 



99, 124, 119, 123, 128, 205, 57, 197, 48, 1, 97, 171, 254, 215, 43, 162, 202, 130, 201, 75, 236, 89, 59, 240, 24, 212, 118, 175, 156, 164, 114, 65, 183, 253, 147, 38, 71, 63, 245, 223, 52, 106, 229, 241, 113, 216, 49, 21, 4, 199, 35, 195, 173, 150, 5, 154, 7, 18, 242, 226, 235, 39, 178, 117, 9, 131, 44, 26, 27, 110, 90, 160, 82, 54, 214, 179, 41, 227, 47, 132, 83, 209, 0, 237, 32, 252, 177, 91, 165, 203, 190, 111, 74, 76, 88, 207, 208, 239, 170, 251, 67, 77, 51, 133, 69, 249, 2, 127, 80, 60, 159, 168, 81, 163, 64, 143, 146, 157, 56, 230, 188, 182, 218, 33, 16, 255, 243, 210, 107, 12, 19, 250, 95, 151, 68, 23, 196, 167, 126, 61, 100, 93, 25, 115, 96, 129, 79, 220, 34, 42, 144, 125, 70, 238, 184, 20, 222, 94, 11, 219, 224, 50, 58, 10, 73, 6, 36, 92, 194, 211, 172, 98, 145, 149, 228, 121, 231, 200, 55, 109, 141, 213, 78, 169, 108, 86, 244, 234, 101, 122, 174, 8, 186, 120, 37, 46, 28, 166, 180, 198, 232, 221, 116, 31, 136, 189, 139, 138, 112, 62, 181, 102, 72, 3, 246, 14, 103, 53, 87, 185, 134, 193, 29, 158, 225, 248, 152, 17, 105, 217, 142, 148, 155, 30, 135, 233, 206, 85, 40, 140, 153, 161, 137, 13, 191, 204, 66, 104, 192, 187, 45, 15, 176, 84, 247, 22, 

Нелінійність  = 102 

Алгебраїчний імунітет  = 3 

Дельта-рівномірність  = 10 

Лінійна збитковість = 0 



170, 124, 119, 123, 128, 147, 111, 206, 130, 1, 195, 43, 254, 215, 171, 118, 202, 113, 201, 125, 250, 89, 221, 240, 173, 212, 162, 175, 120, 44, 114, 251, 183, 253, 107, 38, 42, 63, 248, 79, 52, 165, 229, 241, 48, 216, 49, 21, 4, 199, 35, 103, 24, 150, 5, 154, 7, 18, 242, 226, 235, 39, 178, 117, 9, 131, 148, 26, 27, 110, 90, 160, 82, 59, 214, 179, 41, 227, 47, 132, 83, 209, 0, 237, 32, 252, 177, 91, 106, 203, 190, 57, 74, 76, 88, 207, 208, 239, 99, 192, 67, 77, 51, 133, 69, 249, 2, 127, 80, 60, 159, 168, 81, 163, 64, 143, 146, 157, 56, 245, 188, 182, 218, 33, 16, 255, 243, 210, 205, 12, 19, 236, 95, 151, 68, 23, 196, 167, 126, 61, 100, 93, 25, 115, 96, 129, 30, 220, 34, 54, 144, 136, 70, 238, 184, 20, 222, 94, 11, 219, 224, 50, 58, 10, 73, 6, 36, 92, 194, 211, 172, 98, 145, 149, 228, 121, 231, 200, 55, 109, 141, 213, 78, 169, 108, 86, 244, 234, 101, 122, 174, 8, 186, 156, 37, 46, 28, 166, 180, 198, 232, 71, 116, 31, 75, 189, 139, 138, 112, 62, 181, 102, 72, 3, 246, 14, 97, 53, 87, 185, 134, 193, 29, 158, 225, 204, 152, 17, 105, 217, 142, 164, 155, 135, 45, 233, 197, 85, 40, 223, 140, 161, 137, 13, 191, 230, 66, 104, 65, 153, 15, 247, 176, 84, 187, 22, 

Нелінійність  = 102 

Алгебраїчний імунітет  = 3 

Дельта-рівномірність  = 8 

Лінійна збитковість = 0 



99, 124, 250, 123, 42, 107, 111, 197, 48, 1, 103, 155, 254, 121, 171, 157, 202, 130, 201, 125, 119, 89, 71, 240, 173, 212, 162, 175, 156, 164, 114, 192, 183, 253, 147, 38, 54, 63, 205, 13, 40, 165, 229, 241, 113, 33, 49, 21, 4, 199, 35, 195, 24, 150, 5, 154, 7, 18, 128, 226, 235, 39, 178, 117, 9, 131, 44, 26, 27, 110, 90, 160, 82, 59, 214, 179, 41, 227, 47, 132, 83, 209, 0, 237, 32, 252, 177, 91, 106, 203, 190, 57, 74, 76, 88, 207, 208, 239, 170, 251, 67, 77, 51, 133, 69, 249, 2, 127, 80, 60, 159, 168, 81, 163, 64, 143, 146, 118, 56, 245, 188, 182, 218, 216, 16, 255, 243, 210, 6, 12, 19, 236, 95, 151, 68, 23, 196, 167, 126, 61, 100, 93, 25, 115, 96, 129, 79, 220, 34, 242, 144, 136, 70, 238, 184, 20, 222, 94, 11, 219, 224, 50, 58, 10, 73, 37, 36, 92, 194, 211, 172, 98, 145, 149, 228, 215, 231, 200, 55, 109, 141, 213, 78, 169, 108, 86, 244, 234, 101, 122, 174, 8, 186, 120, 53, 46, 28, 166, 180, 198, 232, 221, 116, 31, 75, 189, 139, 138, 112, 62, 181, 102, 72, 3, 246, 14, 97, 233, 87, 185, 134, 193, 29, 158, 225, 248, 152, 17, 105, 217, 142, 148, 43, 30, 135, 140, 206, 85, 52, 223, 204, 161, 137, 15, 191, 230, 66, 104, 65, 153, 45, 22, 176, 84, 187, 247, 

Нелінійність  = 102 

Алгебраїчний імунітет  = 2 

Дельта-рівномірність  = 8 

Лінійна збитковість = 0 



99, 124, 236, 123, 242, 107, 111, 197, 80, 1, 171, 155, 254, 121, 103, 118, 202, 130, 201, 125, 250, 89, 71, 240, 173, 212, 224, 175, 156, 164, 216, 192, 183, 191, 147, 38, 54, 31, 68, 220, 52, 10, 229, 141, 113, 114, 49, 21, 4, 199, 35, 195, 24, 150, 5, 154, 7, 18, 128, 226, 235, 39, 178, 117, 9, 131, 44, 26, 27, 110, 90, 160, 82, 59, 214, 179, 41, 227, 47, 132, 83, 209, 0, 237, 32, 252, 177, 91, 106, 203, 190, 57, 74, 76, 88, 207, 208, 239, 170, 251, 67, 77, 51, 133, 69, 249, 2, 127, 48, 60, 159, 168, 81, 163, 64, 143, 146, 157, 56, 245, 188, 182, 218, 33, 16, 255, 243, 210, 205, 12, 19, 119, 95, 151, 53, 23, 196, 167, 126, 61, 100, 93, 25, 115, 96, 129, 79, 217, 34, 42, 144, 136, 70, 238, 184, 20, 222, 94, 11, 219, 162, 50, 58, 165, 73, 6, 36, 92, 194, 211, 172, 98, 145, 149, 228, 215, 231, 200, 55, 109, 241, 213, 78, 169, 108, 86, 244, 234, 101, 122, 174, 8, 186, 120, 37, 46, 28, 166, 180, 198, 232, 221, 116, 63, 75, 189, 139, 138, 112, 62, 181, 102, 72, 3, 246, 14, 97, 134, 87, 185, 135, 193, 29, 158, 225, 248, 152, 17, 105, 22, 142, 148, 43, 30, 176, 233, 206, 85, 40, 223, 140, 161, 137, 13, 253, 230, 66, 104, 65, 153, 45, 15, 84, 247, 187, 204, 

Нелінійність  = 102 

Алгебраїчний імунітет  = 3 

Дельта-рівномірність  = 8 

Лінійна збитковість = 0 



170, 124, 119, 123, 242, 205, 57, 197, 162, 1, 171, 43, 254, 21, 103, 118, 202, 66, 101, 125, 250, 89, 71, 240, 173, 212, 90, 175, 200, 114, 104, 192, 167, 253, 147, 38, 54, 63, 3, 108, 52, 165, 229, 241, 113, 216, 49, 215, 4, 199, 35, 195, 24, 150, 5, 154, 7, 18, 128, 226, 235, 39, 178, 117, 9, 131, 44, 26, 27, 110, 48, 160, 82, 59, 214, 179, 41, 227, 47, 132, 83, 209, 0, 237, 32, 252, 177, 91, 106, 203, 190, 111, 74, 76, 88, 207, 208, 239, 99, 251, 67, 77, 51, 133, 69, 249, 2, 127, 80, 60, 159, 168, 81, 163, 64, 143, 146, 157, 56, 245, 188, 182, 218, 33, 16, 255, 243, 210, 107, 12, 19, 236, 95, 151, 68, 23, 196, 183, 126, 61, 100, 93, 25, 115, 96, 129, 79, 220, 34, 42, 144, 136, 70, 238, 184, 20, 222, 94, 11, 219, 206, 50, 58, 10, 73, 6, 36, 92, 194, 211, 172, 98, 145, 149, 228, 121, 231, 156, 55, 109, 141, 213, 78, 169, 224, 86, 244, 234, 201, 122, 174, 8, 186, 120, 37, 46, 28, 166, 180, 198, 232, 221, 116, 31, 75, 189, 139, 138, 112, 62, 181, 102, 72, 248, 246, 14, 97, 53, 87, 185, 134, 193, 29, 158, 225, 130, 152, 17, 105, 217, 142, 148, 155, 30, 135, 233, 161, 85, 40, 223, 140, 65, 137, 13, 191, 230, 22, 164, 176, 153, 45, 15, 187, 84, 247, 204, 

Нелінійність  = 102 

Алгебраїчний імунітет  = 3 

Дельта-рівномірність  = 8 

Лінійна збитковість = 0 



99, 124, 236, 123, 242, 6, 111, 197, 48, 1, 103, 43, 254, 32, 171, 157, 202, 141, 201, 105, 250, 89, 221, 240, 173, 212, 162, 175, 156, 164, 102, 192, 238, 253, 132, 208, 54, 31, 68, 227, 52, 165, 229, 241, 113, 33, 49, 21, 4, 199, 35, 195, 24, 150, 5, 154, 7, 18, 128, 226, 235, 39, 178, 117, 9, 131, 44, 26, 27, 110, 90, 160, 82, 59, 214, 179, 41, 125, 47, 147, 83, 209, 0, 237, 215, 252, 177, 91, 106, 203, 190, 57, 74, 76, 88, 207, 38, 239, 170, 251, 67, 77, 51, 133, 69, 249, 2, 127, 80, 60, 159, 168, 81, 163, 64, 143, 146, 118, 56, 245, 188, 182, 218, 216, 16, 255, 243, 210, 205, 12, 19, 119, 95, 151, 130, 23, 196, 167, 126, 61, 100, 93, 25, 115, 96, 129, 79, 220, 34, 42, 144, 136, 70, 183, 184, 20, 222, 94, 11, 219, 224, 50, 58, 10, 73, 107, 36, 92, 194, 211, 172, 98, 145, 149, 228, 121, 231, 200, 55, 109, 161, 213, 78, 169, 108, 86, 244, 234, 101, 122, 174, 8, 186, 120, 37, 46, 28, 166, 180, 198, 232, 71, 116, 63, 75, 189, 139, 138, 112, 62, 181, 114, 72, 3, 246, 14, 97, 53, 87, 185, 134, 193, 29, 158, 225, 248, 152, 17, 233, 217, 142, 148, 155, 30, 135, 191, 206, 85, 40, 223, 140, 15, 137, 13, 65, 230, 66, 104, 84, 153, 45, 22, 176, 247, 187, 204, 

Нелінійність  = 102 

Алгебраїчний імунітет  = 2 

Дельта-рівномірність  = 8 

Лінійна збитковість = 0 



99, 124, 119, 123, 42, 147, 111, 197, 107, 1, 171, 155, 254, 215, 103, 118, 202, 130, 201, 125, 250, 89, 71, 54, 173, 212, 162, 175, 156, 164, 114, 192, 183, 253, 199, 38, 240, 63, 211, 255, 52, 165, 229, 241, 113, 33, 217, 131, 4, 48, 35, 195, 24, 150, 5, 154, 7, 18, 128, 226, 235, 39, 178, 117, 9, 21, 44, 26, 27, 110, 90, 160, 82, 59, 214, 179, 41, 227, 47, 132, 83, 209, 0, 237, 32, 252, 177, 91, 106, 203, 190, 57, 74, 76, 88, 207, 208, 239, 170, 251, 67, 77, 51, 133, 69, 249, 2, 127, 80, 60, 159, 168, 81, 163, 64, 143, 146, 157, 56, 245, 188, 182, 218, 216, 16, 25, 243, 210, 205, 12, 19, 236, 95, 151, 68, 23, 196, 167, 126, 61, 100, 93, 22, 115, 96, 129, 79, 220, 34, 242, 144, 136, 70, 238, 184, 20, 222, 94, 11, 219, 224, 50, 58, 10, 73, 6, 36, 92, 194, 72, 172, 98, 145, 149, 228, 121, 231, 200, 55, 109, 141, 213, 78, 169, 108, 86, 244, 234, 101, 122, 174, 8, 186, 120, 37, 46, 28, 166, 180, 198, 232, 221, 116, 31, 75, 189, 139, 138, 112, 62, 181, 102, 3, 142, 246, 14, 97, 53, 87, 185, 134, 193, 29, 158, 225, 248, 152, 17, 105, 49, 247, 148, 43, 30, 135, 233, 206, 85, 40, 223, 140, 161, 137, 13, 191, 230, 66, 104, 65, 153, 45, 15, 176, 84, 187, 204, 

Нелінійність  = 102 

Алгебраїчний імунітет  = 2 

Дельта-рівномірність  = 8 

Лінійна збитковість = 0 



99, 124, 119, 89, 242, 107, 57, 201, 48, 1, 103, 43, 156, 215, 171, 118, 202, 235, 197, 125, 250, 123, 71, 187, 213, 212, 162, 175, 254, 164, 37, 192, 174, 253, 147, 38, 54, 63, 0, 218, 52, 82, 229, 241, 110, 216, 49, 21, 209, 199, 35, 195, 24, 150, 5, 154, 7, 18, 128, 226, 130, 39, 183, 117, 9, 131, 44, 26, 27, 113, 90, 160, 165, 59, 214, 179, 41, 227, 47, 132, 83, 245, 72, 237, 32, 252, 177, 91, 106, 203, 190, 111, 74, 76, 88, 207, 208, 239, 170, 251, 67, 77, 51, 133, 69, 249, 2, 127, 80, 60, 159, 168, 81, 163, 64, 143, 146, 157, 56, 4, 188, 182, 134, 33, 16, 255, 243, 210, 205, 12, 19, 236, 95, 151, 68, 23, 196, 167, 126, 61, 100, 93, 25, 115, 96, 129, 79, 220, 34, 42, 144, 136, 70, 238, 184, 20, 222, 94, 11, 219, 224, 50, 58, 10, 73, 6, 36, 92, 194, 211, 172, 98, 145, 149, 228, 121, 231, 200, 55, 109, 141, 173, 78, 169, 108, 86, 244, 234, 101, 122, 178, 8, 186, 120, 114, 46, 28, 166, 180, 198, 232, 221, 116, 31, 75, 189, 139, 138, 112, 62, 181, 102, 246, 3, 97, 14, 45, 53, 87, 185, 22, 193, 29, 158, 225, 248, 152, 17, 105, 217, 142, 148, 155, 30, 135, 233, 206, 85, 40, 223, 140, 161, 137, 13, 191, 230, 66, 104, 65, 153, 204, 15, 176, 84, 240, 247, 

Нелінійність  = 102 

Алгебраїчний імунітет  = 3 

Дельта-рівномірність  = 8 

Лінійна збитковість = 0 



99, 124, 119, 123, 42, 107, 111, 197, 48, 14, 103, 43, 254, 215, 171, 118, 202, 130, 201, 125, 250, 89, 71, 240, 173, 212, 162, 247, 133, 164, 188, 241, 183, 84, 132, 38, 54, 63, 29, 79, 52, 165, 229, 192, 113, 216, 49, 21, 4, 199, 35, 195, 24, 150, 5, 154, 7, 18, 128, 226, 235, 39, 178, 117, 9, 131, 44, 26, 27, 110, 90, 160, 82, 59, 214, 179, 41, 227, 47, 147, 83, 209, 0, 237, 32, 252, 177, 91, 106, 203, 190, 57, 74, 76, 88, 207, 208, 239, 170, 251, 67, 77, 51, 156, 69, 249, 2, 127, 80, 60, 159, 168, 81, 163, 64, 143, 146, 157, 56, 245, 114, 182, 218, 33, 16, 255, 243, 210, 205, 12, 19, 236, 95, 151, 68, 23, 196, 167, 126, 61, 100, 93, 25, 115, 96, 129, 78, 220, 34, 242, 144, 136, 70, 238, 184, 20, 222, 94, 11, 219, 224, 50, 58, 10, 73, 6, 36, 92, 194, 211, 172, 98, 145, 149, 228, 121, 231, 200, 55, 109, 141, 213, 135, 169, 108, 86, 244, 234, 101, 122, 174, 8, 186, 120, 37, 46, 28, 166, 180, 198, 232, 221, 116, 31, 75, 189, 139, 138, 112, 62, 181, 102, 72, 3, 246, 1, 97, 53, 87, 185, 134, 193, 230, 158, 225, 248, 152, 17, 105, 217, 142, 148, 155, 30, 13, 233, 206, 85, 40, 223, 140, 161, 137, 191, 253, 45, 66, 104, 65, 153, 15, 176, 175, 204, 187, 22, 

Нелінійність  = 102 

Алгебраїчний імунітет  = 2 

Дельта-рівномірність  = 8 

Лінійна збитковість = 0 



99, 124, 119, 123, 135, 107, 57, 134, 90, 91, 195, 43, 254, 215, 171, 118, 202, 130, 239, 125, 250, 89, 71, 210, 173, 233, 162, 175, 156, 164, 114, 251, 238, 191, 147, 38, 54, 161, 5, 128, 52, 165, 229, 241, 113, 216, 49, 142, 4, 199, 35, 103, 24, 150, 140, 154, 7, 18, 242, 226, 235, 39, 178, 117, 9, 131, 44, 26, 27, 110, 48, 160, 82, 59, 214, 179, 41, 227, 47, 132, 83, 209, 0, 237, 32, 252, 177, 1, 106, 203, 190, 111, 74, 76, 88, 207, 208, 201, 170, 192, 67, 77, 51, 133, 69, 249, 2, 127, 80, 60, 159, 168, 81, 163, 64, 143, 146, 157, 56, 245, 188, 182, 218, 33, 16, 255, 243, 240, 205, 12, 19, 236, 95, 151, 68, 23, 196, 167, 126, 61, 100, 93, 25, 115, 96, 129, 79, 220, 34, 42, 144, 136, 70, 183, 184, 20, 222, 94, 11, 219, 224, 50, 58, 10, 73, 6, 36, 92, 194, 211, 172, 98, 145, 149, 228, 121, 231, 200, 55, 109, 141, 213, 78, 169, 108, 86, 244, 234, 101, 122, 174, 8, 186, 120, 37, 46, 28, 166, 180, 198, 232, 221, 116, 31, 75, 189, 139, 138, 112, 62, 181, 102, 72, 3, 246, 14, 97, 53, 87, 185, 197, 193, 29, 158, 225, 248, 152, 17, 105, 217, 21, 148, 155, 30, 66, 212, 206, 85, 40, 223, 13, 63, 137, 247, 253, 230, 176, 104, 65, 153, 45, 15, 22, 84, 187, 204, 

Нелінійність  = 102 

Алгебраїчний імунітет  = 3 

Дельта-рівномірність  = 10 

Лінійна збитковість = 0 



173, 124, 119, 123, 214, 107, 57, 197, 48, 58, 215, 43, 254, 103, 171, 112, 212, 130, 201, 125, 250, 89, 71, 240, 24, 202, 162, 175, 156, 164, 188, 192, 183, 253, 147, 38, 54, 19, 63, 159, 52, 106, 229, 241, 113, 216, 49, 142, 181, 199, 35, 195, 213, 150, 5, 154, 7, 18, 128, 226, 235, 39, 178, 117, 9, 131, 44, 26, 27, 110, 90, 160, 82, 59, 242, 179, 41, 227, 47, 132, 83, 209, 0, 237, 32, 252, 177, 91, 165, 203, 190, 111, 74, 76, 88, 207, 208, 239, 170, 251, 67, 77, 51, 133, 69, 249, 2, 127, 80, 60, 23, 168, 81, 163, 64, 143, 146, 157, 56, 245, 114, 182, 218, 33, 16, 255, 243, 210, 205, 12, 211, 236, 95, 151, 68, 185, 196, 167, 126, 61, 100, 93, 25, 115, 96, 129, 79, 220, 34, 42, 144, 136, 70, 238, 184, 20, 222, 94, 11, 219, 224, 50, 1, 10, 73, 6, 36, 92, 194, 221, 172, 98, 145, 149, 228, 121, 231, 200, 55, 109, 141, 99, 78, 169, 108, 86, 244, 234, 101, 122, 174, 8, 186, 120, 37, 46, 28, 166, 180, 198, 232, 72, 116, 31, 75, 189, 139, 138, 118, 62, 4, 102, 85, 3, 246, 14, 97, 53, 87, 155, 134, 193, 29, 158, 225, 248, 152, 17, 105, 217, 21, 148, 176, 30, 135, 233, 206, 66, 40, 223, 140, 161, 137, 13, 191, 230, 247, 104, 65, 153, 45, 15, 187, 84, 22, 204, 

Нелінійність  = 102 

Алгебраїчний імунітет  = 3 

Дельта-рівномірність  = 8 

Лінійна збитковість = 0 



99, 124, 250, 123, 242, 107, 57, 197, 199, 1, 103, 137, 254, 121, 171, 118, 202, 130, 201, 125, 119, 89, 221, 240, 173, 212, 162, 175, 156, 164, 114, 192, 183, 253, 147, 38, 54, 63, 53, 14, 52, 165, 229, 241, 113, 33, 49, 131, 4, 48, 35, 195, 24, 150, 5, 154, 7, 18, 128, 226, 235, 39, 178, 117, 9, 21, 44, 26, 27, 110, 90, 160, 82, 59, 214, 179, 41, 227, 47, 132, 83, 209, 0, 237, 32, 252, 177, 91, 106, 203, 190, 111, 74, 76, 88, 207, 208, 239, 170, 251, 67, 77, 51, 133, 69, 249, 2, 127, 80, 60, 159, 168, 81, 163, 64, 143, 146, 157, 56, 245, 188, 182, 218, 216, 16, 255, 243, 210, 205, 12, 19, 236, 95, 151, 68, 23, 196, 167, 126, 61, 100, 93, 25, 115, 96, 129, 79, 220, 34, 42, 144, 136, 70, 238, 184, 20, 222, 94, 11, 219, 224, 50, 58, 10, 73, 6, 36, 92, 194, 211, 172, 98, 145, 149, 228, 215, 231, 200, 55, 109, 141, 213, 78, 169, 108, 86, 244, 234, 101, 122, 174, 8, 186, 120, 37, 46, 28, 166, 180, 198, 232, 71, 116, 31, 75, 189, 139, 138, 112, 62, 181, 102, 72, 3, 246, 29, 97, 155, 87, 185, 134, 193, 204, 158, 225, 248, 152, 17, 105, 217, 142, 148, 43, 30, 135, 233, 206, 85, 40, 223, 140, 161, 176, 13, 191, 230, 66, 104, 65, 153, 45, 15, 187, 84, 247, 22, 

Нелінійність  = 102 

Алгебраїчний імунітет  = 2 

Дельта-рівномірність  = 8 

Лінійна збитковість = 0 



170, 124, 119, 158, 242, 107, 111, 197, 199, 1, 103, 43, 254, 215, 171, 118, 202, 130, 201, 88, 250, 137, 159, 240, 173, 212, 162, 175, 156, 164, 114, 192, 167, 253, 147, 38, 54, 63, 235, 85, 40, 165, 229, 249, 113, 216, 75, 142, 4, 198, 35, 195, 24, 150, 5, 154, 7, 18, 128, 226, 117, 39, 178, 233, 9, 131, 44, 26, 27, 110, 90, 160, 82, 59, 214, 179, 41, 227, 47, 132, 83, 209, 0, 237, 32, 252, 177, 91, 106, 203, 190, 57, 74, 76, 89, 207, 208, 239, 99, 251, 67, 77, 51, 133, 69, 241, 2, 127, 80, 60, 71, 168, 81, 163, 64, 143, 146, 157, 56, 245, 188, 182, 218, 33, 16, 255, 243, 210, 205, 12, 19, 236, 95, 151, 68, 23, 196, 183, 126, 61, 100, 93, 25, 115, 96, 129, 79, 220, 34, 42, 144, 136, 70, 238, 184, 20, 222, 94, 11, 219, 224, 50, 58, 10, 73, 6, 36, 92, 194, 211, 172, 98, 145, 149, 228, 121, 231, 200, 55, 109, 141, 213, 78, 169, 108, 86, 244, 234, 101, 122, 174, 8, 186, 120, 37, 46, 28, 166, 180, 48, 232, 221, 116, 31, 187, 189, 139, 138, 112, 62, 181, 102, 72, 3, 246, 14, 97, 53, 87, 185, 134, 193, 29, 123, 225, 248, 152, 17, 105, 217, 21, 148, 155, 30, 135, 22, 206, 49, 52, 223, 140, 161, 125, 13, 191, 230, 66, 104, 65, 153, 45, 15, 176, 84, 204, 247, 

Нелінійність  = 102 

Алгебраїчний імунітет  = 3 

Дельта-рівномірність  = 8 

Лінійна збитковість = 0 



173, 124, 119, 123, 242, 107, 111, 197, 80, 1, 195, 94, 254, 215, 171, 15, 202, 130, 201, 136, 250, 89, 87, 240, 99, 212, 118, 175, 156, 164, 114, 192, 183, 253, 147, 208, 54, 231, 186, 85, 52, 165, 229, 249, 113, 33, 49, 21, 4, 199, 35, 103, 24, 150, 5, 154, 7, 18, 128, 226, 235, 39, 178, 117, 9, 131, 44, 26, 27, 110, 90, 160, 82, 59, 214, 179, 41, 227, 47, 132, 83, 209, 0, 237, 32, 252, 177, 91, 106, 203, 190, 57, 74, 76, 88, 207, 38, 239, 170, 251, 67, 77, 51, 133, 69, 241, 2, 127, 48, 60, 159, 168, 81, 163, 64, 143, 146, 157, 56, 245, 188, 182, 218, 216, 16, 255, 243, 210, 205, 12, 19, 236, 95, 151, 68, 23, 196, 167, 126, 61, 100, 93, 25, 115, 96, 129, 79, 220, 34, 42, 144, 125, 70, 238, 184, 20, 222, 43, 11, 219, 224, 50, 58, 10, 73, 6, 36, 92, 194, 211, 172, 98, 145, 149, 228, 121, 31, 200, 55, 109, 141, 213, 78, 169, 108, 86, 244, 234, 101, 122, 174, 8, 221, 120, 37, 46, 28, 166, 180, 198, 232, 71, 116, 66, 75, 189, 139, 138, 112, 62, 181, 102, 72, 3, 246, 14, 97, 53, 40, 185, 134, 193, 29, 158, 225, 248, 152, 17, 105, 217, 142, 148, 155, 30, 135, 233, 206, 63, 140, 223, 204, 161, 137, 13, 191, 230, 153, 104, 65, 22, 45, 162, 176, 84, 187, 247, 

Нелінійність  = 102 

Алгебраїчний імунітет  = 3 

Дельта-рівномірність  = 10 

Лінійна збитковість = 0 



99, 124, 119, 123, 242, 107, 57, 206, 48, 1, 97, 43, 254, 21, 171, 118, 202, 130, 201, 137, 52, 86, 71, 240, 87, 166, 162, 175, 156, 164, 114, 241, 183, 138, 147, 38, 54, 63, 11, 128, 250, 165, 229, 192, 113, 216, 49, 215, 145, 149, 35, 195, 24, 150, 5, 154, 7, 18, 76, 226, 235, 39, 178, 117, 9, 131, 44, 26, 27, 110, 90, 160, 82, 59, 214, 179, 41, 227, 47, 132, 83, 209, 0, 237, 32, 252, 177, 91, 106, 203, 190, 111, 74, 36, 88, 207, 208, 239, 170, 251, 67, 77, 51, 133, 69, 249, 2, 127, 80, 60, 159, 168, 81, 163, 64, 143, 146, 157, 56, 245, 188, 182, 218, 33, 16, 255, 243, 210, 205, 12, 19, 236, 95, 151, 68, 23, 196, 167, 126, 61, 100, 93, 25, 115, 96, 129, 79, 220, 34, 42, 144, 136, 70, 238, 184, 20, 222, 94, 31, 219, 224, 50, 58, 10, 73, 6, 233, 92, 194, 211, 172, 98, 4, 199, 228, 121, 231, 200, 55, 109, 141, 213, 78, 169, 108, 89, 244, 234, 101, 122, 174, 8, 186, 120, 37, 46, 28, 212, 180, 198, 232, 221, 116, 223, 125, 189, 139, 253, 112, 62, 181, 102, 72, 3, 246, 14, 103, 53, 173, 185, 134, 193, 29, 158, 225, 248, 152, 17, 105, 217, 142, 148, 155, 30, 135, 161, 197, 85, 40, 176, 140, 230, 75, 13, 191, 104, 66, 187, 65, 153, 45, 15, 84, 204, 247, 22, 

Нелінійність  = 102 

Алгебраїчний імунітет  = 3 

Дельта-рівномірність  = 8 

Лінійна збитковість = 0 



99, 124, 119, 123, 42, 107, 111, 197, 48, 1, 171, 43, 254, 121, 103, 118, 62, 130, 201, 125, 250, 89, 71, 240, 173, 212, 162, 175, 156, 164, 188, 192, 183, 253, 147, 38, 54, 31, 79, 40, 52, 165, 229, 141, 113, 216, 49, 21, 145, 199, 35, 195, 24, 150, 5, 154, 7, 18, 128, 226, 235, 39, 178, 117, 9, 131, 44, 26, 27, 110, 211, 160, 82, 59, 214, 179, 41, 227, 47, 132, 83, 209, 0, 237, 32, 252, 177, 91, 106, 203, 190, 57, 74, 76, 88, 207, 208, 239, 170, 251, 67, 77, 51, 133, 69, 249, 2, 127, 80, 60, 159, 168, 81, 163, 64, 143, 146, 157, 56, 245, 114, 182, 218, 33, 16, 255, 243, 210, 205, 12, 19, 236, 95, 151, 68, 23, 196, 167, 126, 61, 100, 93, 25, 115, 96, 129, 90, 220, 34, 242, 144, 136, 70, 238, 184, 20, 222, 94, 11, 219, 224, 50, 58, 10, 73, 6, 36, 92, 194, 152, 172, 98, 4, 149, 228, 215, 231, 200, 55, 109, 241, 213, 78, 169, 108, 86, 244, 234, 101, 122, 174, 8, 186, 120, 37, 46, 28, 166, 180, 198, 232, 221, 116, 63, 75, 189, 139, 138, 112, 202, 181, 102, 72, 3, 246, 14, 97, 53, 87, 185, 134, 193, 29, 158, 225, 248, 84, 17, 105, 217, 142, 148, 155, 30, 135, 233, 206, 85, 140, 223, 176, 161, 137, 13, 191, 230, 66, 104, 65, 153, 45, 15, 187, 204, 247, 22, 

Нелінійність  = 102 

Алгебраїчний імунітет  = 2 

Дельта-рівномірність  = 8 

Лінійна збитковість = 0 



173, 124, 119, 89, 123, 107, 57, 197, 48, 84, 103, 43, 254, 215, 171, 118, 202, 130, 144, 137, 250, 242, 34, 240, 99, 212, 162, 175, 156, 114, 164, 192, 178, 253, 147, 165, 54, 31, 67, 108, 52, 38, 229, 241, 113, 216, 49, 21, 66, 199, 35, 195, 24, 150, 5, 154, 7, 18, 128, 226, 235, 39, 183, 117, 9, 131, 44, 26, 27, 110, 90, 160, 82, 59, 214, 179, 41, 227, 47, 132, 83, 209, 0, 237, 32, 252, 177, 91, 106, 203, 190, 111, 74, 76, 88, 207, 208, 239, 170, 251, 72, 77, 51, 133, 69, 249, 2, 127, 80, 60, 159, 168, 81, 163, 64, 143, 146, 157, 56, 245, 188, 182, 218, 33, 16, 255, 243, 210, 205, 12, 19, 236, 95, 151, 68, 23, 196, 167, 126, 61, 100, 93, 25, 115, 96, 129, 79, 220, 71, 42, 201, 136, 70, 238, 184, 20, 222, 94, 11, 219, 224, 50, 58, 10, 73, 6, 36, 92, 194, 211, 172, 98, 145, 149, 228, 121, 231, 200, 55, 109, 141, 213, 78, 169, 65, 86, 244, 234, 101, 122, 174, 8, 186, 120, 37, 46, 28, 166, 180, 198, 232, 221, 116, 63, 75, 189, 139, 138, 112, 62, 181, 102, 217, 3, 246, 14, 97, 53, 87, 185, 134, 193, 29, 158, 225, 248, 152, 17, 105, 40, 142, 148, 155, 30, 135, 233, 206, 85, 15, 223, 140, 161, 125, 13, 191, 230, 4, 104, 153, 22, 45, 247, 176, 1, 187, 204, 

Нелінійність  = 102 

Алгебраїчний імунітет  = 3 

Дельта-рівномірність  = 8 

Лінійна збитковість = 0 



17, 124, 119, 123, 242, 107, 57, 197, 198, 16, 103, 43, 254, 215, 171, 118, 62, 130, 52, 89, 250, 7, 34, 240, 173, 212, 162, 175, 4, 164, 188, 192, 183, 253, 147, 38, 54, 63, 189, 33, 201, 165, 229, 241, 113, 216, 49, 21, 156, 199, 35, 195, 24, 150, 5, 154, 125, 18, 128, 226, 235, 39, 178, 117, 9, 131, 44, 26, 27, 110, 90, 160, 82, 59, 214, 179, 41, 227, 47, 132, 83, 209, 0, 237, 32, 252, 177, 91, 106, 203, 190, 111, 74, 76, 88, 207, 208, 239, 99, 251, 67, 77, 51, 133, 69, 249, 2, 127, 80, 60, 159, 168, 81, 163, 64, 143, 146, 157, 56, 245, 114, 182, 218, 25, 1, 255, 243, 210, 205, 12, 19, 236, 95, 151, 68, 23, 196, 167, 126, 61, 100, 93, 220, 115, 96, 129, 79, 194, 71, 42, 144, 136, 70, 238, 184, 20, 222, 94, 11, 219, 224, 50, 58, 10, 73, 6, 36, 92, 211, 200, 172, 98, 145, 149, 228, 121, 231, 15, 55, 109, 141, 213, 78, 169, 108, 86, 244, 234, 101, 122, 174, 8, 186, 120, 37, 46, 28, 166, 180, 48, 232, 221, 116, 31, 75, 158, 139, 138, 112, 202, 181, 102, 72, 3, 246, 14, 97, 53, 87, 185, 134, 193, 29, 66, 225, 248, 152, 170, 105, 217, 142, 148, 155, 30, 135, 233, 206, 85, 40, 223, 140, 161, 137, 13, 191, 230, 45, 104, 65, 153, 84, 204, 176, 22, 187, 247, 

Нелінійність  = 102 

Алгебраїчний імунітет  = 3 

Дельта-рівномірність  = 8 

Лінійна збитковість = 0 



99, 124, 119, 123, 242, 107, 111, 197, 192, 58, 105, 43, 102, 215, 171, 118, 202, 130, 201, 92, 250, 220, 71, 240, 173, 212, 162, 175, 156, 94, 114, 48, 238, 253, 147, 38, 54, 63, 218, 88, 60, 165, 229, 241, 113, 4, 49, 222, 216, 199, 35, 195, 24, 150, 5, 154, 7, 18, 128, 226, 235, 39, 178, 117, 9, 131, 44, 26, 27, 110, 90, 160, 82, 59, 214, 179, 41, 227, 47, 132, 83, 209, 0, 237, 32, 252, 177, 91, 106, 203, 190, 57, 74, 76, 170, 207, 208, 239, 66, 251, 67, 77, 51, 133, 69, 249, 2, 127, 80, 52, 159, 168, 81, 163, 64, 143, 146, 157, 56, 245, 188, 182, 93, 33, 16, 255, 243, 210, 205, 12, 19, 236, 95, 151, 68, 23, 196, 167, 126, 61, 100, 103, 25, 115, 96, 129, 79, 89, 34, 42, 144, 136, 70, 183, 184, 20, 21, 164, 11, 219, 224, 50, 1, 10, 73, 6, 36, 125, 194, 211, 172, 98, 145, 149, 228, 121, 231, 200, 55, 109, 141, 213, 78, 169, 108, 86, 244, 234, 101, 122, 174, 8, 186, 120, 37, 46, 28, 166, 180, 198, 232, 221, 116, 31, 75, 189, 139, 138, 112, 62, 181, 254, 72, 3, 246, 14, 97, 53, 87, 185, 134, 193, 29, 158, 225, 248, 152, 17, 206, 217, 142, 148, 155, 30, 135, 233, 13, 85, 40, 223, 140, 161, 137, 153, 191, 230, 187, 104, 65, 22, 45, 15, 176, 84, 247, 204, 

Нелінійність  = 102 

Алгебраїчний імунітет  = 3 

Дельта-рівномірність  = 8 

Лінійна збитковість = 0 



111, 124, 119, 123, 242, 107, 99, 197, 80, 1, 103, 43, 120, 215, 171, 112, 202, 235, 201, 125, 250, 89, 71, 240, 173, 212, 90, 175, 254, 164, 114, 192, 183, 253, 48, 38, 54, 63, 13, 134, 52, 165, 229, 241, 113, 145, 49, 21, 33, 149, 35, 195, 24, 150, 5, 154, 7, 18, 128, 226, 130, 39, 178, 117, 9, 131, 44, 26, 27, 110, 224, 160, 82, 59, 214, 179, 41, 227, 47, 132, 83, 209, 0, 237, 32, 252, 177, 91, 106, 203, 190, 57, 74, 76, 88, 207, 208, 239, 170, 251, 67, 77, 51, 133, 69, 249, 2, 127, 147, 60, 159, 168, 81, 163, 64, 143, 146, 157, 56, 245, 188, 182, 218, 216, 16, 255, 243, 210, 205, 12, 19, 236, 95, 151, 68, 23, 196, 167, 126, 61, 100, 93, 25, 115, 96, 129, 79, 220, 34, 42, 144, 136, 70, 238, 184, 20, 222, 94, 11, 219, 162, 50, 58, 10, 73, 6, 36, 92, 194, 211, 172, 98, 4, 199, 228, 140, 231, 200, 55, 109, 141, 213, 78, 169, 108, 86, 244, 234, 101, 122, 174, 8, 186, 156, 37, 46, 28, 166, 180, 198, 232, 221, 116, 31, 75, 189, 139, 138, 118, 62, 181, 102, 72, 3, 246, 14, 97, 53, 87, 185, 121, 193, 29, 158, 225, 248, 152, 17, 105, 217, 142, 148, 155, 30, 135, 233, 206, 85, 40, 223, 187, 161, 137, 104, 191, 230, 66, 22, 65, 153, 45, 15, 176, 84, 247, 204, 

Нелінійність  = 102 

Алгебраїчний імунітет  = 2 

Дельта-рівномірність  = 8 

Лінійна збитковість = 0 



99, 212, 236, 123, 223, 107, 111, 197, 48, 1, 103, 43, 254, 215, 171, 112, 202, 130, 201, 227, 250, 89, 71, 240, 173, 124, 162, 175, 156, 164, 102, 241, 183, 253, 147, 38, 54, 63, 44, 83, 40, 187, 229, 28, 113, 216, 61, 21, 4, 199, 35, 195, 24, 150, 5, 154, 7, 18, 128, 226, 235, 39, 178, 117, 9, 131, 163, 26, 27, 110, 90, 160, 82, 59, 242, 179, 41, 125, 47, 132, 194, 209, 0, 237, 32, 252, 177, 91, 106, 203, 190, 57, 74, 76, 88, 207, 208, 239, 170, 251, 67, 77, 51, 133, 69, 249, 2, 127, 80, 60, 159, 168, 81, 137, 64, 143, 146, 157, 56, 245, 188, 182, 218, 33, 16, 255, 243, 210, 205, 12, 19, 119, 95, 151, 68, 23, 196, 167, 126, 49, 100, 93, 25, 115, 96, 129, 79, 220, 34, 214, 144, 136, 70, 238, 184, 20, 222, 94, 11, 219, 224, 50, 58, 10, 73, 6, 36, 92, 141, 211, 172, 98, 145, 149, 228, 121, 231, 200, 55, 109, 244, 213, 78, 169, 108, 86, 139, 234, 101, 122, 174, 8, 186, 120, 37, 46, 192, 166, 180, 198, 232, 221, 116, 31, 75, 189, 152, 138, 118, 62, 181, 114, 72, 3, 246, 14, 97, 53, 87, 185, 134, 193, 29, 158, 225, 248, 15, 17, 105, 217, 142, 148, 155, 30, 135, 233, 206, 85, 52, 42, 140, 161, 22, 13, 191, 230, 66, 104, 65, 153, 45, 247, 176, 84, 165, 204, 

Нелінійність  = 102 

Алгебраїчний імунітет  = 3 

Дельта-рівномірність  = 10 

Лінійна збитковість = 0 



Час виконання: 9752.098000 секунд

Блок з необхідними параметрами знайдено

Кількість виконаних ітерацій = 141 
_______________________________________________________________________________________________
