
Початкове число ітерацій = 150
N = 40
PSO S-boxes:
99, 124, 119, 123, 242, 107, 111, 197, 48, 1, 103, 43, 254, 215, 171, 118, 202, 130, 201, 125, 250, 89, 71, 240, 173, 212, 162, 175, 156, 164, 114, 192, 183, 253, 147, 38, 54, 63, 247, 204, 52, 165, 229, 241, 113, 216, 49, 21, 4, 199, 35, 195, 24, 150, 5, 154, 7, 18, 128, 226, 235, 39, 178, 117, 9, 131, 44, 26, 27, 110, 90, 160, 82, 59, 214, 179, 41, 227, 47, 132, 83, 209, 0, 237, 32, 252, 177, 91, 106, 203, 190, 57, 74, 76, 88, 207, 208, 239, 170, 251, 67, 77, 51, 133, 69, 249, 2, 127, 80, 60, 159, 168, 81, 163, 64, 143, 146, 157, 56, 245, 188, 182, 218, 33, 16, 255, 243, 210, 205, 12, 19, 236, 95, 151, 68, 23, 196, 167, 126, 61, 100, 93, 25, 115, 96, 129, 79, 220, 34, 42, 144, 136, 70, 238, 184, 20, 222, 94, 11, 219, 224, 50, 58, 10, 73, 6, 36, 92, 194, 211, 172, 98, 145, 149, 228, 121, 231, 200, 55, 109, 141, 213, 78, 169, 108, 86, 244, 234, 101, 122, 174, 8, 186, 120, 37, 46, 28, 166, 180, 198, 232, 221, 116, 31, 75, 189, 139, 138, 112, 62, 181, 102, 72, 3, 246, 14, 97, 53, 87, 185, 134, 193, 29, 158, 225, 248, 152, 17, 105, 217, 142, 148, 155, 30, 135, 233, 206, 85, 40, 223, 140, 161, 137, 13, 191, 230, 66, 104, 65, 153, 45, 15, 176, 84, 187, 22, 

Нелінійність  = 112 

Алгебраїчний імунітет  = 2 

Дельта-рівномірність  = 4 

Лінійна збитковість = 255 



99, 124, 119, 123, 242, 107, 111, 197, 48, 1, 103, 43, 254, 215, 171, 118, 202, 130, 201, 125, 250, 89, 71, 240, 173, 212, 162, 175, 156, 164, 114, 192, 183, 253, 147, 38, 54, 63, 204, 247, 52, 165, 229, 241, 113, 216, 49, 21, 4, 199, 35, 195, 24, 150, 5, 154, 7, 18, 128, 226, 235, 39, 178, 117, 9, 131, 44, 26, 27, 110, 90, 160, 82, 59, 214, 179, 41, 227, 47, 132, 83, 209, 0, 237, 32, 252, 177, 91, 106, 203, 190, 57, 74, 76, 88, 207, 208, 239, 170, 251, 67, 77, 51, 133, 69, 249, 2, 127, 80, 60, 159, 168, 81, 163, 64, 143, 146, 157, 56, 245, 188, 182, 218, 33, 16, 255, 243, 210, 205, 12, 19, 236, 95, 151, 68, 23, 196, 167, 126, 61, 100, 93, 25, 115, 96, 129, 79, 220, 34, 42, 144, 136, 70, 238, 184, 20, 222, 94, 11, 219, 224, 50, 58, 10, 73, 6, 36, 92, 194, 211, 172, 98, 145, 149, 228, 121, 231, 200, 55, 109, 141, 213, 78, 169, 108, 86, 244, 234, 101, 122, 174, 8, 186, 120, 37, 46, 28, 166, 180, 198, 232, 221, 116, 31, 75, 189, 139, 138, 112, 62, 181, 102, 72, 3, 246, 14, 97, 53, 87, 185, 134, 193, 29, 158, 225, 248, 152, 17, 105, 217, 142, 148, 155, 30, 135, 233, 206, 85, 40, 223, 140, 161, 137, 13, 191, 230, 66, 104, 65, 153, 45, 15, 176, 84, 187, 22, 

Нелінійність  = 110 

Алгебраїчний імунітет  = 2 

Дельта-рівномірність  = 6 

Лінійна збитковість = 126 



111, 124, 119, 123, 42, 107, 36, 197, 48, 121, 195, 43, 254, 1, 77, 118, 202, 130, 201, 89, 250, 125, 71, 240, 173, 212, 162, 175, 156, 164, 102, 192, 183, 253, 147, 38, 54, 63, 154, 229, 52, 165, 25, 241, 113, 216, 217, 21, 66, 199, 35, 97, 24, 150, 5, 6, 7, 18, 128, 226, 235, 39, 178, 117, 9, 131, 44, 26, 27, 110, 90, 160, 82, 59, 214, 179, 41, 227, 47, 132, 83, 209, 0, 237, 32, 252, 177, 91, 106, 203, 190, 57, 74, 76, 88, 207, 208, 239, 170, 251, 67, 171, 51, 133, 69, 249, 2, 127, 80, 60, 159, 168, 81, 163, 64, 143, 146, 157, 56, 245, 188, 182, 218, 33, 16, 255, 243, 210, 205, 12, 19, 236, 95, 151, 68, 23, 196, 167, 126, 61, 100, 93, 40, 115, 96, 129, 79, 220, 34, 242, 144, 136, 70, 238, 184, 20, 222, 94, 11, 219, 224, 50, 58, 10, 73, 141, 99, 92, 194, 211, 172, 98, 145, 149, 228, 215, 231, 200, 55, 109, 148, 213, 78, 169, 108, 86, 244, 234, 101, 122, 174, 8, 186, 120, 37, 46, 28, 166, 180, 198, 232, 221, 116, 31, 75, 189, 139, 138, 112, 62, 181, 114, 72, 3, 246, 14, 103, 53, 87, 185, 134, 193, 29, 158, 225, 248, 152, 17, 105, 49, 142, 22, 155, 30, 135, 233, 206, 85, 137, 223, 140, 161, 204, 13, 191, 230, 4, 104, 65, 153, 45, 15, 176, 84, 187, 247, 

Нелінійність  = 102 

Алгебраїчний імунітет  = 2 

Дельта-рівномірність  = 8 

Лінійна збитковість = 0 



99, 124, 250, 123, 242, 107, 111, 197, 48, 1, 103, 155, 254, 215, 171, 118, 62, 130, 201, 125, 119, 89, 71, 240, 173, 233, 162, 175, 156, 164, 114, 192, 178, 253, 147, 38, 54, 63, 79, 25, 52, 165, 229, 241, 113, 33, 49, 21, 4, 199, 35, 195, 24, 150, 5, 154, 7, 18, 128, 226, 235, 39, 183, 117, 9, 131, 44, 26, 27, 110, 90, 160, 82, 59, 214, 179, 41, 227, 47, 132, 83, 209, 0, 237, 32, 252, 177, 91, 106, 203, 190, 57, 74, 76, 88, 207, 208, 239, 170, 251, 67, 77, 51, 133, 69, 249, 2, 127, 80, 60, 159, 168, 81, 163, 64, 143, 146, 157, 56, 245, 188, 182, 218, 216, 16, 255, 243, 210, 205, 12, 19, 236, 95, 151, 68, 23, 196, 167, 126, 61, 100, 93, 187, 115, 96, 129, 172, 220, 34, 42, 144, 136, 70, 238, 184, 20, 222, 94, 11, 219, 224, 50, 58, 10, 73, 6, 36, 92, 194, 211, 140, 98, 145, 149, 228, 121, 231, 200, 55, 109, 141, 213, 78, 169, 108, 86, 244, 234, 101, 122, 174, 8, 186, 120, 37, 46, 28, 166, 180, 198, 232, 221, 116, 31, 75, 189, 139, 138, 112, 202, 181, 102, 72, 3, 246, 14, 97, 53, 87, 185, 134, 193, 29, 158, 225, 248, 152, 17, 105, 217, 142, 148, 43, 30, 135, 212, 206, 85, 40, 223, 22, 161, 137, 13, 191, 230, 66, 104, 65, 153, 45, 15, 176, 84, 204, 247, 

Нелінійність  = 102 

Алгебраїчний імунітет  = 2 

Дельта-рівномірність  = 6 

Лінійна збитковість = 0 



99, 194, 119, 242, 123, 107, 3, 5, 48, 1, 171, 43, 254, 215, 105, 118, 202, 130, 201, 136, 250, 89, 71, 240, 173, 212, 162, 175, 156, 164, 114, 192, 183, 253, 172, 38, 234, 63, 255, 134, 60, 165, 229, 241, 113, 97, 49, 21, 4, 199, 35, 195, 24, 150, 197, 154, 7, 18, 128, 226, 235, 39, 178, 103, 9, 131, 44, 26, 27, 110, 90, 160, 82, 59, 214, 179, 41, 227, 47, 132, 83, 209, 0, 237, 32, 252, 177, 91, 106, 203, 190, 111, 74, 76, 88, 207, 208, 239, 170, 251, 67, 77, 51, 133, 69, 249, 2, 127, 80, 52, 159, 168, 81, 163, 64, 143, 146, 157, 56, 34, 188, 182, 218, 33, 16, 84, 243, 210, 205, 12, 19, 236, 95, 151, 68, 23, 196, 167, 126, 61, 100, 93, 25, 115, 96, 129, 79, 220, 78, 42, 144, 125, 70, 238, 184, 20, 222, 94, 11, 219, 224, 50, 58, 10, 73, 6, 36, 92, 124, 211, 147, 98, 145, 149, 228, 121, 231, 200, 55, 109, 141, 213, 57, 169, 108, 86, 244, 54, 101, 122, 174, 8, 186, 120, 37, 46, 28, 166, 180, 198, 232, 221, 116, 31, 75, 189, 139, 138, 112, 62, 181, 102, 72, 216, 246, 14, 85, 53, 87, 185, 245, 193, 29, 158, 225, 248, 152, 17, 117, 217, 142, 148, 155, 30, 135, 233, 206, 247, 40, 223, 140, 161, 137, 13, 191, 230, 66, 104, 65, 153, 45, 15, 176, 22, 187, 204, 

Нелінійність  = 102 

Алгебраїчний імунітет  = 3 

Дельта-рівномірність  = 8 

Лінійна збитковість = 0 



99, 124, 119, 123, 242, 107, 57, 201, 130, 1, 103, 43, 254, 206, 171, 112, 202, 48, 129, 125, 250, 89, 71, 210, 173, 212, 162, 21, 156, 44, 114, 192, 105, 253, 147, 38, 54, 63, 237, 200, 52, 22, 229, 249, 113, 216, 217, 175, 4, 199, 35, 195, 24, 150, 5, 154, 7, 18, 128, 226, 235, 39, 178, 117, 9, 131, 164, 26, 27, 110, 90, 160, 82, 59, 214, 179, 41, 227, 47, 132, 83, 209, 0, 145, 32, 252, 177, 91, 165, 203, 190, 111, 74, 76, 88, 207, 208, 239, 170, 251, 67, 77, 51, 133, 69, 241, 2, 127, 80, 60, 159, 168, 81, 163, 64, 143, 146, 157, 56, 245, 188, 182, 218, 33, 16, 255, 243, 240, 205, 12, 19, 236, 95, 151, 68, 23, 196, 167, 126, 61, 100, 93, 25, 115, 96, 197, 79, 220, 34, 42, 144, 136, 70, 238, 184, 20, 222, 94, 11, 219, 224, 50, 58, 10, 73, 6, 36, 92, 194, 211, 172, 98, 101, 149, 228, 121, 231, 189, 55, 109, 141, 213, 78, 169, 108, 86, 244, 234, 187, 122, 174, 8, 186, 120, 37, 46, 28, 166, 180, 198, 232, 221, 116, 31, 75, 102, 139, 138, 118, 62, 181, 72, 215, 3, 246, 14, 97, 53, 87, 185, 134, 193, 29, 158, 225, 248, 152, 17, 183, 49, 142, 148, 155, 30, 135, 233, 191, 85, 40, 223, 140, 161, 137, 13, 15, 230, 66, 104, 65, 153, 45, 204, 176, 84, 106, 247, 

Нелінійність  = 100 

Алгебраїчний імунітет  = 3 

Дельта-рівномірність  = 8 

Лінійна збитковість = 0 



99, 124, 119, 123, 242, 107, 111, 202, 80, 1, 103, 43, 254, 215, 171, 118, 197, 235, 201, 92, 250, 89, 71, 240, 173, 212, 224, 175, 156, 164, 114, 192, 183, 253, 48, 38, 54, 7, 63, 19, 52, 165, 229, 241, 113, 216, 49, 142, 145, 199, 35, 195, 24, 150, 5, 154, 41, 18, 128, 226, 130, 39, 178, 117, 9, 131, 44, 26, 27, 110, 90, 160, 82, 59, 214, 179, 185, 227, 47, 132, 83, 209, 0, 237, 32, 252, 177, 91, 106, 203, 190, 57, 74, 76, 88, 207, 208, 239, 170, 251, 67, 77, 51, 133, 69, 249, 2, 127, 147, 60, 159, 168, 81, 163, 64, 143, 146, 157, 56, 245, 188, 182, 218, 33, 16, 255, 243, 210, 205, 12, 219, 236, 95, 151, 68, 23, 196, 167, 126, 61, 100, 93, 25, 115, 96, 129, 79, 220, 34, 42, 144, 136, 70, 238, 184, 20, 222, 94, 11, 233, 15, 50, 58, 10, 73, 6, 36, 125, 194, 211, 172, 98, 4, 149, 228, 121, 231, 200, 55, 109, 141, 213, 78, 169, 108, 86, 244, 234, 101, 122, 174, 8, 186, 120, 37, 46, 28, 166, 180, 198, 232, 221, 116, 31, 75, 189, 139, 138, 112, 62, 181, 102, 72, 3, 246, 14, 97, 53, 87, 153, 134, 193, 29, 158, 225, 248, 152, 17, 105, 217, 21, 148, 155, 30, 135, 45, 206, 85, 40, 223, 140, 161, 137, 13, 191, 230, 66, 104, 65, 84, 176, 162, 247, 22, 187, 204, 

Нелінійність  = 100 

Алгебраїчний імунітет  = 2 

Дельта-рівномірність  = 10 

Лінійна збитковість = 0 



99, 124, 119, 123, 242, 81, 57, 202, 48, 84, 103, 26, 254, 21, 171, 118, 197, 68, 201, 125, 250, 89, 34, 240, 173, 233, 162, 175, 156, 164, 114, 192, 217, 253, 230, 38, 54, 63, 219, 79, 52, 165, 229, 241, 113, 216, 49, 142, 209, 199, 35, 195, 24, 150, 5, 154, 7, 18, 128, 226, 235, 39, 178, 117, 9, 131, 44, 43, 27, 110, 90, 160, 82, 59, 214, 179, 41, 227, 47, 132, 83, 4, 0, 51, 32, 252, 177, 91, 106, 203, 190, 111, 74, 76, 88, 207, 208, 239, 170, 251, 67, 77, 228, 133, 69, 249, 2, 127, 80, 60, 159, 168, 107, 163, 64, 143, 146, 157, 56, 245, 188, 182, 218, 33, 16, 255, 243, 210, 205, 12, 19, 236, 95, 151, 130, 23, 196, 167, 126, 61, 100, 93, 25, 115, 96, 129, 237, 220, 71, 42, 144, 136, 70, 238, 184, 20, 222, 94, 11, 161, 224, 50, 58, 10, 73, 6, 36, 92, 194, 211, 172, 98, 145, 149, 221, 121, 231, 200, 55, 109, 141, 213, 78, 169, 108, 86, 244, 234, 101, 122, 174, 8, 186, 120, 37, 46, 28, 166, 180, 198, 232, 105, 116, 31, 75, 189, 139, 138, 112, 62, 181, 102, 72, 3, 246, 14, 97, 53, 87, 185, 134, 193, 29, 158, 225, 248, 152, 17, 183, 66, 215, 148, 155, 30, 135, 212, 206, 85, 40, 223, 140, 191, 137, 13, 247, 147, 22, 104, 65, 153, 45, 15, 176, 1, 187, 204, 

Нелінійність  = 100 

Алгебраїчний імунітет  = 3 

Дельта-рівномірність  = 10 

Лінійна збитковість = 0 



122, 124, 119, 123, 242, 107, 36, 197, 48, 1, 103, 155, 254, 215, 171, 186, 62, 130, 201, 125, 250, 89, 221, 240, 173, 212, 162, 175, 133, 164, 114, 192, 183, 253, 147, 38, 54, 63, 134, 208, 52, 165, 229, 141, 113, 4, 49, 21, 216, 199, 35, 195, 24, 150, 5, 154, 7, 18, 128, 226, 235, 39, 178, 117, 9, 131, 44, 26, 27, 110, 90, 160, 82, 59, 214, 179, 41, 227, 47, 132, 83, 209, 0, 237, 32, 252, 177, 91, 106, 203, 190, 57, 74, 76, 88, 207, 176, 239, 170, 251, 67, 77, 51, 156, 69, 249, 2, 127, 80, 60, 159, 168, 81, 163, 64, 143, 146, 157, 56, 245, 188, 182, 218, 33, 16, 255, 243, 210, 205, 12, 19, 236, 95, 151, 68, 23, 196, 167, 126, 61, 100, 93, 25, 115, 96, 129, 22, 220, 34, 42, 144, 136, 70, 238, 184, 20, 222, 94, 11, 219, 224, 50, 58, 10, 73, 6, 111, 92, 194, 211, 172, 98, 145, 149, 228, 121, 231, 200, 55, 109, 241, 213, 78, 169, 108, 86, 244, 234, 101, 99, 174, 8, 118, 120, 37, 46, 28, 166, 180, 198, 232, 71, 116, 31, 75, 189, 139, 138, 112, 202, 181, 102, 72, 3, 246, 14, 97, 53, 87, 185, 79, 193, 29, 158, 225, 248, 152, 17, 105, 217, 142, 148, 43, 30, 135, 233, 206, 85, 40, 223, 140, 161, 137, 13, 191, 230, 66, 104, 65, 153, 45, 15, 204, 84, 187, 247, 

Нелінійність  = 100 

Алгебраїчний імунітет  = 2 

Дельта-рівномірність  = 10 

Лінійна збитковість = 0 



99, 124, 119, 123, 242, 147, 57, 197, 48, 1, 103, 43, 254, 72, 77, 186, 202, 130, 201, 75, 250, 89, 71, 240, 173, 233, 162, 175, 156, 94, 188, 192, 183, 253, 107, 38, 54, 163, 209, 249, 52, 165, 229, 241, 110, 216, 49, 21, 4, 199, 35, 195, 24, 150, 5, 154, 7, 18, 128, 226, 235, 39, 178, 117, 9, 131, 44, 26, 27, 113, 90, 160, 82, 59, 214, 179, 41, 227, 47, 132, 83, 87, 0, 237, 215, 252, 177, 91, 106, 203, 190, 111, 74, 76, 88, 207, 208, 239, 170, 251, 67, 105, 51, 133, 69, 200, 2, 127, 80, 60, 159, 168, 81, 63, 64, 143, 146, 157, 56, 245, 114, 182, 218, 33, 16, 255, 243, 210, 205, 12, 19, 236, 95, 151, 68, 23, 196, 167, 126, 61, 100, 93, 25, 115, 212, 129, 79, 220, 34, 42, 144, 136, 70, 238, 184, 20, 222, 164, 11, 219, 224, 50, 58, 10, 73, 6, 36, 92, 194, 211, 172, 98, 145, 149, 228, 121, 231, 234, 55, 109, 141, 213, 78, 169, 108, 86, 244, 62, 101, 122, 174, 8, 118, 120, 37, 46, 28, 166, 180, 198, 232, 221, 116, 31, 125, 189, 139, 138, 112, 85, 181, 102, 32, 3, 246, 14, 97, 53, 217, 185, 134, 193, 29, 158, 225, 248, 152, 17, 171, 155, 142, 148, 187, 30, 135, 96, 206, 13, 40, 223, 140, 161, 137, 104, 191, 230, 66, 22, 65, 153, 45, 15, 176, 84, 204, 247, 

Нелінійність  = 100 

Алгебраїчний імунітет  = 3 

Дельта-рівномірність  = 10 

Лінійна збитковість = 0 



219, 222, 150, 238, 192, 168, 166, 6, 196, 96, 101, 178, 162, 220, 239, 170, 104, 188, 190, 211, 228, 156, 105, 161, 26, 154, 182, 246, 255, 109, 134, 112, 185, 132, 65, 60, 92, 72, 5, 115, 17, 41, 130, 181, 189, 175, 172, 79, 128, 3, 103, 224, 120, 127, 85, 225, 42, 67, 235, 116, 64, 7, 245, 173, 123, 212, 89, 31, 55, 147, 141, 90, 204, 180, 210, 208, 140, 59, 138, 44, 148, 4, 126, 232, 15, 146, 251, 110, 98, 153, 135, 10, 25, 113, 63, 244, 19, 122, 121, 66, 217, 191, 242, 27, 11, 240, 108, 73, 111, 21, 80, 86, 62, 248, 91, 207, 68, 165, 199, 76, 133, 82, 202, 213, 145, 249, 198, 184, 209, 20, 74, 167, 102, 233, 231, 221, 125, 9, 83, 28, 58, 118, 14, 75, 30, 51, 149, 194, 34, 47, 200, 93, 29, 95, 16, 107, 43, 22, 48, 45, 18, 216, 69, 241, 186, 23, 223, 243, 71, 203, 144, 252, 193, 0, 237, 2, 131, 218, 171, 52, 214, 77, 247, 215, 187, 35, 57, 129, 179, 160, 136, 99, 32, 250, 201, 13, 87, 114, 56, 24, 236, 119, 61, 176, 234, 177, 151, 169, 195, 254, 70, 205, 94, 33, 157, 40, 183, 143, 229, 227, 12, 155, 197, 53, 206, 1, 158, 124, 117, 230, 100, 139, 81, 174, 226, 37, 253, 38, 164, 106, 78, 137, 54, 159, 163, 97, 39, 152, 49, 8, 36, 84, 46, 88, 142, 50, 

Нелінійність  = 98 

Алгебраїчний імунітет  = 3 

Дельта-рівномірність  = 10 

Лінійна збитковість = 0 



99, 124, 119, 207, 242, 107, 57, 197, 192, 1, 103, 249, 254, 215, 126, 118, 202, 68, 201, 75, 250, 89, 71, 240, 173, 212, 162, 175, 156, 164, 102, 48, 178, 253, 147, 151, 234, 63, 219, 238, 52, 10, 229, 241, 113, 183, 217, 21, 4, 199, 35, 195, 24, 150, 5, 154, 7, 18, 128, 226, 235, 39, 216, 117, 9, 131, 44, 26, 27, 110, 90, 160, 82, 59, 214, 179, 41, 227, 47, 132, 83, 209, 0, 237, 32, 252, 177, 91, 106, 203, 190, 111, 74, 76, 88, 123, 208, 239, 170, 251, 67, 77, 51, 133, 69, 43, 2, 127, 80, 60, 159, 168, 81, 163, 64, 143, 146, 157, 56, 245, 188, 182, 218, 33, 16, 255, 243, 210, 205, 12, 19, 236, 95, 38, 130, 23, 196, 167, 171, 61, 100, 93, 25, 115, 96, 129, 79, 220, 34, 42, 144, 136, 70, 78, 184, 20, 222, 94, 11, 244, 224, 50, 58, 165, 73, 6, 36, 92, 194, 211, 172, 98, 145, 149, 228, 121, 231, 200, 55, 109, 141, 213, 158, 169, 108, 86, 233, 54, 101, 122, 174, 8, 186, 120, 37, 46, 28, 166, 180, 198, 232, 221, 116, 31, 125, 189, 139, 138, 112, 62, 181, 114, 72, 3, 246, 14, 97, 53, 87, 185, 134, 193, 29, 248, 225, 230, 152, 17, 105, 49, 142, 148, 155, 30, 135, 176, 206, 85, 40, 223, 140, 161, 137, 13, 191, 66, 247, 104, 65, 153, 45, 15, 204, 84, 187, 22, 

Нелінійність  = 98 

Алгебраїчний імунітет  = 3 

Дельта-рівномірність  = 8 

Лінійна збитковість = 0 



124, 114, 38, 109, 204, 50, 127, 224, 88, 180, 218, 193, 177, 19, 99, 6, 243, 67, 186, 40, 71, 171, 182, 229, 68, 39, 15, 69, 58, 137, 165, 24, 2, 52, 76, 132, 176, 104, 192, 163, 179, 141, 53, 5, 78, 129, 85, 239, 30, 12, 89, 17, 161, 236, 153, 22, 106, 207, 148, 251, 205, 135, 11, 41, 201, 216, 228, 155, 54, 7, 57, 209, 147, 188, 73, 126, 113, 136, 36, 253, 250, 172, 245, 142, 121, 144, 122, 101, 60, 44, 173, 34, 8, 134, 32, 167, 26, 219, 200, 42, 111, 232, 35, 79, 138, 25, 194, 93, 159, 125, 254, 131, 202, 174, 28, 16, 237, 154, 184, 51, 117, 102, 181, 18, 70, 87, 81, 59, 105, 143, 98, 244, 220, 164, 46, 115, 120, 77, 190, 110, 191, 9, 158, 187, 169, 90, 63, 91, 82, 65, 168, 246, 157, 199, 33, 248, 45, 156, 112, 183, 203, 170, 234, 146, 149, 133, 107, 196, 226, 31, 252, 49, 175, 233, 61, 10, 208, 75, 108, 66, 145, 151, 198, 130, 240, 1, 152, 116, 74, 119, 103, 249, 20, 211, 195, 242, 197, 227, 13, 72, 206, 221, 166, 55, 27, 97, 213, 255, 37, 56, 185, 0, 235, 223, 94, 95, 47, 222, 118, 189, 212, 247, 14, 100, 238, 64, 214, 92, 162, 83, 84, 178, 62, 160, 215, 230, 21, 80, 3, 150, 29, 86, 96, 217, 48, 43, 128, 241, 4, 123, 231, 139, 210, 140, 23, 225, 

Нелінійність  = 96 

Алгебраїчний імунітет  = 3 

Дельта-рівномірність  = 10 

Лінійна збитковість = 0 



122, 255, 133, 125, 241, 204, 218, 33, 145, 215, 1, 159, 200, 190, 76, 48, 211, 184, 178, 61, 68, 8, 172, 118, 222, 154, 84, 210, 193, 56, 105, 175, 127, 249, 53, 96, 207, 185, 247, 187, 34, 134, 35, 183, 129, 194, 166, 243, 179, 65, 46, 36, 81, 208, 192, 69, 113, 117, 149, 225, 83, 39, 132, 197, 90, 5, 119, 102, 167, 80, 253, 37, 18, 23, 6, 73, 77, 22, 227, 99, 108, 124, 63, 32, 94, 251, 97, 100, 11, 147, 162, 19, 0, 242, 152, 24, 245, 109, 173, 72, 177, 223, 51, 38, 135, 216, 142, 40, 202, 57, 75, 201, 199, 74, 236, 31, 136, 47, 110, 168, 219, 21, 114, 87, 244, 181, 254, 64, 146, 188, 2, 92, 42, 121, 186, 155, 115, 16, 9, 198, 232, 25, 66, 41, 174, 176, 62, 13, 189, 49, 101, 111, 137, 164, 230, 248, 98, 148, 156, 91, 220, 10, 59, 67, 214, 52, 7, 79, 126, 107, 213, 45, 93, 191, 171, 224, 206, 85, 158, 50, 238, 29, 106, 252, 229, 195, 180, 112, 240, 95, 234, 153, 237, 104, 26, 20, 239, 58, 89, 71, 70, 88, 169, 143, 161, 139, 203, 228, 123, 233, 120, 196, 27, 163, 205, 246, 151, 130, 128, 165, 60, 30, 209, 212, 141, 250, 157, 226, 4, 140, 217, 116, 170, 54, 103, 15, 235, 12, 182, 43, 150, 221, 14, 231, 17, 3, 138, 55, 78, 44, 86, 160, 28, 144, 131, 82, 

Нелінійність  = 96 

Алгебраїчний імунітет  = 3 

Дельта-рівномірність  = 14 

Лінійна збитковість = 0 



120, 136, 241, 60, 190, 46, 212, 144, 37, 147, 75, 184, 47, 65, 213, 149, 23, 155, 70, 245, 145, 17, 188, 133, 254, 187, 33, 224, 78, 63, 100, 177, 107, 86, 162, 130, 186, 229, 142, 148, 25, 173, 132, 255, 234, 8, 80, 111, 62, 66, 19, 216, 84, 29, 13, 206, 202, 12, 87, 252, 122, 42, 32, 189, 101, 11, 41, 209, 26, 4, 219, 5, 10, 129, 48, 109, 54, 243, 57, 236, 45, 79, 51, 89, 196, 153, 201, 124, 208, 179, 163, 126, 134, 110, 92, 125, 253, 205, 58, 218, 88, 223, 182, 217, 72, 215, 211, 40, 180, 91, 16, 128, 90, 56, 14, 35, 250, 28, 123, 178, 139, 198, 83, 52, 99, 157, 39, 199, 104, 74, 183, 151, 228, 15, 106, 116, 34, 1, 117, 195, 71, 171, 105, 203, 233, 181, 96, 0, 103, 9, 31, 200, 231, 143, 249, 168, 242, 20, 27, 248, 164, 3, 49, 55, 150, 207, 175, 76, 121, 2, 176, 246, 146, 238, 227, 93, 240, 81, 44, 36, 30, 141, 237, 127, 251, 50, 230, 244, 169, 221, 95, 247, 113, 166, 165, 194, 98, 131, 204, 38, 193, 115, 137, 154, 210, 43, 118, 222, 77, 82, 21, 174, 61, 220, 161, 67, 24, 59, 172, 170, 6, 167, 239, 152, 226, 192, 102, 69, 185, 235, 53, 114, 18, 159, 119, 108, 156, 22, 197, 140, 64, 68, 112, 7, 135, 138, 94, 225, 97, 73, 158, 191, 85, 232, 214, 160, 

Нелінійність  = 96 

Алгебраїчний імунітет  = 3 

Дельта-рівномірність  = 12 

Лінійна збитковість = 0 



50, 193, 153, 64, 108, 168, 113, 197, 72, 79, 116, 207, 127, 67, 225, 86, 53, 180, 130, 250, 134, 144, 230, 236, 182, 224, 238, 22, 69, 11, 16, 14, 143, 122, 87, 19, 188, 216, 213, 152, 88, 227, 129, 131, 45, 179, 43, 212, 183, 39, 104, 5, 120, 232, 234, 161, 58, 75, 219, 8, 126, 160, 62, 70, 165, 173, 240, 17, 145, 255, 112, 15, 89, 176, 10, 28, 102, 228, 164, 147, 246, 162, 135, 214, 136, 106, 220, 138, 151, 237, 223, 139, 41, 215, 55, 158, 198, 59, 141, 47, 23, 195, 184, 74, 221, 110, 208, 248, 217, 186, 204, 175, 82, 170, 92, 174, 99, 84, 247, 203, 254, 25, 140, 107, 105, 155, 149, 242, 34, 123, 211, 46, 40, 80, 181, 243, 154, 71, 96, 33, 56, 121, 66, 146, 202, 137, 185, 26, 233, 4, 52, 31, 77, 167, 94, 196, 49, 24, 148, 57, 21, 32, 60, 0, 42, 114, 157, 209, 91, 18, 93, 156, 128, 210, 101, 7, 118, 249, 38, 29, 150, 187, 83, 222, 163, 201, 191, 100, 190, 171, 103, 245, 95, 90, 119, 97, 218, 115, 132, 253, 63, 9, 98, 81, 205, 51, 133, 169, 235, 36, 65, 172, 178, 35, 30, 231, 76, 166, 199, 73, 1, 37, 54, 2, 189, 48, 78, 27, 6, 12, 239, 244, 206, 44, 241, 229, 159, 251, 117, 192, 3, 13, 125, 252, 20, 194, 61, 85, 124, 109, 68, 226, 200, 111, 177, 142, 

Нелінійність  = 96 

Алгебраїчний імунітет  = 3 

Дельта-рівномірність  = 12 

Лінійна збитковість = 0 



122, 255, 133, 125, 241, 204, 218, 33, 145, 215, 1, 159, 200, 190, 76, 48, 211, 184, 178, 61, 68, 8, 172, 118, 222, 154, 84, 210, 193, 56, 105, 175, 127, 249, 53, 96, 207, 185, 247, 187, 34, 134, 35, 183, 129, 194, 166, 243, 179, 65, 46, 36, 81, 208, 192, 69, 113, 117, 149, 225, 83, 39, 132, 197, 90, 5, 119, 102, 167, 80, 253, 37, 18, 23, 6, 73, 77, 22, 227, 99, 108, 124, 63, 32, 94, 251, 97, 100, 11, 147, 162, 19, 0, 242, 152, 24, 245, 109, 173, 72, 177, 223, 51, 38, 135, 216, 142, 40, 202, 57, 75, 201, 199, 74, 236, 31, 136, 47, 110, 168, 219, 21, 114, 87, 244, 181, 254, 64, 146, 188, 2, 92, 42, 121, 186, 155, 115, 16, 9, 198, 232, 25, 66, 41, 174, 176, 62, 13, 189, 49, 101, 111, 137, 164, 230, 248, 98, 148, 156, 91, 220, 10, 59, 67, 214, 52, 7, 79, 126, 107, 213, 45, 93, 191, 171, 224, 206, 85, 158, 50, 238, 29, 106, 252, 229, 195, 180, 112, 240, 95, 234, 153, 237, 104, 26, 20, 239, 58, 89, 71, 70, 88, 169, 143, 161, 139, 203, 228, 123, 233, 120, 196, 27, 163, 205, 246, 151, 130, 128, 165, 60, 30, 209, 212, 141, 250, 157, 226, 4, 140, 217, 116, 170, 54, 103, 15, 235, 12, 182, 43, 150, 221, 14, 231, 17, 3, 138, 55, 78, 44, 86, 160, 28, 144, 131, 82, 

Нелінійність  = 96 

Алгебраїчний імунітет  = 3 

Дельта-рівномірність  = 14 

Лінійна збитковість = 0 



89, 118, 58, 155, 13, 138, 60, 224, 54, 183, 237, 228, 104, 36, 150, 103, 37, 244, 12, 65, 48, 126, 101, 39, 132, 225, 73, 151, 196, 216, 122, 200, 222, 82, 140, 248, 8, 235, 45, 233, 66, 161, 23, 234, 52, 191, 34, 232, 231, 11, 44, 185, 250, 212, 1, 128, 165, 22, 149, 213, 53, 38, 253, 81, 219, 192, 46, 190, 28, 164, 25, 239, 119, 24, 43, 215, 35, 59, 42, 80, 109, 19, 40, 57, 205, 47, 220, 75, 55, 171, 204, 174, 56, 18, 86, 249, 186, 230, 227, 105, 121, 3, 241, 91, 68, 49, 152, 172, 30, 166, 145, 189, 77, 218, 90, 198, 94, 223, 147, 184, 195, 202, 31, 229, 107, 177, 76, 20, 67, 135, 141, 116, 238, 221, 210, 179, 15, 252, 131, 169, 115, 236, 181, 71, 27, 168, 142, 50, 255, 99, 157, 207, 245, 110, 246, 201, 226, 64, 159, 206, 209, 74, 63, 70, 158, 160, 98, 95, 148, 62, 170, 9, 124, 7, 112, 136, 187, 5, 61, 137, 108, 242, 254, 92, 217, 194, 208, 120, 199, 72, 102, 143, 178, 97, 134, 175, 87, 162, 0, 84, 173, 130, 106, 83, 51, 4, 203, 96, 69, 156, 85, 180, 78, 32, 93, 127, 146, 193, 113, 17, 182, 123, 117, 111, 247, 21, 163, 41, 125, 88, 188, 167, 240, 29, 144, 153, 214, 243, 154, 10, 211, 16, 79, 114, 133, 2, 251, 26, 6, 139, 14, 197, 100, 33, 129, 176, 

Нелінійність  = 96 

Алгебраїчний імунітет  = 3 

Дельта-рівномірність  = 12 

Лінійна збитковість = 0 



70, 77, 155, 109, 22, 142, 59, 194, 238, 225, 41, 19, 125, 66, 213, 100, 205, 186, 203, 184, 113, 124, 11, 233, 144, 196, 139, 207, 143, 156, 137, 223, 204, 237, 159, 230, 222, 126, 61, 181, 36, 127, 27, 91, 129, 251, 42, 252, 246, 16, 195, 25, 23, 173, 4, 76, 24, 178, 227, 254, 38, 190, 180, 64, 148, 78, 47, 123, 13, 161, 97, 116, 95, 105, 57, 228, 197, 56, 226, 138, 5, 18, 191, 30, 104, 29, 215, 101, 32, 35, 208, 85, 235, 147, 39, 92, 217, 243, 136, 94, 1, 88, 0, 198, 86, 199, 177, 153, 118, 234, 154, 174, 216, 75, 232, 209, 135, 54, 145, 108, 160, 187, 60, 211, 185, 6, 214, 206, 7, 219, 51, 62, 33, 221, 68, 172, 20, 182, 239, 112, 170, 152, 255, 69, 133, 193, 72, 8, 120, 34, 163, 79, 106, 99, 167, 164, 46, 107, 17, 210, 149, 2, 171, 176, 110, 168, 158, 102, 12, 189, 122, 103, 150, 10, 134, 73, 50, 48, 82, 49, 188, 119, 157, 179, 241, 166, 130, 111, 121, 253, 240, 93, 231, 242, 3, 53, 40, 218, 128, 89, 202, 250, 220, 151, 140, 84, 146, 14, 200, 90, 169, 249, 81, 114, 247, 117, 58, 131, 248, 245, 115, 9, 21, 183, 31, 52, 43, 96, 98, 212, 45, 74, 26, 37, 236, 132, 55, 15, 192, 165, 65, 224, 63, 244, 141, 162, 83, 80, 71, 201, 67, 28, 87, 229, 44, 175, 

Нелінійність  = 96 

Алгебраїчний імунітет  = 3 

Дельта-рівномірність  = 10 

Лінійна збитковість = 0 



100, 182, 177, 77, 109, 132, 61, 0, 73, 138, 123, 207, 88, 233, 227, 94, 211, 180, 29, 144, 59, 105, 106, 13, 193, 209, 164, 200, 130, 147, 69, 216, 181, 99, 135, 201, 37, 19, 86, 11, 60, 187, 12, 26, 91, 39, 56, 198, 146, 17, 165, 166, 197, 122, 151, 114, 242, 168, 150, 245, 3, 192, 143, 71, 160, 137, 239, 243, 27, 225, 35, 157, 47, 36, 34, 171, 33, 21, 140, 154, 9, 237, 74, 31, 25, 84, 44, 45, 113, 226, 240, 255, 82, 80, 30, 218, 206, 244, 169, 251, 250, 108, 66, 174, 152, 92, 220, 189, 78, 145, 68, 253, 163, 161, 247, 167, 5, 170, 219, 176, 249, 254, 231, 204, 175, 121, 118, 40, 234, 186, 196, 232, 55, 131, 238, 208, 14, 194, 158, 24, 126, 134, 90, 230, 128, 191, 38, 10, 178, 229, 159, 241, 20, 116, 212, 235, 183, 70, 142, 85, 28, 8, 15, 23, 205, 98, 52, 2, 222, 246, 210, 102, 202, 41, 119, 65, 32, 93, 51, 46, 49, 179, 195, 83, 22, 224, 64, 72, 155, 63, 248, 4, 110, 53, 89, 75, 223, 133, 188, 236, 173, 54, 127, 62, 79, 103, 42, 141, 136, 129, 203, 104, 1, 43, 67, 111, 162, 58, 172, 252, 228, 48, 7, 217, 185, 81, 112, 153, 120, 16, 50, 190, 213, 184, 107, 18, 214, 101, 76, 125, 115, 156, 117, 95, 6, 96, 221, 149, 215, 97, 199, 124, 139, 87, 148, 57, 

Нелінійність  = 96 

Алгебраїчний імунітет  = 3 

Дельта-рівномірність  = 12 

Лінійна збитковість = 0 



142, 100, 63, 178, 62, 128, 159, 229, 247, 215, 41, 42, 107, 17, 211, 76, 23, 140, 175, 104, 97, 119, 236, 95, 155, 192, 146, 214, 109, 82, 144, 181, 4, 242, 67, 52, 46, 43, 34, 222, 205, 177, 235, 79, 91, 243, 58, 164, 209, 190, 251, 187, 226, 180, 85, 204, 191, 171, 210, 221, 83, 249, 161, 123, 184, 75, 26, 250, 206, 145, 47, 147, 99, 60, 18, 154, 48, 231, 212, 141, 220, 248, 233, 84, 71, 57, 200, 54, 255, 22, 31, 169, 198, 113, 56, 167, 21, 39, 133, 13, 14, 19, 27, 230, 94, 6, 219, 213, 112, 241, 201, 132, 174, 244, 254, 55, 156, 193, 29, 86, 252, 183, 149, 189, 5, 72, 216, 176, 135, 15, 224, 118, 74, 136, 111, 122, 199, 182, 101, 37, 173, 106, 16, 53, 227, 93, 30, 166, 217, 12, 90, 121, 61, 239, 203, 2, 160, 139, 70, 232, 102, 3, 65, 143, 11, 234, 68, 38, 253, 28, 116, 228, 225, 78, 148, 1, 153, 163, 9, 152, 137, 81, 150, 197, 195, 10, 32, 165, 103, 245, 98, 223, 196, 24, 240, 108, 237, 138, 186, 168, 92, 238, 170, 0, 25, 77, 162, 125, 115, 246, 36, 7, 8, 49, 120, 127, 134, 126, 131, 105, 202, 69, 45, 110, 33, 66, 129, 114, 40, 185, 194, 20, 208, 172, 35, 130, 59, 87, 51, 218, 88, 96, 188, 89, 117, 179, 207, 157, 80, 50, 64, 158, 151, 124, 44, 73, 

Нелінійність  = 96 

Алгебраїчний імунітет  = 3 

Дельта-рівномірність  = 10 

Лінійна збитковість = 0 



145, 149, 92, 139, 67, 56, 159, 194, 32, 143, 137, 16, 82, 2, 142, 90, 254, 164, 18, 66, 39, 129, 9, 85, 212, 242, 167, 153, 203, 217, 126, 228, 5, 45, 216, 26, 231, 79, 252, 226, 205, 193, 222, 12, 118, 204, 72, 237, 179, 172, 109, 1, 168, 80, 163, 162, 200, 211, 25, 105, 230, 225, 150, 120, 14, 196, 236, 29, 20, 119, 112, 191, 17, 48, 248, 247, 34, 229, 207, 123, 53, 71, 243, 241, 35, 7, 173, 98, 41, 28, 198, 78, 106, 55, 31, 8, 4, 87, 253, 199, 213, 69, 42, 147, 89, 124, 232, 23, 13, 33, 113, 201, 30, 148, 180, 128, 188, 141, 6, 38, 64, 183, 202, 81, 0, 61, 146, 208, 178, 122, 157, 70, 175, 197, 221, 219, 50, 37, 227, 192, 51, 108, 3, 160, 36, 185, 68, 155, 233, 249, 27, 83, 215, 186, 63, 255, 10, 115, 244, 111, 43, 235, 60, 15, 22, 220, 251, 171, 238, 224, 174, 97, 116, 133, 88, 57, 206, 102, 103, 49, 114, 161, 110, 152, 135, 245, 144, 54, 44, 24, 195, 131, 21, 96, 210, 214, 19, 181, 134, 130, 47, 234, 40, 250, 107, 62, 86, 223, 176, 240, 104, 140, 136, 99, 46, 169, 52, 184, 189, 77, 76, 138, 156, 154, 246, 94, 91, 218, 165, 209, 158, 187, 75, 177, 121, 182, 151, 95, 170, 239, 73, 93, 190, 166, 74, 132, 125, 101, 84, 117, 65, 11, 58, 127, 100, 59, 

Нелінійність  = 96 

Алгебраїчний імунітет  = 3 

Дельта-рівномірність  = 10 

Лінійна збитковість = 0 



149, 77, 66, 95, 42, 69, 59, 29, 223, 169, 68, 36, 12, 15, 198, 178, 4, 110, 248, 161, 40, 44, 3, 80, 211, 49, 165, 87, 160, 158, 135, 252, 167, 23, 123, 6, 231, 232, 84, 190, 74, 162, 54, 91, 100, 9, 244, 17, 153, 21, 250, 242, 195, 143, 157, 138, 210, 245, 132, 253, 0, 118, 194, 142, 202, 168, 191, 76, 199, 112, 116, 204, 67, 13, 38, 33, 126, 16, 20, 96, 51, 57, 127, 63, 26, 119, 227, 125, 128, 94, 222, 166, 31, 30, 129, 206, 11, 233, 213, 98, 230, 251, 53, 136, 39, 58, 159, 101, 146, 8, 176, 226, 90, 137, 18, 113, 48, 148, 75, 106, 180, 175, 65, 103, 246, 32, 34, 187, 221, 247, 217, 183, 224, 134, 205, 83, 185, 5, 89, 139, 109, 45, 107, 60, 108, 240, 56, 215, 229, 163, 150, 189, 216, 218, 228, 114, 154, 152, 46, 61, 214, 236, 19, 171, 24, 124, 70, 50, 182, 192, 86, 249, 170, 102, 147, 1, 172, 219, 120, 97, 186, 62, 225, 155, 238, 234, 93, 220, 145, 10, 2, 37, 28, 241, 144, 235, 92, 177, 181, 174, 104, 79, 141, 117, 111, 254, 200, 78, 47, 201, 25, 115, 151, 71, 130, 239, 55, 99, 88, 208, 105, 212, 14, 156, 43, 22, 207, 164, 173, 184, 196, 255, 209, 179, 72, 73, 82, 85, 188, 237, 193, 203, 41, 52, 81, 7, 131, 35, 121, 133, 27, 197, 64, 140, 122, 243, 

Нелінійність  = 96 

Алгебраїчний імунітет  = 3 

Дельта-рівномірність  = 12 

Лінійна збитковість = 0 



137, 119, 94, 174, 105, 150, 147, 227, 207, 187, 66, 59, 152, 85, 208, 107, 92, 163, 180, 126, 133, 127, 202, 79, 177, 205, 164, 230, 209, 116, 134, 212, 73, 14, 97, 77, 49, 47, 89, 224, 173, 190, 247, 130, 112, 244, 57, 35, 183, 25, 217, 206, 192, 249, 102, 144, 186, 145, 238, 182, 132, 232, 91, 131, 160, 114, 22, 220, 167, 159, 55, 141, 98, 74, 68, 33, 67, 241, 109, 151, 250, 12, 194, 65, 161, 115, 188, 69, 228, 96, 88, 179, 191, 111, 82, 196, 8, 104, 80, 86, 51, 45, 60, 229, 138, 72, 203, 200, 129, 213, 210, 158, 195, 120, 231, 197, 56, 148, 75, 146, 248, 39, 30, 34, 40, 124, 42, 223, 17, 28, 204, 198, 100, 142, 169, 121, 136, 211, 117, 43, 101, 143, 226, 83, 108, 95, 122, 170, 90, 50, 165, 246, 175, 5, 27, 41, 215, 172, 1, 240, 218, 13, 84, 118, 235, 78, 21, 58, 252, 123, 4, 216, 242, 106, 221, 36, 9, 176, 6, 162, 168, 166, 7, 243, 193, 52, 19, 24, 155, 156, 237, 189, 184, 62, 199, 70, 110, 128, 149, 87, 76, 2, 254, 29, 38, 103, 222, 251, 0, 32, 16, 44, 219, 18, 171, 61, 3, 157, 26, 253, 201, 31, 48, 135, 214, 99, 185, 113, 153, 139, 11, 63, 64, 23, 54, 140, 178, 181, 234, 239, 154, 245, 81, 236, 93, 20, 10, 225, 15, 53, 71, 37, 233, 125, 46, 255, 

Нелінійність  = 96 

Алгебраїчний імунітет  = 3 

Дельта-рівномірність  = 12 

Лінійна збитковість = 0 



167, 223, 79, 156, 181, 63, 216, 217, 175, 78, 213, 187, 83, 73, 130, 149, 225, 58, 202, 51, 92, 54, 171, 245, 243, 240, 196, 143, 197, 193, 98, 9, 176, 7, 155, 154, 140, 56, 169, 238, 94, 221, 173, 110, 101, 114, 206, 123, 32, 90, 212, 107, 59, 112, 31, 178, 229, 62, 127, 109, 227, 253, 194, 208, 210, 241, 95, 168, 81, 48, 91, 220, 190, 162, 53, 105, 207, 97, 195, 144, 68, 102, 128, 66, 77, 242, 146, 248, 21, 246, 113, 37, 84, 2, 183, 147, 47, 111, 118, 135, 74, 203, 172, 157, 64, 87, 235, 117, 36, 191, 252, 10, 80, 200, 134, 103, 184, 132, 185, 239, 88, 3, 39, 180, 150, 8, 99, 231, 174, 116, 124, 166, 237, 0, 218, 164, 22, 61, 161, 138, 163, 165, 139, 232, 43, 224, 247, 199, 228, 76, 204, 41, 96, 230, 85, 189, 153, 75, 38, 250, 198, 57, 40, 42, 46, 125, 104, 71, 16, 30, 4, 209, 129, 145, 29, 6, 120, 69, 28, 133, 244, 214, 52, 1, 234, 106, 251, 215, 205, 186, 121, 115, 222, 254, 141, 33, 50, 211, 158, 93, 19, 201, 142, 13, 182, 67, 45, 170, 188, 159, 18, 65, 122, 35, 160, 89, 177, 100, 119, 11, 60, 86, 24, 226, 137, 72, 236, 148, 70, 5, 179, 25, 131, 249, 219, 34, 44, 17, 20, 136, 55, 233, 192, 108, 14, 126, 255, 12, 151, 23, 15, 49, 26, 27, 82, 152, 

Нелінійність  = 96 

Алгебраїчний імунітет  = 3 

Дельта-рівномірність  = 10 

Лінійна збитковість = 0 



199, 218, 67, 201, 209, 115, 116, 97, 176, 71, 63, 166, 150, 144, 179, 147, 207, 172, 151, 187, 193, 152, 60, 73, 221, 198, 104, 216, 232, 244, 123, 79, 191, 84, 90, 155, 69, 65, 195, 127, 47, 99, 95, 146, 181, 88, 184, 58, 45, 230, 118, 246, 35, 78, 37, 190, 219, 66, 213, 11, 108, 248, 98, 200, 134, 140, 149, 137, 154, 34, 105, 237, 205, 117, 167, 114, 100, 185, 76, 202, 109, 83, 27, 223, 217, 133, 165, 82, 222, 96, 128, 102, 81, 49, 121, 241, 161, 177, 145, 243, 30, 40, 38, 122, 125, 174, 42, 106, 148, 178, 160, 15, 143, 62, 33, 189, 211, 168, 156, 153, 163, 220, 186, 25, 89, 245, 124, 238, 86, 36, 225, 242, 139, 92, 56, 119, 206, 231, 234, 239, 224, 80, 204, 2, 8, 54, 169, 208, 157, 120, 22, 171, 162, 94, 141, 215, 130, 227, 51, 126, 87, 1, 164, 113, 136, 214, 75, 70, 50, 44, 10, 159, 24, 192, 235, 101, 0, 46, 12, 74, 61, 253, 233, 131, 182, 212, 110, 158, 194, 64, 16, 255, 210, 138, 48, 28, 188, 203, 41, 226, 59, 229, 7, 26, 52, 5, 13, 103, 21, 180, 173, 240, 129, 53, 6, 228, 23, 142, 77, 39, 91, 85, 32, 20, 197, 251, 72, 57, 3, 14, 175, 4, 132, 19, 250, 135, 247, 236, 31, 68, 93, 17, 29, 55, 170, 196, 249, 43, 183, 254, 252, 18, 111, 112, 107, 9, 

Нелінійність  = 96 

Алгебраїчний імунітет  = 3 

Дельта-рівномірність  = 12 

Лінійна збитковість = 0 



140, 187, 151, 158, 137, 125, 119, 220, 181, 16, 34, 52, 84, 241, 175, 120, 96, 164, 81, 129, 123, 77, 78, 134, 211, 109, 192, 155, 139, 227, 32, 87, 71, 106, 127, 177, 53, 33, 249, 65, 215, 173, 24, 166, 94, 203, 45, 150, 133, 202, 31, 230, 47, 162, 193, 245, 163, 232, 178, 102, 141, 183, 244, 85, 91, 176, 161, 243, 159, 148, 88, 99, 36, 58, 82, 207, 25, 10, 69, 246, 154, 100, 172, 118, 180, 26, 136, 210, 160, 205, 204, 59, 229, 74, 90, 216, 233, 113, 179, 224, 8, 225, 156, 132, 144, 197, 130, 200, 38, 242, 182, 228, 56, 168, 93, 250, 196, 190, 50, 55, 3, 89, 13, 219, 218, 112, 206, 185, 2, 14, 153, 248, 143, 60, 238, 70, 51, 80, 66, 104, 146, 199, 39, 64, 239, 108, 72, 83, 217, 226, 142, 44, 221, 247, 222, 107, 157, 42, 62, 195, 135, 138, 186, 63, 236, 174, 101, 79, 41, 1, 105, 76, 235, 48, 75, 128, 189, 27, 114, 208, 67, 212, 213, 152, 149, 30, 214, 95, 209, 124, 9, 194, 237, 103, 98, 223, 240, 116, 68, 92, 253, 11, 49, 111, 54, 7, 57, 121, 22, 122, 86, 126, 117, 23, 251, 167, 188, 18, 17, 191, 234, 145, 201, 19, 46, 115, 255, 35, 73, 171, 29, 169, 165, 37, 28, 97, 20, 21, 131, 184, 6, 15, 40, 147, 231, 4, 43, 61, 254, 12, 5, 198, 170, 110, 252, 0, 

Нелінійність  = 96 

Алгебраїчний імунітет  = 3 

Дельта-рівномірність  = 12 

Лінійна збитковість = 0 



104, 152, 142, 151, 12, 132, 103, 203, 72, 19, 114, 56, 22, 229, 195, 138, 208, 136, 213, 148, 11, 98, 82, 5, 120, 238, 180, 162, 179, 164, 121, 210, 181, 18, 171, 48, 66, 69, 3, 2, 64, 160, 246, 0, 139, 240, 91, 76, 9, 216, 42, 212, 37, 159, 243, 174, 17, 173, 133, 231, 6, 49, 196, 141, 28, 140, 89, 38, 30, 60, 57, 165, 242, 154, 233, 206, 58, 250, 75, 143, 97, 235, 23, 239, 41, 105, 202, 93, 145, 221, 218, 96, 108, 83, 115, 207, 225, 241, 175, 8, 74, 177, 79, 158, 29, 228, 21, 155, 88, 68, 169, 40, 149, 167, 90, 220, 147, 186, 197, 190, 131, 248, 123, 35, 254, 15, 198, 4, 227, 25, 27, 237, 107, 251, 199, 33, 111, 191, 230, 65, 109, 117, 157, 122, 84, 81, 126, 253, 39, 47, 168, 252, 170, 234, 205, 192, 166, 100, 51, 245, 222, 62, 70, 53, 50, 44, 43, 102, 200, 226, 16, 125, 106, 113, 134, 150, 87, 7, 211, 137, 1, 14, 217, 101, 146, 110, 214, 255, 215, 95, 77, 31, 176, 130, 52, 128, 194, 172, 119, 94, 129, 78, 187, 34, 185, 193, 71, 178, 209, 92, 182, 118, 13, 24, 219, 73, 124, 232, 46, 189, 80, 249, 204, 184, 163, 135, 144, 26, 54, 161, 20, 224, 156, 63, 32, 244, 112, 201, 99, 116, 188, 67, 85, 153, 223, 236, 36, 127, 10, 45, 61, 55, 59, 86, 183, 247, 

Нелінійність  = 96 

Алгебраїчний імунітет  = 3 

Дельта-рівномірність  = 12 

Лінійна збитковість = 0 



94, 221, 172, 84, 156, 196, 151, 180, 110, 129, 112, 195, 241, 119, 200, 86, 108, 186, 159, 206, 127, 124, 233, 237, 211, 218, 203, 96, 102, 46, 42, 62, 152, 139, 91, 50, 199, 208, 235, 148, 79, 210, 117, 155, 1, 188, 87, 236, 179, 55, 74, 37, 123, 252, 227, 149, 142, 103, 202, 69, 122, 161, 95, 120, 154, 153, 229, 45, 162, 219, 150, 48, 215, 170, 25, 59, 121, 190, 184, 163, 194, 83, 141, 181, 132, 38, 205, 39, 126, 220, 213, 125, 40, 223, 248, 80, 234, 93, 82, 68, 140, 105, 166, 76, 183, 224, 212, 157, 177, 136, 182, 209, 115, 164, 138, 160, 137, 98, 4, 204, 244, 49, 254, 73, 61, 28, 2, 147, 92, 41, 106, 255, 0, 101, 178, 243, 171, 88, 9, 97, 193, 54, 146, 64, 198, 173, 78, 118, 65, 21, 250, 63, 99, 197, 246, 7, 10, 77, 231, 228, 169, 47, 240, 44, 135, 20, 130, 15, 107, 17, 176, 225, 128, 217, 70, 81, 22, 100, 32, 247, 187, 222, 13, 242, 144, 207, 85, 114, 90, 66, 26, 75, 29, 134, 238, 33, 35, 226, 24, 16, 165, 14, 249, 71, 67, 12, 72, 113, 232, 51, 168, 3, 245, 104, 27, 34, 251, 158, 216, 56, 89, 239, 19, 60, 192, 189, 145, 5, 23, 201, 191, 57, 111, 11, 58, 167, 214, 18, 36, 116, 185, 52, 31, 253, 131, 230, 109, 174, 30, 133, 143, 6, 43, 8, 175, 53, 

Нелінійність  = 96 

Алгебраїчний імунітет  = 3 

Дельта-рівномірність  = 12 

Лінійна збитковість = 0 



82, 124, 178, 114, 78, 141, 71, 176, 209, 203, 84, 75, 129, 122, 241, 101, 222, 247, 181, 199, 115, 121, 46, 197, 183, 228, 146, 208, 168, 180, 182, 248, 215, 226, 65, 231, 79, 103, 73, 169, 55, 143, 58, 94, 123, 225, 49, 0, 219, 44, 188, 68, 90, 167, 60, 97, 95, 196, 212, 21, 52, 190, 175, 154, 8, 119, 98, 172, 33, 195, 86, 155, 232, 92, 62, 125, 158, 100, 205, 185, 30, 186, 171, 48, 89, 54, 192, 91, 66, 99, 194, 142, 207, 133, 45, 151, 229, 6, 173, 145, 42, 160, 210, 245, 211, 161, 4, 162, 252, 237, 108, 93, 227, 106, 107, 218, 235, 109, 34, 22, 244, 18, 128, 81, 51, 43, 206, 87, 88, 85, 246, 80, 220, 200, 254, 193, 47, 111, 23, 239, 149, 174, 233, 13, 140, 113, 11, 36, 131, 102, 187, 136, 255, 120, 63, 25, 253, 234, 67, 1, 148, 249, 41, 159, 112, 157, 38, 201, 69, 214, 166, 116, 163, 135, 37, 250, 74, 179, 118, 64, 202, 29, 153, 170, 198, 12, 177, 15, 96, 224, 83, 19, 17, 127, 20, 61, 152, 223, 144, 77, 238, 3, 217, 251, 24, 130, 213, 221, 204, 137, 40, 139, 76, 56, 216, 110, 189, 35, 72, 5, 59, 164, 28, 26, 9, 105, 14, 230, 39, 243, 242, 70, 31, 104, 32, 126, 147, 2, 138, 117, 10, 27, 50, 7, 191, 156, 53, 57, 165, 132, 240, 236, 150, 184, 16, 134, 

Нелінійність  = 96 

Алгебраїчний імунітет  = 3 

Дельта-рівномірність  = 12 

Лінійна збитковість = 0 



197, 216, 89, 235, 209, 141, 129, 134, 186, 69, 61, 139, 168, 179, 201, 144, 39, 187, 163, 193, 208, 159, 90, 114, 238, 188, 137, 226, 236, 7, 112, 101, 166, 108, 110, 48, 71, 67, 230, 122, 189, 124, 99, 165, 184, 125, 198, 46, 75, 240, 100, 244, 53, 106, 91, 219, 254, 65, 220, 66, 121, 243, 156, 173, 82, 175, 10, 183, 30, 68, 113, 85, 185, 130, 178, 149, 117, 158, 88, 231, 120, 104, 212, 224, 210, 126, 167, 15, 98, 140, 145, 80, 172, 60, 31, 3, 213, 128, 162, 250, 35, 87, 26, 77, 177, 223, 78, 150, 174, 214, 63, 11, 21, 92, 16, 221, 218, 20, 135, 157, 136, 127, 251, 203, 95, 207, 43, 237, 255, 79, 180, 94, 18, 56, 118, 105, 116, 83, 62, 152, 23, 181, 247, 153, 38, 72, 170, 40, 111, 147, 84, 58, 245, 138, 151, 190, 155, 200, 17, 148, 160, 54, 0, 102, 73, 47, 86, 222, 169, 32, 45, 164, 2, 51, 225, 239, 215, 249, 199, 234, 81, 13, 196, 119, 176, 34, 49, 107, 5, 242, 36, 29, 70, 232, 55, 14, 202, 195, 204, 97, 133, 146, 19, 252, 192, 246, 50, 93, 233, 74, 161, 103, 132, 205, 227, 211, 9, 171, 25, 142, 44, 248, 28, 52, 59, 12, 57, 27, 115, 64, 41, 109, 96, 22, 241, 24, 123, 8, 76, 6, 206, 217, 228, 37, 229, 194, 1, 131, 182, 191, 143, 154, 253, 4, 42, 33, 

Нелінійність  = 96 

Алгебраїчний імунітет  = 3 

Дельта-рівномірність  = 10 

Лінійна збитковість = 0 



175, 206, 170, 146, 140, 115, 150, 221, 192, 54, 66, 164, 123, 223, 205, 116, 131, 166, 125, 139, 155, 122, 107, 154, 226, 161, 188, 180, 168, 238, 59, 112, 118, 148, 157, 207, 121, 72, 228, 63, 49, 235, 87, 198, 80, 187, 86, 143, 119, 197, 84, 212, 177, 145, 24, 231, 195, 224, 165, 18, 178, 194, 253, 48, 92, 200, 162, 204, 151, 141, 88, 85, 67, 81, 185, 193, 69, 76, 215, 236, 94, 110, 152, 243, 171, 90, 14, 208, 75, 176, 132, 95, 233, 77, 23, 227, 230, 106, 147, 61, 133, 216, 114, 134, 153, 169, 158, 31, 60, 252, 108, 244, 103, 220, 128, 149, 172, 70, 96, 73, 98, 56, 33, 129, 234, 47, 16, 41, 97, 43, 179, 199, 101, 163, 34, 142, 137, 89, 130, 37, 113, 127, 191, 120, 109, 93, 229, 82, 44, 203, 42, 159, 237, 2, 201, 248, 62, 99, 1, 83, 124, 136, 156, 126, 218, 71, 135, 105, 217, 25, 222, 12, 255, 58, 250, 183, 78, 13, 7, 64, 57, 117, 174, 182, 144, 40, 184, 38, 186, 214, 39, 249, 196, 167, 245, 100, 51, 219, 240, 65, 210, 91, 10, 45, 246, 50, 55, 46, 239, 28, 79, 11, 247, 36, 241, 209, 53, 30, 17, 5, 138, 251, 4, 3, 102, 8, 111, 68, 0, 52, 27, 232, 32, 20, 254, 21, 104, 6, 190, 213, 15, 35, 19, 173, 242, 74, 160, 202, 225, 181, 9, 22, 29, 26, 211, 189, 

Нелінійність  = 96 

Алгебраїчний імунітет  = 3 

Дельта-рівномірність  = 12 

Лінійна збитковість = 0 



117, 127, 126, 156, 206, 228, 188, 207, 131, 100, 128, 184, 227, 148, 233, 182, 137, 214, 53, 170, 133, 210, 80, 216, 237, 88, 68, 153, 162, 238, 196, 213, 70, 51, 140, 169, 171, 95, 247, 183, 242, 218, 55, 205, 108, 92, 158, 60, 58, 198, 159, 115, 161, 189, 81, 61, 200, 185, 105, 143, 212, 187, 104, 101, 62, 223, 146, 136, 120, 132, 109, 65, 215, 102, 76, 155, 97, 152, 91, 157, 15, 129, 197, 253, 175, 230, 103, 107, 208, 73, 151, 163, 44, 190, 83, 254, 37, 40, 86, 176, 236, 202, 71, 221, 124, 59, 41, 193, 54, 149, 130, 87, 240, 134, 119, 195, 209, 38, 239, 96, 66, 201, 150, 79, 78, 204, 36, 141, 231, 222, 167, 219, 241, 114, 5, 192, 181, 72, 177, 142, 246, 94, 178, 144, 122, 232, 34, 8, 118, 50, 49, 56, 199, 1, 165, 145, 23, 255, 74, 160, 191, 29, 98, 42, 31, 69, 52, 147, 63, 112, 10, 4, 113, 194, 9, 3, 21, 164, 11, 154, 179, 48, 226, 84, 138, 217, 125, 244, 111, 93, 85, 250, 39, 28, 43, 46, 75, 245, 67, 26, 139, 90, 168, 173, 0, 249, 106, 6, 45, 174, 35, 166, 25, 14, 225, 135, 251, 2, 20, 13, 99, 243, 77, 180, 220, 82, 33, 235, 116, 27, 234, 203, 252, 211, 121, 186, 12, 22, 64, 229, 24, 224, 110, 17, 248, 47, 19, 18, 57, 89, 123, 172, 32, 16, 30, 7, 

Нелінійність  = 96 

Алгебраїчний імунітет  = 3 

Дельта-рівномірність  = 12 

Лінійна збитковість = 0 



30, 197, 121, 145, 144, 61, 83, 106, 163, 157, 178, 131, 196, 111, 40, 103, 156, 147, 95, 177, 46, 252, 175, 255, 233, 55, 60, 98, 209, 97, 167, 222, 193, 200, 225, 218, 137, 142, 48, 192, 205, 174, 87, 186, 58, 158, 219, 84, 15, 70, 220, 43, 124, 169, 234, 250, 79, 125, 53, 89, 109, 123, 5, 244, 235, 88, 190, 116, 96, 78, 93, 179, 107, 140, 141, 52, 182, 92, 227, 114, 191, 240, 9, 82, 138, 152, 155, 127, 201, 247, 101, 149, 62, 118, 184, 41, 23, 1, 37, 126, 148, 91, 35, 13, 180, 176, 22, 248, 146, 54, 36, 122, 171, 110, 199, 86, 208, 133, 189, 135, 185, 217, 203, 195, 243, 166, 207, 100, 34, 132, 129, 4, 120, 66, 74, 51, 42, 143, 229, 108, 183, 164, 56, 113, 45, 216, 85, 3, 104, 236, 68, 188, 49, 194, 94, 80, 165, 151, 112, 242, 239, 136, 19, 17, 73, 224, 173, 6, 26, 246, 254, 228, 231, 16, 21, 12, 212, 170, 202, 105, 29, 71, 8, 210, 223, 18, 117, 11, 77, 181, 59, 134, 0, 211, 75, 172, 33, 237, 160, 38, 65, 232, 72, 57, 159, 241, 214, 31, 187, 44, 128, 67, 20, 81, 230, 24, 7, 251, 99, 238, 162, 206, 130, 253, 39, 64, 10, 249, 150, 50, 63, 102, 139, 90, 32, 25, 69, 226, 154, 198, 221, 119, 14, 204, 28, 2, 76, 161, 153, 115, 27, 245, 168, 213, 215, 47, 

Нелінійність  = 96 

Алгебраїчний імунітет  = 3 

Дельта-рівномірність  = 12 

Лінійна збитковість = 0 



152, 223, 193, 108, 1, 163, 246, 70, 116, 226, 27, 169, 160, 157, 118, 79, 161, 177, 150, 204, 94, 17, 180, 129, 5, 168, 78, 242, 162, 59, 134, 205, 123, 206, 86, 135, 31, 200, 220, 2, 34, 13, 64, 233, 188, 146, 171, 208, 113, 66, 42, 117, 84, 164, 149, 139, 166, 89, 138, 4, 96, 44, 106, 158, 98, 14, 104, 159, 133, 67, 16, 30, 19, 57, 49, 114, 73, 88, 181, 183, 65, 217, 243, 55, 125, 224, 130, 101, 97, 192, 167, 53, 40, 207, 165, 58, 22, 153, 143, 142, 213, 253, 91, 120, 124, 52, 179, 48, 197, 72, 18, 182, 69, 76, 176, 39, 199, 38, 50, 173, 203, 102, 209, 82, 218, 187, 95, 107, 245, 210, 252, 110, 122, 32, 62, 148, 238, 15, 43, 227, 216, 239, 80, 244, 232, 198, 75, 12, 74, 131, 83, 202, 194, 241, 8, 127, 77, 119, 247, 178, 234, 10, 156, 3, 229, 141, 56, 136, 37, 190, 185, 132, 112, 189, 174, 71, 26, 90, 196, 47, 92, 170, 128, 219, 54, 25, 28, 41, 24, 145, 195, 211, 99, 151, 68, 191, 221, 137, 248, 225, 126, 121, 9, 175, 154, 35, 172, 186, 115, 23, 109, 237, 81, 103, 201, 29, 222, 51, 254, 93, 46, 230, 36, 212, 236, 249, 240, 140, 85, 144, 155, 100, 60, 235, 251, 20, 0, 33, 215, 111, 61, 87, 6, 63, 11, 45, 255, 184, 147, 231, 21, 214, 250, 7, 228, 105, 

Нелінійність  = 96 

Алгебраїчний імунітет  = 3 

Дельта-рівномірність  = 14 

Лінійна збитковість = 0 



101, 241, 178, 86, 173, 208, 170, 159, 124, 148, 91, 196, 27, 131, 186, 78, 127, 188, 52, 198, 117, 109, 214, 204, 223, 207, 195, 106, 108, 32, 43, 62, 145, 244, 81, 49, 222, 210, 251, 167, 77, 205, 104, 149, 100, 185, 67, 224, 65, 9, 89, 20, 114, 228, 248, 140, 229, 118, 200, 72, 115, 250, 57, 138, 147, 133, 234, 47, 23, 249, 180, 30, 73, 22, 12, 46, 96, 171, 4, 134, 226, 181, 110, 164, 128, 177, 189, 158, 116, 215, 55, 168, 8, 144, 113, 26, 242, 160, 155, 213, 69, 231, 152, 36, 225, 0, 192, 130, 240, 153, 136, 211, 120, 202, 162, 126, 11, 169, 209, 183, 247, 33, 163, 253, 16, 53, 212, 194, 105, 143, 156, 61, 137, 6, 227, 221, 94, 64, 76, 111, 161, 88, 70, 193, 191, 7, 31, 25, 252, 54, 63, 60, 98, 197, 255, 39, 68, 19, 50, 236, 82, 45, 18, 182, 93, 44, 71, 172, 103, 75, 190, 246, 85, 154, 112, 142, 174, 97, 184, 165, 206, 119, 95, 5, 107, 203, 28, 245, 83, 99, 175, 38, 166, 58, 41, 80, 254, 199, 150, 17, 59, 34, 40, 235, 129, 179, 56, 217, 24, 230, 123, 121, 146, 102, 141, 10, 42, 90, 79, 122, 219, 239, 87, 35, 139, 135, 3, 151, 232, 176, 48, 187, 237, 14, 13, 216, 15, 125, 220, 201, 29, 21, 238, 1, 66, 37, 157, 74, 233, 84, 243, 218, 132, 92, 51, 2, 

Нелінійність  = 96 

Алгебраїчний імунітет  = 3 

Дельта-рівномірність  = 10 

Лінійна збитковість = 0 



84, 137, 190, 106, 48, 142, 63, 147, 196, 204, 95, 100, 117, 140, 220, 99, 236, 215, 160, 175, 10, 119, 43, 173, 189, 203, 177, 209, 141, 154, 120, 224, 225, 101, 143, 248, 171, 97, 71, 139, 50, 176, 30, 78, 253, 197, 47, 162, 221, 22, 90, 67, 76, 163, 228, 91, 89, 206, 208, 254, 34, 195, 124, 68, 152, 126, 130, 158, 24, 181, 81, 129, 86, 87, 54, 243, 151, 53, 75, 146, 14, 216, 165, 35, 83, 46, 174, 223, 61, 212, 245, 66, 172, 132, 41, 135, 69, 16, 2, 167, 123, 12, 8, 193, 125, 170, 192, 166, 111, 131, 136, 49, 201, 105, 239, 226, 103, 92, 205, 157, 187, 116, 148, 237, 58, 70, 23, 200, 210, 238, 94, 85, 62, 164, 27, 211, 25, 217, 218, 88, 159, 178, 182, 40, 93, 231, 110, 52, 138, 118, 191, 7, 1, 112, 128, 74, 33, 102, 55, 214, 108, 4, 252, 150, 194, 161, 180, 45, 185, 234, 145, 107, 168, 3, 183, 9, 169, 64, 5, 65, 250, 227, 198, 156, 184, 153, 113, 104, 133, 44, 17, 114, 247, 155, 127, 222, 36, 213, 51, 249, 77, 219, 56, 121, 179, 73, 37, 82, 199, 38, 42, 98, 60, 15, 134, 242, 57, 122, 0, 21, 96, 39, 19, 251, 241, 59, 186, 80, 6, 72, 115, 244, 233, 240, 31, 11, 188, 207, 109, 13, 28, 230, 202, 32, 229, 29, 18, 232, 235, 26, 149, 255, 246, 20, 144, 79, 

Нелінійність  = 96 

Алгебраїчний імунітет  = 3 

Дельта-рівномірність  = 12 

Лінійна збитковість = 0 



149, 151, 91, 172, 131, 128, 197, 252, 229, 156, 138, 99, 137, 85, 190, 122, 159, 146, 189, 110, 126, 107, 221, 157, 102, 217, 202, 208, 209, 141, 127, 188, 104, 17, 144, 8, 77, 50, 114, 1, 180, 228, 0, 19, 112, 210, 101, 61, 140, 52, 245, 183, 184, 212, 82, 158, 201, 123, 196, 192, 237, 240, 121, 53, 175, 33, 45, 235, 254, 29, 68, 168, 204, 130, 71, 56, 139, 129, 164, 115, 23, 41, 203, 72, 143, 181, 179, 206, 153, 170, 74, 2, 160, 135, 118, 186, 24, 109, 93, 105, 88, 120, 152, 238, 119, 83, 58, 21, 106, 234, 35, 187, 243, 174, 233, 173, 94, 145, 251, 165, 205, 37, 87, 3, 182, 230, 167, 34, 64, 55, 242, 169, 31, 78, 198, 66, 113, 9, 132, 32, 223, 150, 193, 154, 220, 162, 27, 246, 195, 59, 7, 75, 155, 69, 47, 84, 253, 42, 12, 63, 241, 111, 65, 249, 6, 97, 48, 207, 232, 100, 20, 216, 14, 16, 215, 226, 147, 148, 13, 89, 219, 40, 26, 116, 117, 81, 171, 70, 200, 176, 191, 95, 28, 213, 211, 60, 98, 166, 199, 222, 62, 90, 25, 161, 43, 125, 248, 5, 224, 73, 36, 124, 46, 4, 103, 18, 142, 133, 244, 185, 247, 214, 67, 80, 163, 231, 11, 250, 79, 86, 38, 236, 15, 22, 39, 194, 54, 44, 108, 10, 225, 134, 92, 30, 76, 57, 136, 177, 49, 96, 178, 239, 51, 255, 227, 218, 

Нелінійність  = 96 

Алгебраїчний імунітет  = 3 

Дельта-рівномірність  = 12 

Лінійна збитковість = 0 



196, 221, 121, 238, 194, 136, 163, 233, 191, 95, 68, 175, 162, 220, 211, 137, 67, 186, 160, 208, 200, 151, 98, 157, 9, 210, 181, 242, 246, 103, 124, 106, 154, 127, 59, 52, 86, 71, 234, 107, 150, 31, 97, 180, 155, 173, 171, 78, 115, 232, 125, 190, 90, 122, 149, 226, 11, 140, 207, 81, 146, 0, 215, 167, 112, 189, 85, 192, 72, 114, 133, 87, 199, 147, 205, 184, 134, 165, 130, 235, 143, 178, 197, 231, 204, 145, 26, 74, 92, 153, 142, 237, 195, 111, 57, 174, 249, 123, 159, 224, 94, 193, 243, 22, 5, 209, 102, 58, 105, 96, 76, 82, 49, 158, 79, 201, 54, 38, 18, 131, 126, 109, 166, 213, 239, 29, 43, 182, 212, 13, 135, 138, 65, 118, 203, 119, 50, 2, 84, 164, 51, 169, 3, 47, 7, 248, 113, 53, 32, 101, 75, 89, 17, 56, 83, 104, 35, 244, 16, 63, 12, 217, 46, 36, 144, 61, 225, 245, 185, 206, 240, 176, 77, 241, 236, 229, 117, 1, 141, 214, 252, 44, 250, 183, 14, 37, 33, 187, 21, 132, 110, 100, 28, 247, 198, 40, 161, 202, 216, 91, 70, 172, 20, 255, 66, 55, 45, 170, 8, 99, 177, 222, 251, 62, 227, 4, 108, 69, 253, 230, 148, 27, 188, 64, 25, 156, 228, 128, 15, 223, 39, 41, 116, 48, 42, 34, 73, 19, 254, 10, 152, 60, 168, 80, 179, 219, 218, 23, 30, 120, 24, 129, 93, 6, 88, 139, 

Нелінійність  = 96 

Алгебраїчний імунітет  = 3 

Дельта-рівномірність  = 10 

Лінійна збитковість = 0 



81, 103, 28, 120, 77, 106, 181, 115, 162, 71, 93, 186, 67, 110, 193, 179, 203, 99, 169, 141, 127, 143, 43, 57, 187, 209, 92, 208, 168, 199, 194, 129, 69, 165, 51, 135, 75, 61, 153, 170, 119, 85, 117, 197, 211, 126, 131, 121, 191, 13, 46, 212, 37, 166, 108, 94, 132, 176, 155, 98, 190, 133, 163, 226, 182, 49, 6, 137, 73, 88, 202, 54, 246, 243, 160, 68, 114, 19, 221, 184, 235, 150, 89, 164, 161, 149, 12, 213, 62, 104, 177, 76, 159, 116, 40, 174, 22, 2, 158, 128, 173, 26, 185, 111, 112, 201, 219, 78, 255, 253, 138, 118, 236, 230, 30, 245, 60, 142, 140, 178, 218, 33, 254, 196, 171, 188, 31, 144, 72, 151, 207, 44, 195, 145, 70, 64, 101, 56, 248, 157, 220, 147, 252, 18, 156, 39, 214, 65, 53, 125, 240, 48, 183, 223, 200, 84, 233, 229, 107, 250, 29, 130, 8, 79, 0, 102, 47, 139, 247, 27, 198, 204, 123, 228, 124, 58, 231, 251, 86, 63, 55, 87, 113, 146, 134, 215, 244, 238, 21, 24, 42, 25, 109, 100, 172, 192, 189, 232, 41, 45, 216, 90, 234, 52, 205, 136, 66, 82, 59, 97, 36, 206, 16, 96, 5, 95, 3, 50, 225, 14, 34, 74, 217, 9, 222, 249, 227, 239, 38, 80, 20, 148, 35, 242, 15, 105, 152, 11, 180, 83, 10, 4, 32, 1, 237, 241, 167, 7, 23, 122, 224, 154, 17, 210, 175, 91, 

Нелінійність  = 96 

Алгебраїчний імунітет  = 3 

Дельта-рівномірність  = 10 

Лінійна збитковість = 0 



Час виконання: 2351.953000 секунд

Блок з необхідними параметрами знайдено

Кількість виконаних ітерацій = 10 
_______________________________________________________________________________________________
