
Початкове число ітерацій = 10
N = 40
PSO S-boxes:
99, 124, 119, 123, 242, 107, 111, 197, 48, 1, 103, 43, 254, 215, 171, 118, 202, 130, 201, 125, 250, 89, 71, 240, 173, 212, 162, 175, 156, 164, 114, 192, 183, 253, 147, 38, 54, 63, 247, 204, 52, 165, 229, 241, 113, 216, 49, 21, 4, 199, 35, 195, 24, 150, 5, 154, 7, 18, 128, 226, 235, 39, 178, 117, 9, 131, 44, 26, 27, 110, 90, 160, 82, 59, 214, 179, 41, 227, 47, 132, 83, 209, 0, 237, 32, 252, 177, 91, 106, 203, 190, 57, 74, 76, 88, 207, 208, 239, 170, 251, 67, 77, 51, 133, 69, 249, 2, 127, 80, 60, 159, 168, 81, 163, 64, 143, 146, 157, 56, 245, 188, 182, 218, 33, 16, 255, 243, 210, 205, 12, 19, 236, 95, 151, 68, 23, 196, 167, 126, 61, 100, 93, 25, 115, 96, 129, 79, 220, 34, 42, 144, 136, 70, 238, 184, 20, 222, 94, 11, 219, 224, 50, 58, 10, 73, 6, 36, 92, 194, 211, 172, 98, 145, 149, 228, 121, 231, 200, 55, 109, 141, 213, 78, 169, 108, 86, 244, 234, 101, 122, 174, 8, 186, 120, 37, 46, 28, 166, 180, 198, 232, 221, 116, 31, 75, 189, 139, 138, 112, 62, 181, 102, 72, 3, 246, 14, 97, 53, 87, 185, 134, 193, 29, 158, 225, 248, 152, 17, 105, 217, 142, 148, 155, 30, 135, 233, 206, 85, 40, 223, 140, 161, 137, 13, 191, 230, 66, 104, 65, 153, 45, 15, 176, 84, 187, 22, 

Нелінійність  = 112 

Алгебраїчний імунітет  = 2 

Дельта-рівномірність  = 4 

Лінійна збитковість = 255 



99, 124, 119, 123, 242, 107, 111, 197, 48, 1, 103, 43, 254, 215, 171, 118, 202, 130, 201, 125, 250, 89, 71, 240, 173, 212, 162, 175, 156, 164, 114, 192, 183, 253, 147, 38, 54, 63, 204, 247, 52, 165, 229, 241, 113, 216, 49, 21, 4, 199, 35, 195, 24, 150, 5, 154, 7, 18, 128, 226, 235, 39, 178, 117, 9, 131, 44, 26, 27, 110, 90, 160, 82, 59, 214, 179, 41, 227, 47, 132, 83, 209, 0, 237, 32, 252, 177, 91, 106, 203, 190, 57, 74, 76, 88, 207, 208, 239, 170, 251, 67, 77, 51, 133, 69, 249, 2, 127, 80, 60, 159, 168, 81, 163, 64, 143, 146, 157, 56, 245, 188, 182, 218, 33, 16, 255, 243, 210, 205, 12, 19, 236, 95, 151, 68, 23, 196, 167, 126, 61, 100, 93, 25, 115, 96, 129, 79, 220, 34, 42, 144, 136, 70, 238, 184, 20, 222, 94, 11, 219, 224, 50, 58, 10, 73, 6, 36, 92, 194, 211, 172, 98, 145, 149, 228, 121, 231, 200, 55, 109, 141, 213, 78, 169, 108, 86, 244, 234, 101, 122, 174, 8, 186, 120, 37, 46, 28, 166, 180, 198, 232, 221, 116, 31, 75, 189, 139, 138, 112, 62, 181, 102, 72, 3, 246, 14, 97, 53, 87, 185, 134, 193, 29, 158, 225, 248, 152, 17, 105, 217, 142, 148, 155, 30, 135, 233, 206, 85, 40, 223, 140, 161, 137, 13, 191, 230, 66, 104, 65, 153, 45, 15, 176, 84, 187, 22, 

Нелінійність  = 110 

Алгебраїчний імунітет  = 2 

Дельта-рівномірність  = 6 

Лінійна збитковість = 126 



99, 124, 119, 123, 242, 107, 111, 202, 80, 1, 103, 43, 254, 215, 171, 118, 197, 2, 201, 92, 250, 89, 71, 240, 173, 212, 224, 175, 156, 164, 114, 192, 183, 253, 48, 38, 54, 35, 63, 19, 52, 165, 229, 241, 113, 216, 49, 142, 145, 199, 255, 195, 24, 150, 5, 154, 7, 18, 128, 226, 130, 39, 178, 117, 9, 131, 44, 26, 27, 110, 90, 160, 82, 59, 214, 179, 41, 227, 47, 132, 83, 209, 0, 237, 32, 252, 177, 91, 106, 203, 190, 57, 74, 76, 88, 207, 208, 239, 170, 251, 67, 77, 51, 133, 69, 249, 196, 127, 147, 60, 159, 168, 81, 163, 64, 143, 146, 157, 56, 245, 188, 182, 218, 33, 16, 222, 243, 210, 205, 12, 235, 236, 95, 151, 68, 23, 94, 167, 126, 61, 100, 93, 25, 115, 96, 129, 79, 220, 34, 42, 144, 136, 70, 238, 184, 20, 219, 29, 11, 116, 15, 50, 58, 10, 73, 6, 36, 125, 194, 211, 172, 98, 4, 149, 228, 121, 231, 200, 55, 109, 141, 213, 78, 169, 108, 86, 244, 234, 101, 122, 174, 8, 186, 120, 37, 46, 28, 166, 180, 198, 232, 221, 62, 31, 75, 189, 139, 138, 112, 152, 181, 102, 72, 3, 246, 14, 97, 53, 87, 185, 134, 193, 233, 158, 225, 248, 187, 17, 105, 217, 21, 148, 155, 30, 135, 204, 206, 85, 40, 223, 140, 161, 137, 13, 191, 230, 66, 104, 65, 153, 45, 162, 176, 84, 247, 22, 

Нелінійність  = 102 

Алгебраїчний імунітет  = 3 

Дельта-рівномірність  = 8 

Лінійна збитковість = 0 



99, 124, 119, 123, 242, 107, 57, 201, 130, 1, 103, 43, 254, 72, 171, 112, 202, 48, 129, 125, 250, 89, 71, 240, 173, 212, 162, 21, 156, 44, 114, 192, 105, 253, 147, 38, 54, 31, 6, 190, 52, 22, 229, 249, 113, 216, 217, 175, 4, 199, 35, 195, 24, 150, 5, 154, 7, 18, 128, 226, 235, 39, 178, 117, 9, 131, 164, 26, 27, 110, 90, 160, 82, 59, 214, 179, 41, 227, 47, 132, 83, 209, 0, 237, 32, 252, 177, 91, 165, 203, 68, 111, 74, 76, 88, 207, 208, 239, 170, 251, 67, 77, 51, 133, 69, 241, 2, 127, 80, 60, 159, 168, 81, 163, 64, 143, 146, 157, 56, 245, 188, 182, 218, 33, 16, 255, 243, 210, 205, 12, 19, 236, 95, 151, 225, 23, 196, 167, 126, 61, 100, 93, 25, 115, 96, 197, 79, 220, 34, 42, 144, 136, 70, 238, 184, 20, 222, 94, 11, 219, 224, 50, 58, 10, 73, 174, 36, 92, 194, 211, 172, 98, 145, 149, 228, 121, 231, 200, 55, 109, 141, 213, 78, 169, 108, 86, 244, 234, 101, 122, 153, 8, 186, 120, 37, 46, 28, 166, 180, 198, 232, 221, 116, 63, 75, 189, 139, 138, 118, 62, 181, 102, 215, 3, 246, 14, 97, 53, 87, 185, 134, 193, 29, 158, 247, 248, 152, 17, 183, 49, 142, 148, 155, 30, 135, 233, 206, 85, 40, 223, 140, 161, 137, 13, 191, 230, 66, 104, 65, 187, 45, 15, 176, 84, 106, 204, 

Нелінійність  = 100 

Алгебраїчний імунітет  = 3 

Дельта-рівномірність  = 8 

Лінійна збитковість = 0 



118, 23, 211, 58, 95, 83, 157, 66, 176, 88, 22, 120, 171, 154, 244, 147, 89, 179, 167, 131, 96, 212, 178, 227, 20, 219, 151, 123, 60, 136, 246, 133, 107, 63, 145, 78, 73, 137, 142, 2, 30, 84, 43, 214, 241, 191, 109, 48, 51, 186, 6, 153, 210, 59, 221, 55, 46, 80, 141, 27, 204, 231, 86, 72, 198, 65, 26, 207, 201, 44, 67, 183, 218, 248, 182, 9, 194, 126, 159, 41, 24, 94, 56, 135, 199, 18, 104, 206, 189, 139, 165, 249, 52, 166, 61, 164, 4, 28, 49, 103, 180, 192, 114, 85, 250, 50, 122, 32, 93, 138, 238, 197, 233, 111, 54, 230, 10, 8, 190, 193, 98, 236, 160, 39, 234, 62, 11, 29, 19, 25, 150, 127, 21, 188, 184, 132, 220, 226, 148, 242, 229, 213, 225, 116, 77, 110, 101, 36, 13, 173, 128, 14, 143, 203, 205, 92, 217, 155, 35, 115, 91, 228, 162, 53, 76, 33, 170, 40, 161, 202, 69, 1, 144, 251, 208, 181, 64, 169, 222, 232, 100, 247, 108, 47, 172, 17, 174, 140, 240, 124, 237, 3, 209, 5, 195, 90, 74, 99, 168, 243, 253, 134, 82, 163, 105, 97, 239, 187, 185, 7, 125, 149, 70, 235, 121, 255, 45, 113, 196, 245, 117, 224, 16, 254, 37, 129, 119, 106, 158, 112, 15, 38, 175, 42, 200, 130, 156, 146, 12, 252, 68, 34, 71, 57, 102, 79, 0, 223, 216, 215, 87, 152, 75, 177, 81, 31, 

Нелінійність  = 96 

Алгебраїчний імунітет  = 3 

Дельта-рівномірність  = 12 

Лінійна збитковість = 0 



118, 23, 211, 58, 95, 83, 157, 66, 176, 88, 22, 120, 171, 154, 244, 147, 89, 179, 167, 131, 96, 212, 178, 227, 20, 219, 151, 123, 60, 136, 246, 133, 107, 63, 145, 78, 73, 137, 142, 2, 30, 84, 43, 214, 241, 191, 109, 48, 51, 186, 6, 153, 210, 59, 221, 55, 46, 80, 141, 27, 204, 231, 86, 72, 198, 65, 26, 207, 201, 44, 67, 183, 218, 248, 182, 9, 194, 126, 159, 41, 24, 94, 56, 135, 199, 18, 104, 206, 189, 139, 165, 249, 52, 166, 61, 164, 4, 28, 49, 103, 180, 192, 114, 85, 250, 50, 122, 32, 93, 138, 238, 197, 233, 111, 54, 230, 10, 8, 190, 193, 98, 236, 160, 39, 234, 62, 11, 29, 19, 25, 150, 127, 21, 188, 184, 132, 220, 226, 148, 242, 229, 213, 225, 116, 77, 110, 101, 36, 13, 173, 128, 14, 143, 203, 205, 92, 217, 155, 35, 115, 91, 228, 162, 53, 76, 33, 170, 40, 161, 202, 69, 1, 144, 251, 208, 181, 64, 169, 222, 232, 100, 247, 108, 47, 172, 17, 174, 140, 240, 124, 237, 3, 209, 5, 195, 90, 74, 99, 168, 243, 253, 134, 82, 163, 105, 97, 239, 187, 185, 7, 125, 149, 70, 235, 121, 255, 45, 113, 196, 245, 117, 224, 16, 254, 37, 129, 119, 106, 158, 112, 15, 38, 175, 42, 200, 130, 156, 146, 12, 252, 68, 34, 71, 57, 102, 79, 0, 223, 216, 215, 87, 152, 75, 177, 81, 31, 

Нелінійність  = 96 

Алгебраїчний імунітет  = 3 

Дельта-рівномірність  = 12 

Лінійна збитковість = 0 



122, 255, 133, 125, 241, 204, 218, 33, 145, 215, 1, 159, 200, 190, 76, 48, 211, 184, 178, 61, 68, 8, 172, 118, 222, 154, 84, 210, 193, 56, 105, 175, 127, 249, 53, 96, 207, 185, 247, 187, 34, 134, 35, 183, 129, 194, 166, 243, 179, 65, 46, 36, 81, 208, 192, 69, 113, 117, 149, 225, 83, 39, 132, 197, 90, 5, 119, 102, 167, 80, 253, 37, 18, 23, 6, 73, 77, 22, 227, 99, 108, 124, 63, 32, 94, 251, 97, 100, 11, 147, 162, 19, 0, 242, 152, 24, 245, 109, 173, 72, 177, 223, 51, 38, 135, 216, 142, 40, 202, 57, 75, 201, 199, 74, 236, 31, 136, 47, 110, 168, 219, 21, 114, 87, 244, 181, 254, 64, 146, 188, 2, 92, 42, 121, 186, 155, 115, 16, 9, 198, 232, 25, 66, 41, 174, 176, 62, 13, 189, 49, 101, 111, 137, 164, 230, 248, 98, 148, 156, 91, 220, 10, 59, 67, 214, 52, 7, 79, 126, 107, 213, 45, 93, 191, 171, 224, 206, 85, 158, 50, 238, 29, 106, 252, 229, 195, 180, 112, 240, 95, 234, 153, 237, 104, 26, 20, 239, 58, 89, 71, 70, 88, 169, 143, 161, 139, 203, 228, 123, 233, 120, 196, 27, 163, 205, 246, 151, 130, 128, 165, 60, 30, 209, 212, 141, 250, 157, 226, 4, 140, 217, 116, 170, 54, 103, 15, 235, 12, 182, 43, 150, 221, 14, 231, 17, 3, 138, 55, 78, 44, 86, 160, 28, 144, 131, 82, 

Нелінійність  = 96 

Алгебраїчний імунітет  = 3 

Дельта-рівномірність  = 14 

Лінійна збитковість = 0 



124, 43, 223, 49, 76, 148, 91, 232, 65, 155, 213, 171, 229, 234, 185, 126, 253, 75, 27, 144, 33, 142, 55, 237, 143, 125, 72, 243, 202, 96, 191, 197, 225, 80, 178, 120, 90, 194, 103, 87, 242, 174, 128, 217, 209, 16, 200, 192, 123, 130, 11, 196, 150, 212, 182, 28, 42, 6, 249, 149, 30, 68, 57, 231, 29, 110, 172, 215, 146, 132, 203, 168, 20, 85, 218, 169, 254, 184, 32, 1, 164, 60, 220, 163, 67, 183, 193, 53, 211, 56, 36, 77, 139, 51, 10, 118, 116, 45, 31, 24, 83, 39, 44, 239, 62, 95, 34, 48, 112, 151, 166, 15, 66, 175, 105, 177, 18, 117, 235, 156, 206, 159, 160, 241, 119, 250, 106, 188, 7, 13, 226, 136, 141, 162, 109, 5, 176, 73, 12, 52, 251, 104, 22, 64, 79, 86, 181, 82, 161, 247, 70, 46, 224, 233, 99, 122, 227, 41, 214, 158, 100, 38, 94, 93, 154, 61, 240, 81, 186, 0, 205, 74, 59, 238, 54, 138, 165, 198, 207, 89, 63, 17, 208, 244, 47, 199, 26, 246, 88, 121, 2, 19, 216, 222, 107, 14, 236, 25, 140, 204, 9, 190, 131, 157, 147, 195, 35, 170, 228, 187, 3, 210, 101, 127, 189, 98, 173, 58, 21, 133, 69, 102, 71, 40, 135, 180, 111, 97, 167, 230, 115, 201, 4, 255, 129, 252, 92, 221, 113, 50, 8, 134, 245, 153, 37, 179, 145, 219, 248, 23, 152, 84, 137, 108, 78, 114, 

Нелінійність  = 96 

Алгебраїчний імунітет  = 3 

Дельта-рівномірність  = 10 

Лінійна збитковість = 0 



122, 255, 133, 125, 241, 204, 218, 33, 145, 215, 1, 159, 200, 190, 76, 48, 211, 184, 178, 61, 68, 8, 172, 118, 222, 154, 84, 210, 193, 56, 105, 175, 127, 249, 53, 96, 207, 185, 247, 187, 34, 134, 35, 183, 129, 194, 166, 243, 179, 65, 46, 36, 81, 208, 192, 69, 113, 117, 149, 225, 83, 39, 132, 197, 90, 5, 119, 102, 167, 80, 253, 37, 18, 23, 6, 73, 77, 22, 227, 99, 108, 124, 63, 32, 94, 251, 97, 100, 11, 147, 162, 19, 0, 242, 152, 24, 245, 109, 173, 72, 177, 223, 51, 38, 135, 216, 142, 40, 202, 57, 75, 201, 199, 74, 236, 31, 136, 47, 110, 168, 219, 21, 114, 87, 244, 181, 254, 64, 146, 188, 2, 92, 42, 121, 186, 155, 115, 16, 9, 198, 232, 25, 66, 41, 174, 176, 62, 13, 189, 49, 101, 111, 137, 164, 230, 248, 98, 148, 156, 91, 220, 10, 59, 67, 214, 52, 7, 79, 126, 107, 213, 45, 93, 191, 171, 224, 206, 85, 158, 50, 238, 29, 106, 252, 229, 195, 180, 112, 240, 95, 234, 153, 237, 104, 26, 20, 239, 58, 89, 71, 70, 88, 169, 143, 161, 139, 203, 228, 123, 233, 120, 196, 27, 163, 205, 246, 151, 130, 128, 165, 60, 30, 209, 212, 141, 250, 157, 226, 4, 140, 217, 116, 170, 54, 103, 15, 235, 12, 182, 43, 150, 221, 14, 231, 17, 3, 138, 55, 78, 44, 86, 160, 28, 144, 131, 82, 

Нелінійність  = 96 

Алгебраїчний імунітет  = 3 

Дельта-рівномірність  = 14 

Лінійна збитковість = 0 



236, 198, 158, 38, 83, 80, 203, 186, 218, 111, 95, 3, 146, 92, 230, 242, 209, 131, 167, 72, 181, 239, 189, 106, 172, 228, 75, 155, 54, 188, 82, 66, 248, 194, 145, 12, 233, 86, 107, 13, 178, 30, 251, 253, 29, 170, 174, 122, 39, 137, 224, 179, 210, 33, 55, 45, 213, 144, 143, 16, 187, 126, 133, 151, 53, 235, 166, 79, 244, 90, 165, 21, 40, 35, 64, 91, 206, 152, 197, 214, 123, 204, 85, 217, 110, 234, 252, 101, 240, 51, 52, 84, 183, 74, 77, 192, 127, 175, 88, 177, 164, 93, 207, 104, 135, 60, 159, 59, 118, 0, 128, 201, 237, 61, 160, 150, 191, 25, 67, 11, 139, 161, 26, 5, 62, 50, 120, 2, 56, 243, 220, 23, 117, 148, 94, 9, 96, 136, 222, 200, 65, 162, 28, 168, 41, 42, 114, 43, 48, 229, 157, 254, 108, 246, 99, 102, 78, 173, 211, 216, 212, 44, 190, 1, 81, 199, 76, 20, 121, 14, 125, 226, 195, 63, 232, 4, 73, 140, 19, 202, 129, 171, 182, 245, 97, 17, 103, 105, 132, 169, 109, 98, 49, 231, 27, 115, 249, 238, 124, 247, 87, 193, 205, 8, 15, 71, 163, 208, 130, 154, 32, 176, 185, 147, 113, 47, 36, 31, 184, 37, 149, 46, 141, 250, 221, 241, 10, 68, 227, 116, 34, 219, 223, 156, 142, 89, 57, 215, 6, 69, 196, 134, 180, 18, 100, 70, 255, 58, 22, 119, 153, 7, 24, 138, 225, 112, 

Нелінійність  = 96 

Алгебраїчний імунітет  = 3 

Дельта-рівномірність  = 12 

Лінійна збитковість = 0 



104, 196, 188, 240, 178, 55, 223, 190, 213, 158, 45, 124, 27, 226, 130, 44, 36, 119, 250, 154, 67, 35, 91, 220, 18, 90, 200, 54, 108, 152, 129, 248, 165, 43, 243, 225, 133, 48, 41, 195, 74, 20, 105, 242, 65, 218, 24, 62, 12, 92, 116, 3, 10, 148, 40, 7, 140, 21, 111, 30, 244, 120, 157, 138, 167, 131, 222, 198, 64, 34, 125, 127, 160, 73, 106, 96, 201, 232, 61, 241, 8, 134, 204, 109, 147, 143, 142, 207, 155, 203, 83, 214, 174, 192, 230, 87, 209, 6, 89, 25, 77, 179, 68, 221, 122, 239, 150, 85, 181, 172, 185, 246, 171, 80, 249, 216, 228, 81, 97, 53, 173, 162, 76, 58, 231, 103, 57, 32, 107, 113, 163, 136, 99, 110, 72, 78, 169, 75, 166, 52, 186, 151, 16, 193, 23, 149, 141, 117, 66, 9, 93, 219, 70, 50, 95, 164, 161, 176, 137, 71, 118, 2, 206, 60, 0, 56, 153, 88, 224, 247, 114, 182, 191, 215, 82, 101, 4, 238, 208, 79, 115, 175, 132, 63, 13, 59, 170, 245, 184, 19, 251, 1, 102, 14, 37, 17, 180, 22, 15, 47, 69, 11, 229, 146, 94, 253, 202, 168, 42, 217, 33, 234, 39, 5, 121, 156, 211, 254, 145, 236, 84, 135, 177, 100, 237, 210, 255, 144, 126, 212, 197, 183, 189, 227, 139, 51, 128, 112, 26, 205, 252, 38, 194, 199, 123, 86, 29, 31, 233, 187, 49, 98, 46, 28, 235, 159, 

Нелінійність  = 96 

Алгебраїчний імунітет  = 3 

Дельта-рівномірність  = 10 

Лінійна збитковість = 0 



73, 25, 56, 146, 221, 50, 171, 190, 249, 102, 74, 37, 95, 230, 28, 135, 152, 60, 132, 184, 211, 173, 43, 63, 97, 244, 136, 90, 9, 17, 138, 175, 143, 144, 182, 72, 172, 187, 86, 213, 66, 227, 207, 234, 100, 58, 62, 68, 128, 71, 192, 209, 222, 99, 183, 105, 160, 206, 82, 49, 226, 134, 178, 53, 158, 246, 83, 153, 165, 137, 197, 237, 168, 14, 126, 139, 111, 162, 124, 78, 236, 40, 45, 12, 42, 186, 245, 104, 219, 127, 65, 208, 22, 247, 108, 112, 141, 248, 85, 110, 215, 35, 224, 24, 15, 238, 205, 6, 26, 11, 51, 170, 149, 201, 150, 98, 242, 39, 116, 151, 142, 96, 161, 79, 223, 21, 88, 125, 147, 252, 239, 217, 140, 23, 107, 103, 203, 250, 241, 179, 19, 214, 4, 1, 231, 235, 31, 120, 41, 113, 93, 52, 46, 180, 119, 30, 106, 7, 243, 155, 36, 54, 194, 94, 159, 228, 240, 204, 5, 16, 157, 20, 148, 233, 91, 154, 253, 133, 181, 164, 212, 77, 109, 115, 176, 123, 47, 87, 89, 92, 169, 121, 70, 2, 196, 10, 225, 229, 189, 198, 202, 210, 163, 145, 32, 27, 69, 122, 200, 218, 254, 18, 166, 84, 177, 13, 0, 75, 44, 195, 255, 55, 129, 34, 156, 48, 114, 8, 76, 191, 61, 188, 3, 193, 38, 216, 101, 232, 251, 59, 199, 80, 29, 57, 64, 174, 117, 185, 131, 81, 220, 67, 33, 118, 130, 167, 

Нелінійність  = 96 

Алгебраїчний імунітет  = 3 

Дельта-рівномірність  = 10 

Лінійна збитковість = 0 



19, 43, 34, 137, 50, 71, 14, 160, 112, 128, 215, 122, 116, 158, 209, 41, 163, 152, 23, 109, 248, 125, 227, 250, 236, 208, 29, 69, 134, 17, 221, 12, 55, 42, 223, 178, 164, 91, 216, 192, 31, 97, 83, 199, 197, 184, 58, 93, 37, 154, 173, 20, 226, 106, 49, 175, 102, 72, 212, 177, 246, 171, 33, 205, 114, 218, 24, 99, 126, 66, 180, 10, 90, 203, 159, 132, 21, 220, 77, 64, 9, 5, 207, 182, 79, 151, 104, 233, 138, 121, 25, 94, 157, 162, 68, 189, 133, 174, 75, 166, 110, 241, 101, 239, 251, 243, 240, 142, 143, 38, 195, 234, 254, 88, 61, 198, 59, 188, 3, 161, 98, 202, 65, 170, 127, 229, 136, 85, 92, 51, 70, 211, 11, 146, 145, 204, 228, 167, 225, 7, 78, 54, 140, 39, 124, 179, 117, 2, 194, 81, 210, 214, 57, 153, 26, 48, 107, 113, 222, 40, 73, 6, 105, 139, 53, 168, 123, 22, 84, 244, 186, 183, 115, 249, 131, 253, 149, 44, 120, 119, 213, 141, 76, 82, 230, 130, 129, 147, 191, 217, 169, 187, 247, 201, 118, 238, 45, 15, 63, 36, 16, 8, 190, 165, 255, 96, 206, 62, 18, 86, 103, 13, 144, 27, 28, 185, 224, 52, 46, 67, 80, 156, 30, 74, 1, 32, 148, 219, 237, 35, 181, 232, 235, 172, 196, 87, 47, 231, 0, 252, 108, 193, 245, 60, 111, 242, 135, 155, 95, 200, 89, 4, 176, 100, 56, 150, 

Нелінійність  = 96 

Алгебраїчний імунітет  = 3 

Дельта-рівномірність  = 12 

Лінійна збитковість = 0 



243, 59, 22, 83, 114, 27, 139, 80, 141, 0, 245, 42, 150, 19, 140, 79, 127, 138, 23, 230, 94, 41, 32, 7, 20, 172, 38, 1, 201, 254, 46, 233, 241, 43, 54, 67, 44, 128, 238, 211, 15, 247, 182, 169, 170, 220, 221, 117, 158, 60, 11, 206, 18, 148, 207, 210, 149, 126, 226, 168, 81, 196, 13, 223, 51, 76, 119, 100, 195, 52, 154, 162, 163, 143, 97, 72, 192, 17, 34, 234, 248, 93, 178, 155, 2, 113, 193, 129, 212, 222, 102, 77, 112, 35, 74, 224, 115, 217, 151, 191, 120, 89, 132, 99, 71, 14, 235, 159, 78, 244, 228, 91, 184, 165, 90, 215, 16, 53, 24, 240, 147, 236, 186, 251, 107, 205, 9, 180, 255, 160, 242, 142, 73, 50, 101, 63, 181, 106, 188, 173, 185, 96, 156, 175, 110, 8, 6, 5, 68, 203, 161, 246, 75, 183, 12, 39, 125, 153, 87, 231, 252, 30, 229, 152, 25, 174, 145, 164, 58, 33, 62, 88, 171, 131, 209, 190, 45, 197, 55, 239, 202, 4, 3, 29, 61, 98, 82, 137, 92, 122, 21, 232, 111, 219, 57, 157, 105, 198, 227, 104, 56, 49, 237, 36, 225, 249, 95, 166, 10, 167, 64, 177, 48, 118, 187, 31, 66, 146, 179, 218, 85, 189, 121, 109, 135, 84, 199, 176, 40, 65, 26, 134, 133, 204, 47, 200, 108, 250, 213, 70, 214, 194, 37, 144, 208, 69, 253, 116, 216, 28, 103, 124, 86, 130, 123, 136, 

Нелінійність  = 96 

Алгебраїчний імунітет  = 3 

Дельта-рівномірність  = 10 

Лінійна збитковість = 0 



152, 51, 5, 141, 103, 52, 107, 104, 229, 151, 102, 157, 178, 226, 43, 196, 60, 147, 15, 148, 243, 85, 164, 225, 198, 173, 211, 163, 200, 113, 121, 239, 47, 13, 90, 91, 127, 161, 71, 140, 224, 247, 222, 7, 231, 28, 162, 101, 41, 249, 204, 83, 133, 37, 172, 234, 67, 65, 55, 56, 25, 95, 149, 205, 77, 233, 244, 100, 58, 122, 185, 81, 48, 62, 10, 213, 131, 73, 89, 14, 227, 202, 126, 38, 150, 192, 171, 235, 201, 33, 9, 203, 68, 179, 23, 124, 31, 135, 0, 209, 221, 189, 109, 105, 27, 194, 238, 181, 116, 16, 3, 129, 114, 176, 207, 46, 1, 69, 96, 143, 84, 94, 212, 45, 32, 138, 64, 215, 160, 76, 12, 184, 57, 53, 232, 115, 214, 139, 79, 6, 167, 29, 237, 134, 206, 236, 255, 17, 75, 106, 111, 199, 166, 18, 11, 153, 241, 118, 240, 20, 30, 188, 175, 253, 246, 156, 187, 123, 168, 44, 50, 110, 92, 42, 180, 4, 128, 108, 54, 169, 252, 223, 146, 2, 59, 80, 35, 177, 208, 40, 219, 165, 251, 132, 145, 174, 158, 182, 70, 210, 112, 22, 74, 93, 61, 190, 39, 117, 24, 82, 72, 36, 97, 254, 19, 248, 191, 78, 88, 49, 250, 220, 8, 21, 119, 99, 125, 86, 136, 120, 217, 230, 216, 193, 218, 159, 87, 34, 130, 63, 197, 242, 98, 170, 195, 228, 66, 155, 245, 144, 186, 26, 142, 154, 183, 137, 

Нелінійність  = 96 

Алгебраїчний імунітет  = 3 

Дельта-рівномірність  = 12 

Лінійна збитковість = 0 



113, 135, 141, 124, 105, 56, 241, 85, 33, 189, 176, 237, 62, 191, 143, 133, 177, 158, 53, 123, 23, 196, 219, 184, 50, 243, 136, 116, 114, 67, 101, 118, 145, 97, 39, 104, 179, 162, 74, 147, 122, 94, 165, 207, 46, 43, 90, 79, 223, 95, 187, 233, 35, 205, 47, 132, 109, 42, 84, 128, 6, 0, 20, 30, 161, 202, 173, 215, 185, 212, 138, 59, 201, 224, 16, 21, 117, 17, 40, 192, 214, 82, 211, 160, 134, 102, 172, 103, 225, 142, 244, 209, 36, 170, 131, 54, 107, 52, 251, 89, 206, 11, 240, 152, 127, 87, 126, 61, 71, 153, 164, 221, 25, 34, 228, 100, 199, 186, 10, 111, 144, 55, 48, 86, 182, 8, 239, 218, 222, 203, 180, 220, 115, 226, 178, 238, 190, 229, 3, 200, 75, 93, 73, 252, 106, 155, 83, 78, 68, 41, 255, 253, 198, 108, 27, 88, 150, 248, 37, 167, 210, 149, 81, 38, 193, 2, 49, 137, 157, 216, 181, 58, 168, 148, 166, 31, 183, 15, 121, 26, 139, 120, 32, 70, 246, 63, 159, 231, 175, 163, 1, 72, 69, 245, 232, 57, 22, 236, 169, 99, 125, 197, 204, 242, 92, 4, 19, 29, 98, 7, 51, 247, 76, 64, 254, 18, 14, 9, 119, 194, 156, 91, 208, 24, 28, 195, 66, 12, 188, 44, 174, 77, 227, 110, 217, 140, 151, 130, 45, 80, 234, 112, 154, 96, 230, 129, 65, 250, 235, 249, 171, 146, 13, 213, 5, 60, 

Нелінійність  = 96 

Алгебраїчний імунітет  = 3 

Дельта-рівномірність  = 12 

Лінійна збитковість = 0 



189, 69, 213, 174, 95, 191, 246, 147, 148, 209, 70, 164, 214, 250, 135, 112, 252, 232, 35, 119, 199, 116, 197, 186, 253, 208, 139, 249, 11, 96, 129, 245, 170, 107, 101, 128, 201, 188, 79, 23, 130, 200, 89, 13, 141, 68, 156, 227, 194, 102, 63, 100, 157, 179, 137, 57, 99, 234, 219, 20, 243, 111, 217, 131, 90, 104, 120, 138, 176, 224, 15, 98, 55, 78, 44, 206, 168, 115, 0, 184, 3, 180, 151, 142, 83, 47, 158, 126, 84, 251, 6, 82, 103, 77, 237, 71, 62, 229, 9, 210, 178, 193, 56, 110, 155, 241, 16, 87, 192, 187, 143, 123, 165, 225, 242, 76, 231, 140, 204, 222, 240, 52, 254, 109, 172, 177, 159, 235, 17, 207, 61, 149, 38, 97, 4, 183, 166, 42, 53, 220, 223, 92, 74, 72, 196, 215, 51, 133, 41, 7, 152, 212, 195, 202, 43, 8, 163, 28, 248, 124, 46, 54, 173, 125, 18, 93, 205, 86, 25, 216, 19, 65, 1, 39, 26, 233, 182, 117, 169, 228, 161, 21, 12, 33, 32, 230, 50, 211, 244, 175, 113, 136, 30, 190, 154, 127, 27, 94, 226, 37, 49, 105, 75, 24, 146, 48, 36, 106, 238, 171, 247, 40, 144, 88, 81, 2, 91, 198, 34, 236, 58, 60, 67, 162, 5, 167, 185, 31, 73, 121, 10, 160, 255, 203, 59, 108, 64, 66, 221, 153, 45, 239, 14, 80, 114, 122, 134, 118, 85, 181, 218, 132, 150, 29, 145, 22, 

Нелінійність  = 96 

Алгебраїчний імунітет  = 3 

Дельта-рівномірність  = 12 

Лінійна збитковість = 0 



113, 42, 207, 136, 11, 35, 139, 177, 255, 131, 234, 119, 77, 152, 130, 60, 240, 219, 140, 154, 110, 239, 41, 22, 28, 144, 199, 161, 17, 97, 190, 3, 221, 81, 29, 230, 167, 137, 145, 194, 1, 238, 159, 12, 32, 34, 206, 203, 175, 99, 195, 117, 125, 217, 211, 246, 112, 78, 67, 127, 202, 208, 153, 176, 247, 31, 178, 174, 74, 116, 98, 186, 87, 107, 187, 82, 162, 220, 249, 132, 85, 10, 245, 157, 111, 229, 48, 115, 18, 2, 120, 108, 106, 188, 182, 79, 241, 218, 88, 148, 191, 143, 201, 214, 165, 92, 193, 94, 141, 147, 198, 242, 14, 146, 45, 102, 103, 213, 189, 114, 8, 47, 20, 252, 121, 168, 225, 209, 109, 123, 150, 62, 104, 149, 61, 76, 215, 21, 164, 170, 7, 155, 16, 179, 233, 171, 183, 181, 228, 180, 59, 205, 23, 100, 138, 196, 80, 49, 90, 52, 89, 96, 118, 0, 43, 250, 64, 204, 54, 151, 126, 38, 185, 95, 44, 39, 56, 173, 4, 142, 172, 66, 158, 134, 58, 25, 223, 50, 212, 216, 124, 72, 13, 84, 19, 163, 86, 40, 210, 15, 36, 73, 253, 68, 93, 197, 70, 232, 135, 235, 51, 160, 33, 122, 156, 248, 243, 69, 128, 101, 166, 184, 237, 133, 169, 6, 57, 251, 5, 222, 53, 46, 224, 30, 75, 192, 26, 129, 236, 9, 55, 83, 231, 63, 226, 227, 244, 65, 105, 71, 27, 200, 24, 91, 37, 254, 

Нелінійність  = 96 

Алгебраїчний імунітет  = 3 

Дельта-рівномірність  = 12 

Лінійна збитковість = 0 



224, 239, 209, 73, 193, 214, 253, 208, 206, 175, 120, 36, 187, 213, 72, 168, 243, 182, 68, 118, 51, 18, 191, 176, 180, 128, 246, 255, 205, 202, 123, 105, 7, 250, 132, 185, 245, 225, 197, 104, 113, 61, 107, 2, 98, 116, 226, 147, 137, 3, 167, 235, 236, 115, 54, 173, 1, 135, 63, 97, 6, 152, 252, 234, 55, 53, 117, 141, 10, 192, 66, 60, 129, 76, 186, 114, 92, 237, 160, 87, 166, 215, 96, 142, 157, 82, 111, 45, 174, 165, 230, 227, 242, 154, 29, 49, 33, 122, 99, 212, 46, 195, 112, 169, 170, 151, 140, 31, 130, 124, 219, 196, 199, 59, 190, 223, 248, 119, 229, 156, 178, 221, 183, 109, 57, 22, 200, 134, 247, 88, 228, 78, 222, 181, 136, 126, 93, 232, 240, 172, 164, 13, 125, 211, 85, 80, 64, 37, 108, 163, 121, 244, 5, 24, 149, 146, 251, 0, 217, 194, 162, 188, 189, 127, 89, 139, 216, 56, 86, 204, 153, 207, 210, 102, 15, 27, 203, 218, 23, 148, 48, 19, 44, 35, 69, 138, 14, 233, 25, 58, 159, 75, 241, 155, 171, 62, 179, 145, 4, 17, 81, 103, 8, 40, 65, 26, 101, 100, 9, 74, 90, 50, 41, 144, 42, 67, 84, 249, 150, 52, 94, 231, 201, 133, 28, 20, 77, 21, 47, 79, 38, 32, 177, 39, 161, 70, 106, 220, 34, 131, 95, 30, 43, 198, 12, 158, 83, 184, 238, 91, 11, 16, 110, 71, 254, 143, 

Нелінійність  = 96 

Алгебраїчний імунітет  = 3 

Дельта-рівномірність  = 10 

Лінійна збитковість = 0 



141, 14, 130, 245, 61, 163, 227, 145, 191, 17, 122, 134, 205, 125, 138, 212, 50, 105, 249, 233, 3, 201, 47, 209, 183, 44, 115, 53, 139, 103, 140, 93, 106, 203, 80, 202, 179, 220, 64, 175, 234, 166, 62, 193, 195, 90, 5, 129, 40, 118, 87, 144, 252, 150, 107, 86, 158, 70, 251, 182, 188, 72, 229, 41, 24, 228, 74, 81, 55, 210, 230, 100, 170, 254, 187, 214, 149, 32, 199, 84, 213, 85, 18, 4, 173, 26, 186, 196, 151, 104, 185, 197, 239, 101, 148, 255, 110, 38, 59, 43, 94, 241, 172, 248, 160, 98, 15, 231, 223, 42, 238, 99, 143, 147, 97, 127, 219, 13, 112, 77, 200, 116, 33, 108, 113, 102, 243, 225, 215, 71, 194, 181, 23, 211, 22, 165, 218, 167, 221, 79, 206, 131, 226, 168, 250, 78, 135, 123, 83, 68, 114, 190, 189, 161, 30, 208, 132, 124, 25, 142, 29, 1, 156, 244, 82, 92, 128, 12, 217, 253, 154, 222, 216, 120, 21, 246, 46, 67, 232, 133, 164, 10, 65, 11, 39, 56, 126, 96, 49, 192, 58, 152, 204, 177, 2, 162, 207, 34, 16, 242, 75, 60, 174, 119, 117, 176, 224, 52, 88, 63, 235, 237, 91, 109, 36, 111, 247, 171, 66, 121, 137, 178, 45, 198, 20, 159, 157, 9, 180, 28, 136, 48, 146, 7, 95, 6, 57, 69, 76, 153, 89, 19, 73, 169, 54, 37, 27, 51, 35, 184, 236, 155, 31, 0, 8, 240, 

Нелінійність  = 96 

Алгебраїчний імунітет  = 3 

Дельта-рівномірність  = 12 

Лінійна збитковість = 0 



42, 223, 180, 149, 147, 101, 108, 148, 206, 159, 197, 132, 106, 167, 155, 131, 245, 152, 90, 103, 144, 250, 227, 3, 21, 181, 142, 192, 230, 123, 196, 213, 225, 37, 0, 166, 183, 154, 67, 236, 232, 41, 168, 111, 127, 200, 23, 235, 86, 6, 145, 156, 110, 1, 202, 48, 96, 92, 60, 185, 141, 189, 151, 125, 216, 102, 162, 87, 117, 80, 89, 182, 188, 93, 8, 94, 83, 43, 254, 104, 14, 238, 4, 214, 5, 251, 134, 158, 12, 7, 176, 217, 128, 69, 114, 38, 124, 190, 143, 76, 121, 16, 122, 184, 175, 195, 73, 98, 210, 137, 28, 135, 161, 169, 201, 72, 246, 205, 221, 242, 240, 229, 34, 198, 224, 239, 115, 58, 45, 59, 13, 30, 220, 172, 218, 61, 164, 207, 233, 139, 19, 170, 85, 241, 174, 78, 237, 18, 138, 222, 219, 62, 209, 112, 171, 99, 234, 118, 55, 82, 40, 146, 215, 64, 84, 49, 10, 91, 74, 54, 66, 22, 26, 211, 29, 100, 33, 231, 130, 193, 249, 97, 47, 17, 15, 199, 204, 129, 133, 39, 81, 247, 105, 160, 165, 57, 248, 75, 2, 255, 63, 243, 35, 65, 20, 126, 44, 71, 194, 191, 109, 51, 186, 212, 187, 53, 244, 140, 226, 113, 50, 52, 36, 95, 163, 79, 56, 119, 88, 179, 178, 136, 157, 32, 107, 46, 173, 27, 24, 228, 70, 177, 203, 208, 150, 9, 116, 68, 120, 252, 77, 153, 11, 25, 253, 31, 

Нелінійність  = 96 

Алгебраїчний імунітет  = 3 

Дельта-рівномірність  = 10 

Лінійна збитковість = 0 



144, 147, 245, 164, 5, 173, 244, 148, 129, 67, 94, 188, 206, 236, 140, 8, 209, 63, 149, 203, 124, 194, 54, 118, 228, 220, 60, 151, 204, 12, 192, 169, 101, 130, 218, 156, 178, 161, 30, 235, 98, 117, 196, 34, 126, 247, 76, 199, 35, 172, 191, 73, 205, 159, 31, 198, 175, 4, 2, 211, 185, 106, 248, 226, 207, 18, 14, 36, 181, 100, 74, 240, 176, 154, 50, 186, 104, 19, 200, 114, 242, 45, 88, 121, 128, 202, 214, 116, 65, 29, 255, 72, 70, 222, 133, 189, 241, 92, 201, 182, 28, 210, 122, 227, 79, 109, 77, 80, 26, 125, 190, 225, 6, 132, 187, 69, 212, 59, 221, 246, 162, 171, 42, 32, 105, 33, 39, 20, 153, 180, 229, 57, 217, 115, 40, 120, 102, 66, 234, 3, 215, 37, 64, 158, 179, 127, 168, 110, 213, 83, 150, 232, 112, 108, 61, 145, 47, 141, 134, 16, 51, 22, 152, 251, 71, 167, 230, 243, 165, 55, 97, 68, 219, 62, 82, 238, 136, 27, 93, 0, 99, 177, 87, 193, 208, 184, 174, 48, 38, 166, 231, 85, 17, 233, 131, 170, 25, 155, 81, 113, 46, 13, 146, 119, 107, 56, 163, 123, 23, 103, 7, 44, 90, 53, 10, 253, 21, 160, 195, 239, 91, 15, 139, 250, 135, 95, 252, 52, 197, 137, 49, 43, 89, 157, 223, 78, 254, 224, 216, 249, 138, 86, 143, 1, 58, 111, 237, 96, 75, 183, 9, 24, 11, 142, 84, 41, 

Нелінійність  = 96 

Алгебраїчний імунітет  = 3 

Дельта-рівномірність  = 12 

Лінійна збитковість = 0 



242, 201, 159, 34, 75, 78, 207, 185, 225, 116, 94, 1, 140, 86, 232, 93, 209, 131, 165, 69, 177, 246, 194, 99, 171, 228, 70, 154, 199, 189, 80, 60, 250, 182, 144, 151, 241, 87, 100, 4, 183, 23, 252, 253, 25, 3, 179, 126, 68, 134, 195, 90, 218, 27, 57, 190, 222, 149, 143, 6, 184, 192, 198, 238, 55, 239, 114, 81, 254, 89, 36, 14, 37, 33, 56, 135, 213, 148, 203, 217, 124, 2, 88, 216, 113, 233, 255, 101, 146, 43, 142, 103, 188, 73, 175, 191, 123, 46, 84, 173, 247, 202, 214, 102, 138, 51, 166, 109, 119, 64, 145, 115, 244, 107, 163, 150, 193, 18, 221, 0, 136, 160, 17, 155, 62, 40, 223, 117, 49, 83, 229, 13, 118, 147, 54, 132, 7, 245, 226, 227, 63, 12, 161, 208, 9, 24, 121, 156, 48, 237, 157, 112, 235, 204, 15, 104, 71, 176, 67, 215, 219, 95, 120, 168, 79, 110, 251, 169, 22, 44, 122, 231, 197, 58, 76, 230, 139, 137, 97, 59, 128, 74, 186, 248, 11, 162, 66, 111, 133, 52, 19, 29, 42, 236, 98, 39, 10, 172, 181, 240, 45, 105, 206, 61, 16, 65, 85, 130, 205, 92, 47, 125, 167, 153, 180, 50, 243, 174, 127, 41, 234, 249, 152, 106, 28, 96, 196, 108, 38, 129, 5, 170, 26, 77, 178, 82, 31, 32, 20, 210, 21, 141, 91, 8, 158, 187, 72, 164, 211, 53, 35, 220, 30, 200, 224, 212, 

Нелінійність  = 94 

Алгебраїчний імунітет  = 3 

Дельта-рівномірність  = 12 

Лінійна збитковість = 0 



20, 181, 101, 143, 105, 6, 53, 91, 171, 141, 197, 116, 209, 80, 39, 34, 155, 137, 16, 126, 30, 252, 212, 254, 247, 11, 133, 58, 230, 54, 189, 232, 136, 188, 246, 198, 81, 127, 35, 123, 206, 222, 32, 203, 14, 115, 166, 220, 190, 3, 221, 38, 77, 170, 211, 227, 8, 70, 29, 69, 47, 158, 62, 153, 240, 46, 179, 139, 83, 18, 44, 142, 121, 67, 98, 37, 201, 151, 235, 79, 52, 219, 238, 89, 103, 120, 85, 112, 241, 244, 56, 117, 73, 27, 180, 4, 19, 88, 36, 97, 164, 66, 145, 165, 163, 17, 194, 5, 132, 186, 43, 111, 192, 86, 202, 13, 223, 144, 159, 93, 216, 191, 106, 156, 218, 182, 231, 76, 25, 75, 87, 168, 92, 108, 55, 21, 122, 217, 100, 104, 95, 175, 102, 96, 178, 84, 57, 161, 49, 176, 187, 210, 242, 177, 12, 233, 174, 41, 128, 224, 237, 78, 65, 42, 26, 245, 167, 234, 135, 82, 68, 249, 236, 64, 150, 131, 226, 138, 113, 119, 149, 40, 124, 173, 130, 118, 94, 59, 146, 24, 50, 250, 114, 110, 134, 2, 195, 33, 157, 185, 225, 243, 99, 10, 71, 61, 204, 147, 154, 22, 229, 193, 28, 228, 109, 72, 253, 251, 31, 184, 51, 160, 125, 48, 1, 214, 248, 162, 74, 152, 140, 196, 129, 199, 0, 9, 45, 208, 60, 215, 107, 23, 207, 205, 200, 239, 7, 213, 255, 63, 169, 148, 172, 90, 15, 183, 

Нелінійність  = 94 

Алгебраїчний імунітет  = 3 

Дельта-рівномірність  = 12 

Лінійна збитковість = 0 



242, 201, 159, 34, 75, 78, 207, 185, 225, 116, 94, 1, 140, 86, 232, 93, 209, 131, 165, 69, 177, 246, 194, 99, 171, 228, 70, 154, 199, 189, 80, 60, 250, 182, 144, 151, 241, 87, 100, 4, 183, 23, 252, 253, 25, 3, 179, 126, 68, 134, 195, 90, 218, 27, 57, 190, 222, 149, 143, 6, 184, 192, 198, 238, 55, 239, 114, 81, 254, 89, 36, 14, 37, 33, 56, 135, 213, 148, 203, 217, 124, 2, 88, 216, 113, 233, 255, 101, 146, 43, 142, 103, 188, 73, 175, 191, 123, 46, 84, 173, 247, 202, 214, 102, 138, 51, 166, 109, 119, 64, 145, 115, 244, 107, 163, 150, 193, 18, 221, 0, 136, 160, 17, 155, 62, 40, 223, 117, 49, 83, 229, 13, 118, 147, 54, 132, 7, 245, 226, 227, 63, 12, 161, 208, 9, 24, 121, 156, 48, 237, 157, 112, 235, 204, 15, 104, 71, 176, 67, 215, 219, 95, 120, 168, 79, 110, 251, 169, 22, 44, 122, 231, 197, 58, 76, 230, 139, 137, 97, 59, 128, 74, 186, 248, 11, 162, 66, 111, 133, 52, 19, 29, 42, 236, 98, 39, 10, 172, 181, 240, 45, 105, 206, 61, 16, 65, 85, 130, 205, 92, 47, 125, 167, 153, 180, 50, 243, 174, 127, 41, 234, 249, 152, 106, 28, 96, 196, 108, 38, 129, 5, 170, 26, 77, 178, 82, 31, 32, 20, 210, 21, 141, 91, 8, 158, 187, 72, 164, 211, 53, 35, 220, 30, 200, 224, 212, 

Нелінійність  = 94 

Алгебраїчний імунітет  = 3 

Дельта-рівномірність  = 12 

Лінійна збитковість = 0 



69, 244, 116, 111, 3, 103, 185, 23, 216, 245, 90, 109, 25, 40, 42, 123, 126, 195, 204, 98, 163, 136, 84, 179, 1, 171, 148, 2, 38, 24, 117, 133, 26, 101, 65, 141, 139, 212, 68, 151, 248, 88, 236, 27, 93, 249, 228, 102, 159, 36, 96, 156, 240, 153, 81, 30, 127, 11, 99, 7, 55, 22, 149, 132, 134, 253, 32, 54, 168, 189, 129, 79, 182, 235, 164, 178, 147, 251, 58, 5, 114, 144, 70, 130, 135, 246, 71, 143, 137, 237, 173, 217, 226, 78, 51, 176, 34, 86, 125, 121, 4, 115, 145, 44, 191, 29, 97, 82, 188, 234, 205, 175, 45, 158, 165, 140, 146, 231, 16, 124, 14, 64, 211, 110, 73, 243, 197, 154, 252, 128, 67, 160, 192, 169, 220, 207, 227, 186, 222, 13, 230, 198, 72, 17, 215, 74, 63, 170, 20, 118, 193, 181, 162, 172, 174, 105, 150, 37, 15, 43, 208, 120, 229, 187, 131, 41, 52, 138, 152, 21, 28, 89, 107, 0, 233, 242, 56, 255, 223, 196, 202, 241, 18, 201, 35, 19, 254, 48, 39, 180, 247, 104, 177, 76, 190, 166, 157, 8, 80, 225, 184, 250, 218, 94, 83, 206, 142, 9, 232, 12, 167, 203, 50, 77, 224, 53, 209, 33, 210, 200, 221, 91, 95, 60, 85, 87, 108, 61, 113, 183, 62, 155, 119, 59, 47, 75, 57, 46, 238, 100, 92, 106, 219, 194, 199, 10, 49, 239, 161, 213, 31, 66, 122, 214, 112, 6, 

Нелінійність  = 94 

Алгебраїчний імунітет  = 3 

Дельта-рівномірність  = 12 

Лінійна збитковість = 0 



61, 255, 189, 249, 101, 77, 67, 88, 156, 224, 71, 218, 133, 137, 116, 172, 72, 248, 64, 2, 160, 205, 27, 229, 215, 75, 113, 43, 162, 231, 53, 193, 14, 250, 74, 206, 68, 60, 191, 80, 54, 130, 219, 103, 17, 232, 234, 31, 12, 34, 49, 16, 253, 65, 138, 147, 3, 221, 58, 236, 110, 148, 81, 1, 153, 154, 181, 158, 212, 6, 192, 48, 73, 85, 108, 106, 222, 173, 98, 174, 211, 217, 86, 44, 50, 245, 237, 207, 195, 199, 159, 198, 175, 204, 190, 239, 25, 134, 102, 76, 240, 186, 70, 149, 243, 131, 84, 210, 89, 141, 214, 208, 246, 30, 220, 200, 180, 197, 167, 209, 121, 194, 66, 23, 135, 120, 150, 161, 247, 8, 144, 105, 241, 99, 45, 46, 19, 21, 155, 176, 122, 151, 196, 223, 230, 114, 117, 47, 41, 142, 227, 104, 184, 166, 242, 233, 15, 42, 225, 128, 129, 132, 165, 201, 168, 57, 87, 13, 123, 185, 20, 82, 226, 177, 228, 0, 10, 39, 112, 124, 18, 115, 107, 5, 40, 69, 63, 163, 126, 59, 125, 100, 183, 244, 169, 238, 182, 152, 11, 56, 146, 235, 109, 55, 29, 251, 78, 62, 119, 52, 118, 179, 51, 136, 213, 202, 7, 216, 140, 37, 91, 4, 170, 26, 187, 139, 38, 188, 90, 145, 157, 92, 33, 254, 36, 83, 94, 143, 127, 97, 24, 111, 93, 22, 79, 35, 96, 164, 178, 203, 252, 171, 9, 95, 32, 28, 

Нелінійність  = 94 

Алгебраїчний імунітет  = 3 

Дельта-рівномірність  = 10 

Лінійна збитковість = 0 



98, 10, 5, 215, 1, 58, 210, 82, 0, 237, 64, 226, 77, 181, 62, 166, 186, 32, 37, 89, 122, 150, 4, 184, 135, 218, 160, 126, 209, 198, 203, 146, 188, 53, 171, 223, 88, 151, 60, 80, 38, 123, 153, 162, 157, 113, 36, 178, 230, 54, 213, 254, 189, 79, 222, 234, 202, 228, 86, 190, 21, 242, 248, 208, 217, 121, 165, 103, 27, 250, 199, 167, 152, 105, 65, 195, 57, 129, 76, 90, 229, 112, 127, 139, 47, 196, 232, 182, 94, 158, 92, 173, 59, 69, 204, 187, 193, 145, 172, 252, 81, 16, 23, 71, 44, 101, 236, 6, 84, 128, 169, 2, 28, 168, 118, 35, 19, 132, 241, 251, 212, 42, 52, 201, 227, 15, 61, 31, 148, 174, 176, 245, 175, 191, 238, 163, 51, 114, 161, 134, 49, 14, 225, 39, 30, 8, 115, 131, 255, 179, 116, 87, 170, 24, 130, 102, 117, 142, 104, 177, 106, 133, 147, 211, 149, 108, 141, 156, 140, 143, 99, 91, 33, 34, 72, 26, 120, 144, 13, 235, 185, 224, 207, 97, 70, 246, 124, 50, 221, 66, 29, 17, 67, 253, 25, 155, 68, 180, 119, 125, 216, 46, 96, 154, 220, 12, 164, 45, 200, 244, 138, 240, 7, 83, 95, 78, 197, 48, 243, 233, 110, 239, 74, 43, 136, 73, 9, 219, 111, 75, 22, 85, 41, 231, 40, 206, 183, 247, 249, 93, 205, 63, 194, 192, 55, 107, 109, 137, 18, 3, 20, 11, 100, 159, 214, 56, 

Нелінійність  = 94 

Алгебраїчний імунітет  = 3 

Дельта-рівномірність  = 10 

Лінійна збитковість = 0 



20, 181, 101, 143, 105, 6, 53, 91, 171, 141, 197, 116, 209, 80, 39, 34, 155, 137, 16, 126, 30, 252, 212, 254, 247, 11, 133, 58, 230, 54, 189, 232, 136, 188, 246, 198, 81, 127, 35, 123, 206, 222, 32, 203, 14, 115, 166, 220, 190, 3, 221, 38, 77, 170, 211, 227, 8, 70, 29, 69, 47, 158, 62, 153, 240, 46, 179, 139, 83, 18, 44, 142, 121, 67, 98, 37, 201, 151, 235, 79, 52, 219, 238, 89, 103, 120, 85, 112, 241, 244, 56, 117, 73, 27, 180, 4, 19, 88, 36, 97, 164, 66, 145, 165, 163, 17, 194, 5, 132, 186, 43, 111, 192, 86, 202, 13, 223, 144, 159, 93, 216, 191, 106, 156, 218, 182, 231, 76, 25, 75, 87, 168, 92, 108, 55, 21, 122, 217, 100, 104, 95, 175, 102, 96, 178, 84, 57, 161, 49, 176, 187, 210, 242, 177, 12, 233, 174, 41, 128, 224, 237, 78, 65, 42, 26, 245, 167, 234, 135, 82, 68, 249, 236, 64, 150, 131, 226, 138, 113, 119, 149, 40, 124, 173, 130, 118, 94, 59, 146, 24, 50, 250, 114, 110, 134, 2, 195, 33, 157, 185, 225, 243, 99, 10, 71, 61, 204, 147, 154, 22, 229, 193, 28, 228, 109, 72, 253, 251, 31, 184, 51, 160, 125, 48, 1, 214, 248, 162, 74, 152, 140, 196, 129, 199, 0, 9, 45, 208, 60, 215, 107, 23, 207, 205, 200, 239, 7, 213, 255, 63, 169, 148, 172, 90, 15, 183, 

Нелінійність  = 94 

Алгебраїчний імунітет  = 3 

Дельта-рівномірність  = 12 

Лінійна збитковість = 0 



12, 144, 226, 5, 219, 223, 153, 91, 123, 41, 157, 34, 88, 224, 242, 90, 33, 58, 169, 8, 93, 234, 250, 213, 21, 200, 134, 243, 211, 70, 163, 113, 237, 103, 148, 133, 229, 61, 16, 120, 177, 106, 85, 78, 7, 104, 68, 149, 164, 119, 62, 218, 239, 126, 43, 154, 208, 110, 1, 35, 69, 109, 80, 75, 215, 150, 190, 246, 94, 130, 4, 135, 131, 227, 195, 183, 189, 221, 249, 49, 132, 184, 182, 25, 115, 203, 225, 186, 102, 77, 99, 151, 29, 178, 165, 67, 238, 17, 152, 13, 92, 121, 19, 2, 156, 254, 52, 6, 205, 11, 56, 192, 158, 112, 82, 42, 108, 45, 240, 170, 0, 199, 247, 155, 63, 47, 217, 84, 187, 36, 81, 105, 139, 117, 162, 216, 87, 101, 138, 147, 54, 209, 214, 31, 51, 24, 74, 20, 181, 168, 185, 196, 201, 244, 10, 22, 116, 253, 176, 245, 76, 100, 23, 141, 37, 38, 194, 179, 172, 86, 48, 66, 235, 122, 175, 125, 193, 9, 248, 72, 241, 159, 191, 129, 46, 204, 136, 124, 89, 40, 231, 228, 251, 173, 230, 27, 26, 65, 59, 188, 128, 167, 50, 143, 15, 255, 53, 160, 98, 83, 79, 232, 14, 161, 252, 146, 202, 44, 3, 180, 28, 137, 95, 145, 60, 140, 30, 206, 212, 111, 142, 198, 222, 127, 96, 236, 55, 97, 57, 18, 171, 71, 174, 107, 64, 210, 118, 39, 166, 32, 233, 197, 73, 220, 207, 114, 

Нелінійність  = 94 

Алгебраїчний імунітет  = 3 

Дельта-рівномірність  = 12 

Лінійна збитковість = 0 



90, 83, 140, 155, 205, 116, 177, 190, 216, 246, 91, 49, 231, 150, 88, 251, 54, 60, 100, 236, 129, 159, 239, 19, 163, 47, 55, 154, 226, 23, 94, 147, 255, 71, 151, 206, 217, 202, 254, 75, 58, 172, 143, 201, 149, 248, 244, 214, 31, 175, 93, 62, 191, 46, 141, 5, 218, 64, 221, 87, 113, 240, 192, 144, 37, 4, 187, 131, 48, 108, 139, 29, 235, 198, 230, 117, 161, 158, 122, 35, 26, 121, 59, 115, 173, 229, 80, 27, 119, 252, 20, 195, 82, 105, 28, 73, 197, 224, 168, 128, 17, 65, 107, 51, 22, 30, 207, 152, 138, 232, 176, 41, 193, 76, 212, 63, 223, 253, 183, 156, 137, 196, 242, 146, 24, 124, 103, 97, 125, 40, 233, 184, 170, 211, 77, 33, 136, 50, 208, 126, 32, 180, 145, 106, 114, 2, 18, 132, 96, 130, 243, 204, 44, 194, 69, 247, 66, 181, 148, 67, 133, 7, 112, 109, 13, 200, 160, 219, 118, 165, 153, 95, 186, 57, 220, 78, 142, 203, 38, 68, 162, 225, 169, 179, 213, 215, 72, 15, 52, 39, 99, 25, 1, 237, 101, 10, 178, 14, 199, 123, 84, 102, 42, 174, 8, 238, 245, 45, 135, 79, 36, 120, 34, 43, 127, 188, 9, 85, 241, 222, 189, 0, 234, 12, 61, 21, 16, 182, 164, 70, 56, 89, 166, 98, 53, 228, 81, 111, 227, 110, 167, 210, 86, 74, 104, 157, 250, 92, 6, 3, 249, 209, 11, 171, 185, 134, 

Нелінійність  = 94 

Алгебраїчний імунітет  = 3 

Дельта-рівномірність  = 12 

Лінійна збитковість = 0 



242, 201, 159, 34, 75, 78, 207, 185, 225, 116, 94, 1, 140, 86, 232, 93, 209, 131, 165, 69, 177, 246, 194, 99, 171, 228, 70, 154, 199, 189, 80, 60, 250, 182, 144, 151, 241, 87, 100, 4, 183, 23, 252, 253, 25, 3, 179, 126, 68, 134, 195, 90, 218, 27, 57, 190, 222, 149, 143, 6, 184, 192, 198, 238, 55, 239, 114, 81, 254, 89, 36, 14, 37, 33, 56, 135, 213, 148, 203, 217, 124, 2, 88, 216, 113, 233, 255, 101, 146, 43, 142, 103, 188, 73, 175, 191, 123, 46, 84, 173, 247, 202, 214, 102, 138, 51, 166, 109, 119, 64, 145, 115, 244, 107, 163, 150, 193, 18, 221, 0, 136, 160, 17, 155, 62, 40, 223, 117, 49, 83, 229, 13, 118, 147, 54, 132, 7, 245, 226, 227, 63, 12, 161, 208, 9, 24, 121, 156, 48, 237, 157, 112, 235, 204, 15, 104, 71, 176, 67, 215, 219, 95, 120, 168, 79, 110, 251, 169, 22, 44, 122, 231, 197, 58, 76, 230, 139, 137, 97, 59, 128, 74, 186, 248, 11, 162, 66, 111, 133, 52, 19, 29, 42, 236, 98, 39, 10, 172, 181, 240, 45, 105, 206, 61, 16, 65, 85, 130, 205, 92, 47, 125, 167, 153, 180, 50, 243, 174, 127, 41, 234, 249, 152, 106, 28, 96, 196, 108, 38, 129, 5, 170, 26, 77, 178, 82, 31, 32, 20, 210, 21, 141, 91, 8, 158, 187, 72, 164, 211, 53, 35, 220, 30, 200, 224, 212, 

Нелінійність  = 94 

Алгебраїчний імунітет  = 3 

Дельта-рівномірність  = 12 

Лінійна збитковість = 0 



104, 199, 191, 245, 175, 52, 228, 189, 220, 165, 42, 127, 16, 226, 128, 40, 28, 118, 252, 155, 97, 32, 91, 219, 10, 84, 243, 48, 105, 101, 129, 250, 251, 33, 247, 233, 136, 47, 31, 99, 75, 13, 148, 242, 62, 218, 22, 63, 12, 86, 119, 227, 9, 5, 41, 0, 146, 21, 110, 20, 244, 123, 152, 138, 174, 131, 230, 205, 65, 181, 126, 125, 163, 143, 100, 92, 134, 56, 61, 246, 4, 130, 213, 103, 43, 30, 140, 106, 157, 202, 78, 54, 178, 197, 236, 81, 209, 24, 132, 14, 77, 183, 68, 57, 124, 238, 156, 83, 185, 177, 50, 249, 38, 76, 141, 172, 49, 139, 74, 192, 188, 161, 69, 59, 46, 95, 214, 11, 102, 117, 223, 66, 17, 29, 72, 80, 167, 162, 2, 51, 170, 153, 15, 196, 121, 166, 208, 112, 1, 116, 90, 222, 254, 171, 19, 204, 158, 179, 142, 64, 60, 144, 212, 135, 108, 58, 55, 87, 225, 248, 111, 88, 194, 18, 221, 137, 149, 229, 215, 23, 53, 173, 186, 145, 8, 67, 150, 190, 187, 184, 168, 206, 109, 79, 36, 107, 207, 193, 7, 39, 96, 239, 94, 151, 164, 253, 176, 45, 122, 198, 26, 70, 200, 182, 115, 113, 44, 133, 34, 35, 180, 224, 160, 169, 237, 85, 71, 73, 240, 211, 154, 241, 89, 216, 93, 120, 235, 203, 25, 6, 210, 159, 82, 114, 3, 217, 37, 27, 255, 231, 232, 147, 201, 195, 98, 234, 

Нелінійність  = 94 

Алгебраїчний імунітет  = 3 

Дельта-рівномірність  = 12 

Лінійна збитковість = 0 



118, 28, 207, 61, 102, 85, 155, 72, 171, 94, 26, 117, 175, 157, 241, 146, 95, 177, 169, 131, 103, 14, 174, 228, 27, 219, 152, 126, 65, 138, 205, 136, 111, 64, 80, 77, 73, 134, 147, 12, 31, 88, 52, 216, 236, 193, 107, 47, 49, 187, 8, 237, 202, 91, 212, 60, 45, 78, 141, 36, 206, 223, 105, 75, 190, 68, 43, 199, 194, 137, 69, 182, 37, 240, 184, 17, 188, 185, 114, 46, 48, 100, 54, 140, 192, 29, 108, 201, 186, 142, 167, 3, 53, 162, 63, 166, 120, 38, 55, 110, 96, 87, 112, 82, 242, 59, 165, 224, 93, 135, 235, 196, 227, 150, 128, 99, 34, 15, 50, 253, 143, 234, 163, 39, 225, 71, 22, 248, 246, 25, 145, 132, 239, 16, 179, 164, 226, 0, 148, 119, 19, 208, 217, 116, 24, 189, 101, 178, 66, 168, 129, 20, 252, 40, 251, 89, 218, 153, 18, 113, 97, 221, 158, 183, 76, 32, 42, 23, 144, 203, 74, 6, 198, 247, 209, 41, 213, 170, 215, 122, 154, 139, 58, 125, 2, 21, 231, 222, 161, 124, 83, 4, 51, 11, 92, 149, 98, 67, 44, 33, 195, 133, 84, 250, 104, 9, 214, 230, 70, 10, 244, 159, 123, 130, 127, 245, 181, 176, 35, 243, 160, 121, 233, 211, 109, 1, 191, 13, 156, 200, 255, 81, 238, 254, 249, 86, 5, 180, 106, 229, 79, 57, 7, 56, 197, 204, 232, 220, 210, 90, 30, 115, 173, 62, 172, 151, 

Нелінійність  = 94 

Алгебраїчний імунітет  = 3 

Дельта-рівномірність  = 10 

Лінійна збитковість = 0 



121, 250, 133, 125, 242, 200, 214, 41, 141, 206, 6, 154, 203, 192, 81, 52, 211, 182, 180, 64, 77, 12, 168, 124, 220, 157, 88, 209, 172, 61, 106, 176, 130, 132, 58, 94, 201, 144, 247, 188, 35, 136, 44, 186, 129, 195, 161, 234, 191, 71, 46, 9, 79, 45, 184, 73, 109, 113, 149, 226, 90, 39, 135, 194, 87, 11, 116, 99, 74, 82, 246, 43, 21, 25, 16, 78, 76, 32, 219, 101, 107, 128, 70, 42, 92, 252, 117, 100, 216, 150, 164, 205, 4, 235, 240, 33, 244, 115, 173, 80, 51, 217, 85, 31, 254, 218, 49, 251, 197, 163, 56, 249, 177, 114, 229, 36, 137, 227, 108, 231, 156, 29, 119, 2, 158, 185, 67, 166, 75, 181, 3, 13, 139, 123, 241, 202, 112, 23, 15, 111, 225, 183, 65, 232, 171, 174, 63, 86, 14, 131, 103, 48, 30, 189, 228, 238, 104, 146, 196, 97, 221, 178, 59, 120, 208, 50, 215, 212, 143, 222, 230, 160, 96, 190, 28, 213, 72, 91, 127, 53, 1, 38, 105, 18, 224, 118, 239, 68, 40, 151, 169, 147, 237, 126, 27, 22, 153, 62, 142, 187, 245, 34, 167, 26, 175, 159, 145, 20, 60, 210, 155, 236, 243, 47, 207, 223, 93, 199, 83, 122, 253, 84, 102, 66, 98, 165, 248, 162, 95, 55, 233, 152, 170, 140, 138, 17, 5, 57, 179, 69, 8, 7, 148, 193, 24, 204, 54, 110, 89, 198, 134, 255, 19, 37, 10, 0, 

Нелінійність  = 94 

Алгебраїчний імунітет  = 3 

Дельта-рівномірність  = 12 

Лінійна збитковість = 0 



121, 250, 133, 125, 242, 200, 214, 41, 141, 206, 6, 154, 203, 192, 81, 52, 211, 182, 180, 64, 77, 12, 168, 124, 220, 157, 88, 209, 5, 61, 106, 176, 130, 183, 58, 94, 201, 26, 247, 188, 35, 136, 44, 186, 129, 195, 161, 234, 172, 71, 46, 151, 79, 158, 184, 73, 109, 113, 149, 226, 90, 39, 135, 194, 87, 11, 116, 99, 148, 82, 246, 43, 21, 25, 16, 78, 76, 32, 219, 101, 107, 128, 196, 42, 92, 252, 173, 100, 123, 150, 164, 216, 4, 235, 97, 33, 244, 115, 62, 80, 85, 217, 51, 197, 72, 218, 132, 10, 131, 96, 34, 22, 102, 1, 229, 36, 137, 227, 108, 224, 9, 29, 119, 187, 153, 185, 254, 2, 66, 181, 3, 65, 45, 236, 134, 112, 67, 23, 15, 110, 144, 57, 251, 190, 171, 174, 63, 191, 213, 49, 103, 53, 175, 126, 228, 238, 104, 146, 248, 48, 221, 17, 59, 249, 208, 50, 68, 177, 222, 20, 212, 152, 13, 91, 215, 0, 69, 70, 30, 202, 56, 38, 105, 74, 147, 169, 84, 118, 54, 114, 232, 205, 27, 83, 178, 138, 230, 140, 159, 117, 31, 111, 167, 139, 8, 142, 47, 60, 120, 55, 14, 198, 37, 156, 207, 253, 193, 127, 40, 166, 155, 95, 255, 210, 145, 93, 18, 24, 231, 245, 19, 170, 239, 89, 199, 233, 240, 98, 225, 241, 189, 243, 122, 143, 223, 86, 7, 75, 237, 163, 28, 179, 162, 165, 204, 160, 

Нелінійність  = 94 

Алгебраїчний імунітет  = 3 

Дельта-рівномірність  = 12 

Лінійна збитковість = 0 



24, 179, 102, 143, 112, 11, 56, 96, 166, 135, 193, 113, 212, 87, 45, 38, 158, 137, 25, 126, 40, 245, 206, 254, 244, 20, 148, 64, 227, 59, 186, 231, 139, 191, 242, 255, 80, 125, 109, 127, 200, 220, 41, 205, 19, 120, 161, 185, 182, 12, 213, 46, 75, 170, 202, 224, 8, 68, 34, 77, 236, 153, 66, 152, 230, 50, 173, 134, 81, 23, 47, 30, 146, 67, 104, 44, 194, 155, 250, 82, 54, 219, 228, 223, 100, 51, 90, 9, 235, 243, 62, 115, 74, 140, 176, 14, 28, 95, 42, 184, 160, 110, 141, 164, 159, 221, 53, 233, 130, 181, 49, 114, 188, 162, 196, 129, 117, 145, 7, 232, 215, 18, 111, 151, 209, 10, 178, 72, 21, 73, 84, 172, 93, 252, 226, 22, 106, 203, 107, 103, 98, 79, 99, 97, 175, 174, 58, 189, 43, 171, 69, 207, 124, 180, 61, 167, 177, 37, 123, 136, 237, 101, 65, 132, 29, 27, 13, 216, 138, 88, 157, 31, 217, 218, 154, 131, 238, 2, 52, 119, 149, 48, 122, 198, 86, 105, 147, 246, 144, 210, 17, 240, 118, 16, 57, 4, 214, 39, 241, 78, 60, 222, 6, 251, 247, 71, 211, 121, 183, 197, 156, 108, 15, 192, 116, 70, 142, 229, 169, 253, 55, 33, 249, 163, 89, 165, 208, 91, 76, 234, 63, 248, 3, 36, 32, 168, 190, 85, 1, 94, 83, 204, 5, 199, 150, 239, 26, 201, 195, 35, 0, 128, 92, 187, 225, 133, 

Нелінійність  = 94 

Алгебраїчний імунітет  = 3 

Дельта-рівномірність  = 12 

Лінійна збитковість = 0 



71, 239, 117, 112, 14, 104, 182, 31, 209, 235, 91, 107, 36, 48, 166, 123, 130, 193, 204, 100, 167, 134, 84, 73, 9, 173, 149, 10, 44, 77, 43, 136, 34, 108, 69, 137, 177, 206, 76, 154, 240, 92, 236, 37, 94, 248, 221, 99, 153, 186, 101, 158, 231, 25, 78, 61, 122, 12, 151, 17, 64, 23, 255, 132, 129, 174, 33, 53, 162, 96, 128, 83, 178, 228, 223, 179, 143, 250, 58, 11, 113, 147, 67, 135, 131, 247, 219, 141, 47, 155, 224, 210, 220, 222, 133, 24, 42, 93, 0, 127, 7, 114, 152, 106, 230, 39, 68, 85, 184, 227, 203, 175, 165, 159, 161, 197, 146, 120, 18, 28, 22, 70, 212, 218, 213, 244, 200, 157, 243, 57, 65, 164, 188, 169, 214, 199, 226, 102, 98, 16, 225, 194, 246, 66, 41, 45, 125, 233, 21, 115, 191, 20, 55, 72, 103, 87, 211, 40, 15, 51, 249, 205, 232, 180, 46, 242, 52, 32, 172, 30, 35, 90, 109, 50, 168, 237, 253, 59, 216, 27, 251, 190, 5, 192, 148, 118, 254, 252, 126, 89, 95, 82, 217, 189, 79, 1, 144, 81, 181, 198, 187, 56, 160, 62, 124, 110, 142, 238, 121, 139, 80, 170, 2, 74, 8, 111, 201, 88, 13, 185, 241, 60, 75, 116, 163, 145, 4, 229, 3, 234, 202, 150, 171, 215, 86, 245, 208, 196, 176, 140, 97, 29, 63, 49, 19, 26, 195, 38, 6, 54, 156, 119, 207, 105, 138, 183, 

Нелінійність  = 94 

Алгебраїчний імунітет  = 3 

Дельта-рівномірність  = 10 

Лінійна збитковість = 0 



99, 16, 11, 211, 12, 61, 206, 88, 3, 227, 66, 218, 85, 183, 67, 164, 187, 37, 45, 91, 128, 148, 7, 188, 137, 110, 161, 129, 207, 197, 200, 149, 65, 62, 170, 215, 87, 124, 69, 86, 39, 125, 157, 166, 156, 118, 180, 171, 220, 25, 235, 252, 182, 83, 213, 231, 194, 219, 104, 192, 31, 233, 245, 204, 208, 122, 160, 100, 27, 244, 195, 167, 23, 103, 72, 185, 57, 134, 75, 92, 223, 117, 169, 144, 47, 199, 230, 178, 95, 153, 97, 168, 60, 70, 82, 217, 54, 150, 172, 46, 81, 19, 24, 74, 68, 108, 226, 228, 84, 240, 139, 10, 214, 193, 116, 40, 229, 123, 15, 251, 242, 49, 155, 13, 109, 26, 136, 140, 151, 138, 89, 96, 176, 190, 53, 126, 58, 55, 32, 131, 52, 18, 106, 43, 33, 14, 114, 135, 246, 173, 165, 90, 121, 34, 133, 1, 2, 36, 189, 179, 112, 130, 239, 203, 146, 42, 191, 154, 143, 147, 238, 76, 38, 205, 79, 120, 35, 127, 77, 21, 184, 224, 202, 101, 241, 8, 250, 59, 216, 107, 237, 17, 73, 248, 222, 63, 4, 41, 98, 253, 78, 198, 145, 6, 243, 20, 163, 50, 9, 236, 64, 234, 105, 80, 102, 115, 119, 232, 30, 221, 0, 28, 209, 152, 186, 212, 93, 210, 111, 247, 175, 174, 113, 56, 5, 159, 44, 162, 94, 249, 181, 22, 196, 51, 254, 225, 29, 142, 158, 201, 141, 177, 71, 255, 132, 48, 

Нелінійність  = 94 

Алгебраїчний імунітет  = 3 

Дельта-рівномірність  = 12 

Лінійна збитковість = 0 



24, 179, 102, 143, 112, 11, 56, 96, 166, 135, 193, 113, 212, 87, 45, 38, 158, 137, 25, 126, 40, 245, 206, 254, 244, 20, 85, 64, 227, 59, 186, 231, 139, 191, 242, 76, 80, 125, 1, 127, 200, 220, 41, 205, 19, 120, 161, 75, 182, 12, 213, 46, 104, 170, 202, 224, 8, 68, 34, 77, 162, 153, 159, 152, 230, 50, 173, 134, 81, 23, 47, 35, 5, 67, 157, 44, 194, 155, 2, 82, 54, 219, 228, 130, 100, 84, 90, 156, 235, 243, 62, 115, 74, 30, 176, 14, 28, 95, 42, 236, 160, 165, 141, 164, 229, 172, 92, 43, 111, 181, 49, 114, 188, 253, 196, 204, 189, 145, 123, 252, 215, 178, 124, 151, 209, 163, 232, 106, 177, 73, 72, 192, 93, 110, 207, 22, 225, 97, 57, 103, 33, 108, 99, 15, 175, 198, 58, 250, 18, 171, 60, 241, 184, 180, 66, 214, 142, 148, 199, 255, 237, 216, 65, 183, 29, 208, 101, 71, 138, 88, 203, 240, 140, 131, 154, 9, 167, 223, 69, 119, 149, 48, 122, 61, 117, 132, 6, 55, 144, 218, 37, 27, 118, 251, 190, 4, 246, 39, 32, 217, 226, 63, 238, 133, 53, 3, 52, 147, 201, 86, 83, 221, 150, 185, 116, 70, 247, 51, 129, 168, 105, 109, 121, 187, 31, 98, 17, 36, 197, 146, 13, 89, 0, 7, 16, 26, 169, 79, 136, 210, 174, 78, 91, 21, 249, 239, 10, 195, 128, 233, 94, 248, 222, 107, 234, 211, 

Нелінійність  = 94 

Алгебраїчний імунітет  = 3 

Дельта-рівномірність  = 12 

Лінійна збитковість = 0 



Час виконання: 1286.328000 секунд

Блок з необхідними параметрами знайдено

Кількість виконаних ітерацій = 3 
_______________________________________________________________________________________________
