
Початкове число ітерацій = 100
N = 10
PSO S-boxes:
99, 124, 119, 123, 242, 107, 111, 197, 48, 1, 103, 43, 254, 215, 171, 118, 202, 130, 201, 125, 250, 89, 71, 240, 173, 212, 162, 175, 156, 164, 114, 192, 183, 253, 147, 38, 54, 63, 247, 204, 52, 165, 229, 241, 113, 216, 49, 21, 4, 199, 35, 195, 24, 150, 5, 154, 7, 18, 128, 226, 235, 39, 178, 117, 9, 131, 44, 26, 27, 110, 90, 160, 82, 59, 214, 179, 41, 227, 47, 132, 83, 209, 0, 237, 32, 252, 177, 91, 106, 203, 190, 57, 74, 76, 88, 207, 208, 239, 170, 251, 67, 77, 51, 133, 69, 249, 2, 127, 80, 60, 159, 168, 81, 163, 64, 143, 146, 157, 56, 245, 188, 182, 218, 33, 16, 255, 243, 210, 205, 12, 19, 236, 95, 151, 68, 23, 196, 167, 126, 61, 100, 93, 25, 115, 96, 129, 79, 220, 34, 42, 144, 136, 70, 238, 184, 20, 222, 94, 11, 219, 224, 50, 58, 10, 73, 6, 36, 92, 194, 211, 172, 98, 145, 149, 228, 121, 231, 200, 55, 109, 141, 213, 78, 169, 108, 86, 244, 234, 101, 122, 174, 8, 186, 120, 37, 46, 28, 166, 180, 198, 232, 221, 116, 31, 75, 189, 139, 138, 112, 62, 181, 102, 72, 3, 246, 14, 97, 53, 87, 185, 134, 193, 29, 158, 225, 248, 152, 17, 105, 217, 142, 148, 155, 30, 135, 233, 206, 85, 40, 223, 140, 161, 137, 13, 191, 230, 66, 104, 65, 153, 45, 15, 176, 84, 187, 22, 

Нелінійність  = 112 

Алгебраїчний імунітет  = 2 

Дельта-рівномірність  = 4 

Лінійна збитковість = 255 



99, 124, 119, 123, 242, 107, 111, 197, 48, 1, 103, 43, 254, 215, 171, 118, 202, 130, 201, 125, 250, 89, 71, 240, 173, 212, 162, 175, 156, 164, 114, 192, 183, 253, 147, 38, 54, 63, 204, 247, 52, 165, 229, 241, 113, 216, 49, 21, 4, 199, 35, 195, 24, 150, 5, 154, 7, 18, 128, 226, 235, 39, 178, 117, 9, 131, 44, 26, 27, 110, 90, 160, 82, 59, 214, 179, 41, 227, 47, 132, 83, 209, 0, 237, 32, 252, 177, 91, 106, 203, 190, 57, 74, 76, 88, 207, 208, 239, 170, 251, 67, 77, 51, 133, 69, 249, 2, 127, 80, 60, 159, 168, 81, 163, 64, 143, 146, 157, 56, 245, 188, 182, 218, 33, 16, 255, 243, 210, 205, 12, 19, 236, 95, 151, 68, 23, 196, 167, 126, 61, 100, 93, 25, 115, 96, 129, 79, 220, 34, 42, 144, 136, 70, 238, 184, 20, 222, 94, 11, 219, 224, 50, 58, 10, 73, 6, 36, 92, 194, 211, 172, 98, 145, 149, 228, 121, 231, 200, 55, 109, 141, 213, 78, 169, 108, 86, 244, 234, 101, 122, 174, 8, 186, 120, 37, 46, 28, 166, 180, 198, 232, 221, 116, 31, 75, 189, 139, 138, 112, 62, 181, 102, 72, 3, 246, 14, 97, 53, 87, 185, 134, 193, 29, 158, 225, 248, 152, 17, 105, 217, 142, 148, 155, 30, 135, 233, 206, 85, 40, 223, 140, 161, 137, 13, 191, 230, 66, 104, 65, 153, 45, 15, 176, 84, 187, 22, 

Нелінійність  = 110 

Алгебраїчний імунітет  = 2 

Дельта-рівномірність  = 6 

Лінійна збитковість = 126 



99, 124, 119, 123, 242, 107, 57, 201, 130, 1, 103, 43, 254, 72, 171, 112, 202, 48, 129, 125, 250, 89, 71, 240, 173, 212, 162, 21, 156, 44, 114, 192, 105, 253, 147, 38, 54, 31, 210, 158, 52, 22, 229, 249, 113, 216, 217, 175, 4, 199, 35, 195, 24, 150, 5, 154, 7, 18, 128, 226, 235, 39, 178, 117, 9, 131, 164, 26, 27, 110, 90, 160, 82, 59, 214, 179, 41, 227, 47, 132, 83, 209, 0, 237, 32, 252, 177, 91, 165, 203, 190, 111, 74, 76, 88, 207, 208, 239, 170, 251, 67, 77, 51, 133, 69, 241, 2, 127, 80, 60, 159, 168, 81, 163, 64, 143, 146, 157, 56, 245, 188, 182, 218, 33, 16, 255, 243, 140, 205, 12, 19, 236, 95, 151, 68, 23, 196, 167, 126, 61, 100, 93, 25, 115, 96, 197, 79, 220, 34, 42, 144, 136, 70, 238, 184, 20, 222, 94, 11, 219, 224, 50, 58, 10, 73, 6, 36, 92, 194, 211, 172, 98, 145, 149, 228, 121, 231, 200, 55, 109, 141, 213, 78, 169, 108, 86, 244, 234, 101, 122, 174, 8, 186, 120, 37, 46, 28, 166, 180, 198, 232, 221, 116, 63, 75, 189, 139, 138, 118, 62, 181, 102, 215, 3, 246, 14, 97, 53, 87, 185, 134, 193, 29, 191, 225, 248, 152, 17, 183, 49, 142, 148, 155, 30, 135, 233, 206, 85, 40, 223, 45, 161, 137, 13, 66, 230, 84, 104, 65, 153, 176, 15, 247, 187, 106, 204, 

Нелінійність  = 102 

Алгебраїчний імунітет  = 3 

Дельта-рівномірність  = 10 

Лінійна збитковість = 0 



124, 114, 38, 109, 204, 50, 127, 224, 88, 180, 218, 193, 177, 19, 99, 6, 243, 67, 186, 40, 71, 171, 182, 229, 68, 39, 15, 69, 58, 137, 165, 24, 2, 52, 76, 132, 176, 104, 192, 163, 179, 141, 53, 5, 78, 129, 85, 239, 30, 12, 89, 17, 161, 236, 153, 22, 106, 207, 148, 251, 205, 135, 11, 41, 201, 216, 228, 155, 54, 7, 57, 209, 147, 188, 73, 126, 113, 136, 36, 253, 250, 172, 245, 142, 121, 144, 122, 101, 60, 44, 173, 34, 8, 134, 32, 167, 26, 219, 200, 42, 111, 232, 35, 79, 138, 25, 194, 93, 159, 125, 254, 131, 202, 174, 28, 16, 237, 154, 184, 51, 117, 102, 181, 18, 70, 87, 81, 59, 105, 143, 98, 244, 220, 164, 46, 115, 120, 77, 190, 110, 191, 9, 158, 187, 169, 90, 63, 91, 82, 65, 168, 246, 157, 199, 33, 248, 45, 156, 112, 183, 203, 170, 234, 146, 149, 133, 107, 196, 226, 31, 252, 49, 175, 233, 61, 10, 208, 75, 108, 66, 145, 151, 198, 130, 240, 1, 152, 116, 74, 119, 103, 249, 20, 211, 195, 242, 197, 227, 13, 72, 206, 221, 166, 55, 27, 97, 213, 255, 37, 56, 185, 0, 235, 223, 94, 95, 47, 222, 118, 189, 212, 247, 14, 100, 238, 64, 214, 92, 162, 83, 84, 178, 62, 160, 215, 230, 21, 80, 3, 150, 29, 86, 96, 217, 48, 43, 128, 241, 4, 123, 231, 139, 210, 140, 23, 225, 

Нелінійність  = 96 

Алгебраїчний імунітет  = 3 

Дельта-рівномірність  = 10 

Лінійна збитковість = 0 



139, 146, 131, 99, 197, 100, 138, 194, 97, 33, 101, 32, 223, 180, 188, 112, 204, 10, 192, 110, 230, 133, 105, 202, 173, 217, 137, 170, 168, 171, 177, 156, 19, 234, 147, 70, 106, 50, 207, 149, 89, 126, 236, 245, 24, 158, 85, 51, 22, 182, 80, 167, 78, 117, 20, 164, 67, 55, 135, 166, 221, 82, 184, 151, 215, 161, 64, 42, 90, 229, 76, 120, 214, 52, 241, 21, 17, 206, 145, 251, 95, 153, 25, 232, 30, 247, 199, 94, 118, 159, 254, 86, 200, 73, 193, 203, 185, 186, 127, 172, 83, 249, 96, 125, 88, 195, 48, 123, 91, 62, 165, 154, 12, 148, 92, 160, 179, 119, 102, 178, 174, 176, 163, 211, 29, 196, 238, 98, 246, 23, 77, 175, 46, 150, 65, 53, 122, 189, 93, 107, 103, 71, 63, 141, 129, 9, 242, 108, 38, 40, 31, 130, 116, 209, 181, 44, 15, 0, 27, 218, 121, 157, 213, 54, 75, 35, 255, 114, 60, 59, 224, 16, 39, 124, 187, 74, 68, 183, 26, 28, 72, 87, 49, 191, 243, 198, 227, 201, 152, 134, 132, 14, 252, 231, 237, 45, 81, 34, 69, 210, 104, 190, 111, 43, 5, 155, 4, 136, 18, 222, 115, 109, 128, 3, 228, 226, 41, 36, 1, 56, 162, 240, 220, 144, 244, 57, 219, 11, 6, 7, 235, 248, 140, 142, 239, 47, 205, 216, 13, 143, 225, 66, 113, 253, 58, 208, 2, 8, 169, 84, 37, 212, 233, 79, 61, 250, 

Нелінійність  = 96 

Алгебраїчний імунітет  = 3 

Дельта-рівномірність  = 10 

Лінійна збитковість = 0 



145, 213, 81, 167, 195, 61, 206, 216, 161, 74, 51, 107, 78, 73, 134, 149, 208, 53, 205, 60, 91, 68, 193, 252, 237, 228, 200, 54, 181, 183, 87, 98, 150, 63, 137, 156, 188, 77, 169, 6, 105, 231, 152, 97, 110, 41, 171, 132, 34, 84, 204, 80, 32, 129, 24, 125, 214, 72, 126, 160, 227, 4, 178, 225, 210, 123, 112, 246, 235, 40, 89, 232, 71, 133, 55, 118, 209, 113, 179, 136, 223, 119, 116, 174, 38, 83, 138, 28, 229, 241, 142, 35, 2, 23, 176, 58, 94, 180, 148, 70, 185, 22, 158, 86, 69, 114, 128, 196, 199, 250, 147, 162, 65, 197, 104, 45, 62, 146, 212, 247, 76, 224, 93, 26, 164, 131, 153, 9, 168, 100, 248, 165, 226, 211, 96, 140, 236, 143, 173, 166, 177, 172, 42, 242, 50, 108, 75, 191, 95, 12, 144, 244, 30, 27, 251, 1, 102, 109, 48, 253, 182, 90, 21, 151, 207, 11, 64, 202, 111, 0, 103, 101, 82, 154, 239, 19, 130, 220, 198, 15, 215, 39, 99, 163, 233, 92, 122, 222, 159, 201, 157, 3, 127, 59, 189, 79, 16, 141, 230, 192, 243, 135, 47, 124, 52, 14, 121, 190, 56, 20, 49, 240, 106, 36, 120, 13, 187, 117, 219, 67, 37, 29, 203, 184, 217, 43, 255, 57, 8, 218, 18, 88, 85, 17, 33, 155, 245, 31, 170, 139, 10, 194, 66, 186, 221, 115, 7, 234, 249, 5, 44, 254, 175, 238, 25, 46, 

Нелінійність  = 96 

Алгебраїчний імунітет  = 3 

Дельта-рівномірність  = 12 

Лінійна збитковість = 0 



20, 181, 101, 143, 105, 6, 53, 91, 171, 141, 197, 116, 209, 80, 39, 34, 155, 137, 16, 126, 30, 252, 212, 254, 247, 11, 133, 58, 230, 54, 189, 232, 136, 188, 246, 198, 81, 127, 35, 123, 206, 222, 32, 203, 14, 115, 166, 220, 190, 3, 221, 38, 77, 170, 211, 227, 8, 70, 29, 69, 47, 158, 62, 153, 240, 46, 179, 139, 83, 18, 44, 142, 121, 67, 98, 37, 201, 151, 235, 79, 52, 219, 238, 89, 103, 120, 85, 112, 241, 244, 56, 117, 73, 27, 180, 4, 19, 88, 36, 97, 164, 66, 145, 165, 163, 17, 194, 5, 132, 186, 43, 111, 192, 86, 202, 13, 223, 144, 159, 93, 216, 191, 106, 156, 218, 182, 231, 76, 25, 75, 87, 168, 92, 108, 55, 21, 122, 217, 100, 104, 95, 175, 102, 96, 178, 84, 57, 161, 49, 176, 187, 210, 242, 177, 12, 233, 174, 41, 128, 224, 237, 78, 65, 42, 26, 245, 167, 234, 135, 82, 68, 249, 236, 64, 150, 131, 226, 138, 113, 119, 149, 40, 124, 173, 130, 118, 94, 59, 146, 24, 50, 250, 114, 110, 134, 2, 195, 33, 157, 185, 225, 243, 99, 10, 71, 61, 204, 147, 154, 22, 229, 193, 28, 228, 109, 72, 253, 251, 31, 184, 51, 160, 125, 48, 1, 214, 248, 162, 74, 152, 140, 196, 129, 199, 0, 9, 45, 208, 60, 215, 107, 23, 207, 205, 200, 239, 7, 213, 255, 63, 169, 148, 172, 90, 15, 183, 

Нелінійність  = 94 

Алгебраїчний імунітет  = 3 

Дельта-рівномірність  = 12 

Лінійна збитковість = 0 



227, 169, 108, 218, 107, 213, 204, 42, 113, 207, 221, 90, 48, 13, 47, 52, 56, 30, 200, 203, 193, 1, 91, 101, 7, 44, 92, 145, 222, 27, 195, 118, 126, 173, 50, 72, 176, 2, 94, 202, 111, 161, 59, 235, 137, 73, 151, 78, 177, 65, 103, 125, 15, 100, 175, 201, 167, 246, 196, 143, 150, 123, 62, 232, 25, 253, 194, 99, 228, 189, 242, 225, 120, 210, 211, 36, 168, 183, 46, 57, 178, 190, 166, 152, 191, 19, 16, 254, 136, 31, 162, 229, 68, 251, 237, 121, 117, 219, 160, 35, 14, 163, 214, 185, 171, 114, 53, 80, 29, 205, 17, 209, 32, 24, 124, 179, 141, 241, 199, 6, 187, 245, 188, 170, 11, 165, 112, 138, 28, 98, 159, 212, 224, 102, 51, 66, 181, 164, 88, 23, 0, 233, 142, 43, 67, 231, 110, 119, 197, 9, 64, 172, 76, 148, 49, 134, 234, 149, 158, 93, 37, 249, 192, 5, 230, 250, 83, 174, 77, 252, 223, 84, 131, 130, 4, 79, 236, 146, 217, 81, 95, 33, 135, 20, 157, 71, 180, 155, 240, 184, 60, 87, 63, 105, 18, 206, 21, 144, 86, 54, 156, 69, 8, 75, 116, 140, 96, 74, 147, 41, 208, 109, 255, 122, 10, 45, 97, 139, 248, 226, 182, 85, 55, 34, 40, 82, 216, 132, 220, 106, 104, 61, 39, 26, 243, 12, 247, 127, 3, 89, 244, 22, 239, 153, 58, 128, 238, 38, 186, 198, 215, 154, 70, 115, 133, 129, 

Нелінійність  = 94 

Алгебраїчний імунітет  = 3 

Дельта-рівномірність  = 14 

Лінійна збитковість = 0 



242, 201, 159, 34, 75, 78, 207, 185, 225, 116, 94, 1, 140, 86, 232, 93, 209, 131, 165, 69, 177, 246, 194, 99, 171, 228, 70, 154, 199, 189, 80, 60, 250, 182, 144, 151, 241, 87, 100, 4, 183, 23, 252, 253, 25, 3, 179, 126, 68, 134, 195, 90, 218, 27, 57, 190, 222, 149, 143, 6, 184, 192, 198, 238, 55, 239, 114, 81, 254, 89, 36, 14, 37, 33, 56, 135, 213, 148, 203, 217, 124, 2, 88, 216, 113, 233, 255, 101, 146, 43, 142, 103, 188, 73, 175, 191, 123, 46, 84, 173, 247, 202, 214, 102, 138, 51, 166, 109, 119, 64, 145, 115, 244, 107, 163, 150, 193, 18, 221, 0, 136, 160, 17, 155, 62, 40, 223, 117, 49, 83, 229, 13, 118, 147, 54, 132, 7, 245, 226, 227, 63, 12, 161, 208, 9, 24, 121, 156, 48, 237, 157, 112, 235, 204, 15, 104, 71, 176, 67, 215, 219, 95, 120, 168, 79, 110, 251, 169, 22, 44, 122, 231, 197, 58, 76, 230, 139, 137, 97, 59, 128, 74, 186, 248, 11, 162, 66, 111, 133, 52, 19, 29, 42, 236, 98, 39, 10, 172, 181, 240, 45, 105, 206, 61, 16, 65, 85, 130, 205, 92, 47, 125, 167, 153, 180, 50, 243, 174, 127, 41, 234, 249, 152, 106, 28, 96, 196, 108, 38, 129, 5, 170, 26, 77, 178, 82, 31, 32, 20, 210, 21, 141, 91, 8, 158, 187, 72, 164, 211, 53, 35, 220, 30, 200, 224, 212, 

Нелінійність  = 94 

Алгебраїчний імунітет  = 3 

Дельта-рівномірність  = 12 

Лінійна збитковість = 0 



157, 217, 49, 151, 172, 40, 214, 203, 179, 65, 226, 91, 5, 6, 90, 155, 197, 20, 198, 9, 16, 22, 190, 254, 232, 244, 209, 113, 183, 180, 69, 131, 143, 2, 124, 165, 229, 50, 111, 251, 85, 240, 123, 33, 82, 149, 213, 71, 32, 44, 225, 27, 26, 106, 8, 118, 252, 47, 99, 176, 119, 247, 175, 223, 241, 236, 100, 182, 56, 10, 78, 248, 58, 196, 12, 83, 239, 60, 200, 122, 237, 81, 129, 142, 64, 17, 103, 73, 253, 249, 156, 3, 67, 29, 185, 101, 39, 147, 105, 57, 199, 204, 153, 141, 37, 51, 163, 192, 7, 222, 169, 144, 43, 205, 114, 13, 23, 112, 211, 11, 19, 186, 25, 187, 189, 242, 48, 218, 92, 110, 104, 135, 219, 14, 68, 167, 235, 138, 161, 128, 177, 184, 77, 158, 24, 230, 93, 134, 255, 59, 108, 250, 1, 97, 30, 201, 66, 70, 0, 228, 160, 146, 139, 188, 220, 193, 76, 74, 35, 125, 96, 89, 137, 136, 233, 55, 84, 54, 215, 80, 221, 86, 117, 150, 216, 94, 246, 191, 102, 194, 168, 120, 98, 4, 234, 63, 130, 72, 245, 52, 195, 75, 127, 15, 28, 126, 109, 178, 38, 154, 206, 42, 115, 243, 133, 210, 174, 132, 107, 87, 212, 53, 46, 238, 171, 79, 231, 164, 18, 166, 148, 202, 34, 173, 224, 162, 61, 181, 36, 207, 116, 159, 145, 208, 88, 62, 21, 121, 31, 227, 95, 170, 45, 140, 41, 152, 

Нелінійність  = 94 

Алгебраїчний імунітет  = 3 

Дельта-рівномірність  = 10 

Лінійна збитковість = 0 



Час виконання: 123.513000 секунд

Блок з необхідними параметрами знайдено

Кількість виконаних ітерацій = 2 
_______________________________________________________________________________________________
