
Початкове число ітерацій = 200
N = 40
PSO S-boxes:
99, 124, 119, 123, 242, 107, 111, 197, 48, 1, 103, 43, 254, 215, 171, 118, 202, 130, 201, 125, 250, 89, 71, 240, 173, 212, 162, 175, 156, 164, 114, 192, 183, 253, 147, 38, 54, 63, 247, 204, 52, 165, 229, 241, 113, 216, 49, 21, 4, 199, 35, 195, 24, 150, 5, 154, 7, 18, 128, 226, 235, 39, 178, 117, 9, 131, 44, 26, 27, 110, 90, 160, 82, 59, 214, 179, 41, 227, 47, 132, 83, 209, 0, 237, 32, 252, 177, 91, 106, 203, 190, 57, 74, 76, 88, 207, 208, 239, 170, 251, 67, 77, 51, 133, 69, 249, 2, 127, 80, 60, 159, 168, 81, 163, 64, 143, 146, 157, 56, 245, 188, 182, 218, 33, 16, 255, 243, 210, 205, 12, 19, 236, 95, 151, 68, 23, 196, 167, 126, 61, 100, 93, 25, 115, 96, 129, 79, 220, 34, 42, 144, 136, 70, 238, 184, 20, 222, 94, 11, 219, 224, 50, 58, 10, 73, 6, 36, 92, 194, 211, 172, 98, 145, 149, 228, 121, 231, 200, 55, 109, 141, 213, 78, 169, 108, 86, 244, 234, 101, 122, 174, 8, 186, 120, 37, 46, 28, 166, 180, 198, 232, 221, 116, 31, 75, 189, 139, 138, 112, 62, 181, 102, 72, 3, 246, 14, 97, 53, 87, 185, 134, 193, 29, 158, 225, 248, 152, 17, 105, 217, 142, 148, 155, 30, 135, 233, 206, 85, 40, 223, 140, 161, 137, 13, 191, 230, 66, 104, 65, 153, 45, 15, 176, 84, 187, 22, 

Нелінійність  = 112 

Алгебраїчний імунітет  = 2 

Дельта-рівномірність  = 4 

Лінійна збитковість = 255 



99, 124, 119, 123, 242, 107, 111, 197, 48, 1, 103, 43, 254, 215, 171, 118, 202, 130, 201, 125, 250, 89, 71, 240, 173, 212, 162, 175, 156, 164, 114, 192, 183, 253, 147, 38, 54, 63, 204, 247, 52, 165, 229, 241, 113, 216, 49, 21, 4, 199, 35, 195, 24, 150, 5, 154, 7, 18, 128, 226, 235, 39, 178, 117, 9, 131, 44, 26, 27, 110, 90, 160, 82, 59, 214, 179, 41, 227, 47, 132, 83, 209, 0, 237, 32, 252, 177, 91, 106, 203, 190, 57, 74, 76, 88, 207, 208, 239, 170, 251, 67, 77, 51, 133, 69, 249, 2, 127, 80, 60, 159, 168, 81, 163, 64, 143, 146, 157, 56, 245, 188, 182, 218, 33, 16, 255, 243, 210, 205, 12, 19, 236, 95, 151, 68, 23, 196, 167, 126, 61, 100, 93, 25, 115, 96, 129, 79, 220, 34, 42, 144, 136, 70, 238, 184, 20, 222, 94, 11, 219, 224, 50, 58, 10, 73, 6, 36, 92, 194, 211, 172, 98, 145, 149, 228, 121, 231, 200, 55, 109, 141, 213, 78, 169, 108, 86, 244, 234, 101, 122, 174, 8, 186, 120, 37, 46, 28, 166, 180, 198, 232, 221, 116, 31, 75, 189, 139, 138, 112, 62, 181, 102, 72, 3, 246, 14, 97, 53, 87, 185, 134, 193, 29, 158, 225, 248, 152, 17, 105, 217, 142, 148, 155, 30, 135, 233, 206, 85, 40, 223, 140, 161, 137, 13, 191, 230, 66, 104, 65, 153, 45, 15, 176, 84, 187, 22, 

Нелінійність  = 110 

Алгебраїчний імунітет  = 2 

Дельта-рівномірність  = 6 

Лінійна збитковість = 126 



99, 124, 119, 123, 242, 107, 111, 202, 80, 1, 103, 43, 254, 215, 171, 118, 197, 95, 201, 92, 250, 89, 71, 240, 173, 212, 224, 175, 156, 164, 114, 192, 183, 253, 48, 38, 54, 235, 63, 19, 52, 165, 229, 241, 113, 216, 49, 142, 145, 199, 35, 195, 24, 150, 5, 154, 7, 18, 128, 226, 130, 39, 178, 117, 9, 131, 44, 26, 27, 110, 90, 160, 82, 59, 214, 179, 41, 227, 47, 132, 83, 209, 0, 237, 32, 252, 177, 91, 106, 203, 190, 57, 74, 76, 88, 207, 208, 239, 170, 251, 67, 77, 51, 133, 69, 249, 2, 127, 147, 60, 159, 168, 81, 163, 64, 143, 146, 157, 56, 40, 188, 182, 218, 33, 16, 255, 243, 210, 205, 12, 245, 236, 137, 151, 68, 23, 196, 167, 126, 61, 100, 93, 25, 115, 96, 129, 79, 220, 34, 42, 144, 136, 70, 238, 184, 20, 222, 94, 11, 219, 176, 50, 58, 10, 73, 6, 36, 125, 194, 211, 172, 98, 4, 149, 228, 121, 231, 200, 55, 109, 141, 213, 78, 169, 108, 86, 244, 234, 101, 122, 174, 8, 186, 120, 37, 46, 28, 166, 180, 198, 232, 221, 116, 31, 75, 189, 139, 138, 112, 62, 181, 102, 72, 3, 246, 14, 97, 53, 87, 185, 134, 193, 29, 158, 225, 248, 152, 17, 105, 217, 21, 148, 155, 30, 135, 233, 206, 85, 66, 223, 140, 161, 65, 13, 191, 230, 45, 104, 15, 153, 204, 162, 187, 84, 247, 22, 

Нелінійність  = 102 

Алгебраїчний імунітет  = 2 

Дельта-рівномірність  = 8 

Лінійна збитковість = 0 



99, 124, 119, 207, 242, 107, 57, 197, 192, 1, 103, 249, 254, 215, 126, 118, 202, 68, 201, 75, 250, 89, 71, 240, 173, 212, 162, 175, 156, 164, 102, 48, 178, 253, 147, 151, 234, 63, 211, 206, 52, 10, 229, 241, 113, 183, 217, 21, 4, 199, 35, 195, 24, 150, 5, 154, 7, 18, 128, 226, 235, 39, 216, 117, 9, 131, 44, 26, 27, 110, 90, 160, 82, 59, 214, 179, 41, 227, 47, 132, 83, 209, 0, 237, 32, 252, 177, 91, 106, 203, 190, 111, 74, 76, 88, 123, 208, 239, 170, 251, 67, 77, 51, 133, 69, 43, 2, 127, 80, 60, 159, 168, 81, 163, 64, 143, 146, 157, 56, 245, 188, 182, 218, 33, 16, 255, 243, 210, 205, 12, 19, 236, 95, 38, 130, 23, 196, 167, 171, 61, 100, 93, 25, 115, 96, 129, 79, 220, 34, 42, 144, 136, 70, 238, 184, 20, 222, 94, 11, 219, 224, 50, 58, 165, 73, 6, 36, 92, 194, 230, 172, 98, 145, 149, 228, 121, 231, 200, 55, 109, 141, 213, 78, 169, 108, 86, 244, 54, 101, 122, 174, 8, 186, 120, 37, 46, 28, 166, 180, 198, 232, 221, 116, 31, 125, 189, 139, 138, 112, 62, 181, 114, 72, 3, 246, 14, 97, 53, 87, 185, 134, 193, 29, 158, 225, 248, 152, 17, 105, 49, 142, 148, 155, 30, 135, 233, 187, 85, 40, 223, 140, 161, 137, 13, 191, 22, 66, 104, 65, 153, 45, 15, 176, 84, 204, 247, 

Нелінійність  = 102 

Алгебраїчний імунітет  = 3 

Дельта-рівномірність  = 8 

Лінійна збитковість = 0 



99, 124, 119, 123, 242, 107, 57, 201, 130, 1, 103, 43, 254, 72, 171, 112, 202, 48, 129, 125, 250, 89, 71, 240, 173, 212, 162, 21, 156, 44, 114, 192, 187, 253, 147, 38, 54, 31, 238, 214, 52, 22, 229, 249, 113, 216, 217, 175, 4, 199, 35, 195, 24, 150, 5, 154, 7, 18, 128, 226, 235, 39, 178, 117, 9, 131, 164, 26, 27, 110, 90, 160, 82, 59, 105, 179, 41, 227, 47, 132, 83, 209, 0, 237, 32, 252, 177, 91, 165, 203, 190, 111, 74, 76, 88, 207, 208, 239, 170, 251, 67, 77, 51, 133, 69, 241, 2, 127, 80, 60, 159, 168, 81, 163, 64, 143, 146, 157, 56, 245, 188, 182, 218, 33, 16, 255, 243, 210, 205, 12, 19, 236, 95, 151, 68, 23, 196, 167, 126, 61, 100, 93, 25, 115, 96, 197, 79, 220, 34, 42, 144, 136, 70, 247, 184, 20, 222, 94, 11, 219, 224, 50, 58, 10, 73, 6, 36, 92, 194, 211, 172, 98, 145, 149, 228, 121, 231, 200, 55, 109, 141, 213, 78, 169, 108, 86, 244, 234, 101, 122, 174, 8, 186, 120, 37, 46, 28, 166, 180, 198, 232, 221, 116, 63, 75, 189, 139, 138, 118, 62, 181, 102, 215, 3, 246, 14, 97, 53, 87, 185, 134, 193, 29, 158, 225, 248, 152, 17, 183, 49, 142, 148, 155, 30, 135, 233, 206, 85, 40, 223, 140, 161, 137, 13, 191, 230, 66, 104, 65, 153, 45, 15, 176, 84, 106, 204, 

Нелінійність  = 100 

Алгебраїчний імунітет  = 3 

Дельта-рівномірність  = 8 

Лінійна збитковість = 0 



99, 124, 119, 123, 242, 81, 57, 202, 48, 84, 103, 26, 254, 21, 171, 118, 197, 68, 201, 125, 250, 89, 34, 240, 173, 233, 162, 175, 156, 164, 114, 192, 105, 253, 66, 38, 54, 63, 232, 79, 52, 165, 229, 241, 113, 216, 49, 142, 209, 199, 35, 195, 24, 150, 5, 154, 7, 18, 128, 226, 235, 39, 178, 117, 9, 131, 44, 43, 27, 110, 90, 160, 82, 59, 214, 179, 41, 227, 47, 132, 83, 4, 0, 237, 32, 252, 177, 91, 106, 203, 190, 111, 74, 76, 88, 207, 208, 239, 170, 251, 67, 77, 51, 133, 69, 249, 2, 127, 80, 60, 159, 168, 107, 163, 64, 143, 146, 157, 56, 245, 188, 182, 218, 33, 16, 255, 243, 210, 205, 12, 19, 236, 95, 151, 130, 23, 196, 167, 126, 61, 100, 93, 25, 115, 96, 129, 194, 220, 71, 42, 144, 136, 70, 238, 184, 20, 222, 94, 11, 219, 224, 50, 58, 10, 73, 6, 36, 92, 28, 211, 172, 98, 145, 149, 228, 121, 231, 200, 55, 109, 141, 213, 78, 169, 108, 86, 244, 234, 101, 122, 174, 8, 186, 120, 37, 46, 40, 166, 180, 198, 153, 221, 116, 31, 75, 189, 139, 138, 112, 62, 181, 102, 72, 3, 246, 14, 97, 53, 87, 185, 134, 193, 29, 158, 225, 248, 152, 17, 183, 217, 215, 148, 155, 30, 135, 212, 206, 85, 230, 223, 140, 161, 137, 13, 191, 147, 65, 104, 22, 15, 45, 247, 176, 1, 187, 204, 

Нелінійність  = 100 

Алгебраїчний імунітет  = 3 

Дельта-рівномірність  = 10 

Лінійна збитковість = 0 



122, 124, 119, 123, 242, 107, 36, 197, 48, 1, 103, 155, 254, 215, 171, 186, 62, 130, 201, 125, 250, 89, 221, 240, 173, 212, 162, 175, 133, 164, 114, 192, 183, 253, 147, 38, 54, 63, 134, 209, 52, 165, 229, 141, 113, 4, 49, 21, 216, 199, 35, 195, 24, 150, 5, 154, 7, 18, 128, 226, 235, 39, 178, 117, 9, 131, 44, 26, 27, 110, 90, 160, 82, 59, 214, 179, 41, 227, 47, 132, 83, 73, 0, 237, 32, 252, 177, 91, 106, 203, 190, 57, 74, 76, 88, 207, 208, 239, 170, 251, 67, 77, 51, 156, 69, 249, 2, 127, 80, 60, 159, 168, 81, 163, 64, 143, 146, 157, 56, 245, 188, 182, 218, 33, 16, 255, 243, 210, 205, 12, 19, 236, 95, 151, 68, 23, 196, 167, 126, 61, 100, 93, 25, 115, 96, 129, 17, 220, 34, 42, 144, 136, 70, 238, 184, 20, 222, 94, 11, 219, 224, 50, 58, 10, 149, 6, 111, 92, 194, 211, 172, 98, 145, 217, 228, 121, 231, 200, 55, 109, 241, 213, 78, 169, 108, 86, 244, 234, 101, 99, 174, 8, 118, 120, 37, 46, 28, 166, 180, 198, 232, 71, 116, 31, 75, 189, 139, 138, 112, 202, 181, 102, 72, 3, 246, 14, 97, 53, 87, 185, 79, 193, 29, 158, 225, 248, 152, 204, 105, 66, 142, 148, 43, 30, 135, 233, 206, 85, 40, 223, 140, 161, 137, 13, 191, 230, 45, 104, 65, 153, 84, 15, 176, 187, 247, 22, 

Нелінійність  = 98 

Алгебраїчний імунітет  = 2 

Дельта-рівномірність  = 8 

Лінійна збитковість = 0 



122, 255, 133, 125, 241, 204, 218, 33, 145, 215, 1, 159, 200, 190, 76, 48, 211, 184, 178, 61, 68, 8, 172, 118, 222, 154, 84, 210, 193, 56, 105, 175, 127, 249, 53, 96, 207, 185, 247, 187, 34, 134, 35, 183, 129, 194, 166, 243, 179, 65, 46, 36, 81, 208, 192, 69, 113, 117, 149, 225, 83, 39, 132, 197, 90, 5, 119, 102, 167, 80, 253, 37, 18, 23, 6, 73, 77, 22, 227, 99, 108, 124, 63, 32, 94, 251, 97, 100, 11, 147, 162, 19, 0, 242, 152, 24, 245, 109, 173, 72, 177, 223, 51, 38, 135, 216, 142, 40, 202, 57, 75, 201, 199, 74, 236, 31, 136, 47, 110, 168, 219, 21, 114, 87, 244, 181, 254, 64, 146, 188, 2, 92, 42, 121, 186, 155, 115, 16, 9, 198, 232, 25, 66, 41, 174, 176, 62, 13, 189, 49, 101, 111, 137, 164, 230, 248, 98, 148, 156, 91, 220, 10, 59, 67, 214, 52, 7, 79, 126, 107, 213, 45, 93, 191, 171, 224, 206, 85, 158, 50, 238, 29, 106, 252, 229, 195, 180, 112, 240, 95, 234, 153, 237, 104, 26, 20, 239, 58, 89, 71, 70, 88, 169, 143, 161, 139, 203, 228, 123, 233, 120, 196, 27, 163, 205, 246, 151, 130, 128, 165, 60, 30, 209, 212, 141, 250, 157, 226, 4, 140, 217, 116, 170, 54, 103, 15, 235, 12, 182, 43, 150, 221, 14, 231, 17, 3, 138, 55, 78, 44, 86, 160, 28, 144, 131, 82, 

Нелінійність  = 96 

Алгебраїчний імунітет  = 3 

Дельта-рівномірність  = 14 

Лінійна збитковість = 0 



124, 43, 223, 49, 76, 148, 91, 232, 65, 155, 213, 171, 229, 234, 185, 126, 253, 75, 27, 144, 33, 142, 55, 237, 143, 125, 72, 243, 202, 96, 191, 197, 225, 80, 178, 120, 90, 194, 103, 87, 242, 174, 128, 217, 209, 16, 200, 192, 123, 130, 11, 196, 150, 212, 182, 28, 42, 6, 249, 149, 30, 68, 57, 231, 29, 110, 172, 215, 146, 132, 203, 168, 20, 85, 218, 169, 254, 184, 32, 1, 164, 60, 220, 163, 67, 183, 193, 53, 211, 56, 36, 77, 139, 51, 10, 118, 116, 45, 31, 24, 83, 39, 44, 239, 62, 95, 34, 48, 112, 151, 166, 15, 66, 175, 105, 177, 18, 117, 235, 156, 206, 159, 160, 241, 119, 250, 106, 188, 7, 13, 226, 136, 141, 162, 109, 5, 176, 73, 12, 52, 251, 104, 22, 64, 79, 86, 181, 82, 161, 247, 70, 46, 224, 233, 99, 122, 227, 41, 214, 158, 100, 38, 94, 93, 154, 61, 240, 81, 186, 0, 205, 74, 59, 238, 54, 138, 165, 198, 207, 89, 63, 17, 208, 244, 47, 199, 26, 246, 88, 121, 2, 19, 216, 222, 107, 14, 236, 25, 140, 204, 9, 190, 131, 157, 147, 195, 35, 170, 228, 187, 3, 210, 101, 127, 189, 98, 173, 58, 21, 133, 69, 102, 71, 40, 135, 180, 111, 97, 167, 230, 115, 201, 4, 255, 129, 252, 92, 221, 113, 50, 8, 134, 245, 153, 37, 179, 145, 219, 248, 23, 152, 84, 137, 108, 78, 114, 

Нелінійність  = 96 

Алгебраїчний імунітет  = 3 

Дельта-рівномірність  = 10 

Лінійна збитковість = 0 



122, 255, 133, 125, 241, 204, 218, 33, 145, 215, 1, 159, 200, 190, 76, 48, 211, 184, 178, 61, 68, 8, 172, 118, 222, 154, 84, 210, 193, 56, 105, 175, 127, 249, 53, 96, 207, 185, 247, 187, 34, 134, 35, 183, 129, 194, 166, 243, 179, 65, 46, 36, 81, 208, 192, 69, 113, 117, 149, 225, 83, 39, 132, 197, 90, 5, 119, 102, 167, 80, 253, 37, 18, 23, 6, 73, 77, 22, 227, 99, 108, 124, 63, 32, 94, 251, 97, 100, 11, 147, 162, 19, 0, 242, 152, 24, 245, 109, 173, 72, 177, 223, 51, 38, 135, 216, 142, 40, 202, 57, 75, 201, 199, 74, 236, 31, 136, 47, 110, 168, 219, 21, 114, 87, 244, 181, 254, 64, 146, 188, 2, 92, 42, 121, 186, 155, 115, 16, 9, 198, 232, 25, 66, 41, 174, 176, 62, 13, 189, 49, 101, 111, 137, 164, 230, 248, 98, 148, 156, 91, 220, 10, 59, 67, 214, 52, 7, 79, 126, 107, 213, 45, 93, 191, 171, 224, 206, 85, 158, 50, 238, 29, 106, 252, 229, 195, 180, 112, 240, 95, 234, 153, 237, 104, 26, 20, 239, 58, 89, 71, 70, 88, 169, 143, 161, 139, 203, 228, 123, 233, 120, 196, 27, 163, 205, 246, 151, 130, 128, 165, 60, 30, 209, 212, 141, 250, 157, 226, 4, 140, 217, 116, 170, 54, 103, 15, 235, 12, 182, 43, 150, 221, 14, 231, 17, 3, 138, 55, 78, 44, 86, 160, 28, 144, 131, 82, 

Нелінійність  = 96 

Алгебраїчний імунітет  = 3 

Дельта-рівномірність  = 14 

Лінійна збитковість = 0 



87, 166, 67, 161, 71, 131, 122, 180, 40, 179, 48, 235, 11, 206, 164, 114, 177, 158, 34, 116, 105, 63, 80, 242, 189, 1, 208, 141, 133, 199, 75, 190, 162, 85, 132, 253, 36, 217, 65, 8, 212, 182, 25, 254, 53, 62, 229, 191, 200, 15, 107, 195, 106, 119, 172, 218, 246, 73, 94, 10, 84, 17, 240, 60, 255, 142, 236, 187, 223, 99, 33, 156, 45, 46, 193, 185, 68, 249, 55, 96, 42, 29, 145, 19, 222, 32, 169, 111, 209, 22, 13, 47, 143, 89, 128, 95, 155, 82, 241, 100, 59, 97, 168, 129, 92, 72, 194, 159, 64, 14, 136, 18, 204, 157, 44, 126, 211, 178, 153, 35, 88, 79, 248, 184, 220, 2, 57, 58, 50, 12, 170, 31, 176, 146, 250, 103, 207, 215, 175, 66, 24, 148, 27, 225, 214, 151, 28, 203, 226, 23, 232, 201, 197, 237, 228, 69, 130, 121, 0, 86, 127, 205, 210, 224, 56, 219, 165, 98, 38, 54, 154, 160, 5, 104, 61, 113, 9, 202, 234, 120, 181, 173, 244, 3, 139, 144, 39, 20, 108, 123, 6, 26, 171, 252, 124, 37, 239, 238, 245, 77, 90, 41, 109, 230, 221, 186, 192, 74, 140, 93, 16, 30, 118, 163, 174, 213, 138, 51, 150, 78, 167, 149, 137, 134, 101, 251, 125, 233, 52, 110, 243, 83, 231, 7, 115, 49, 43, 135, 188, 147, 152, 112, 196, 198, 70, 117, 216, 227, 81, 21, 247, 76, 91, 183, 102, 4, 

Нелінійність  = 96 

Алгебраїчний імунітет  = 3 

Дельта-рівномірність  = 12 

Лінійна збитковість = 0 



27, 85, 99, 169, 71, 122, 63, 204, 215, 199, 108, 65, 56, 25, 141, 131, 137, 130, 220, 154, 32, 10, 9, 5, 175, 245, 209, 186, 135, 152, 132, 3, 149, 34, 102, 237, 216, 51, 66, 50, 242, 238, 218, 235, 158, 69, 240, 224, 228, 232, 210, 249, 182, 213, 0, 136, 222, 208, 121, 82, 187, 105, 168, 28, 236, 77, 111, 255, 161, 107, 118, 110, 90, 73, 39, 202, 4, 12, 37, 89, 212, 59, 6, 248, 247, 167, 138, 86, 200, 29, 231, 93, 17, 78, 44, 206, 252, 81, 214, 35, 170, 14, 225, 230, 30, 94, 15, 128, 61, 58, 109, 195, 239, 192, 23, 140, 123, 188, 229, 114, 95, 194, 47, 22, 1, 203, 254, 2, 104, 205, 226, 26, 84, 127, 76, 197, 36, 181, 193, 233, 119, 148, 31, 68, 227, 183, 207, 253, 166, 124, 52, 62, 243, 117, 174, 234, 43, 53, 163, 112, 21, 164, 153, 134, 70, 176, 165, 101, 180, 40, 198, 173, 185, 196, 246, 98, 18, 103, 171, 113, 80, 116, 24, 129, 91, 48, 79, 41, 251, 57, 160, 20, 7, 191, 60, 151, 38, 67, 87, 177, 54, 100, 250, 16, 201, 42, 184, 143, 11, 211, 190, 13, 241, 74, 139, 221, 145, 142, 157, 45, 159, 156, 223, 150, 115, 244, 19, 92, 178, 162, 126, 155, 8, 172, 219, 96, 72, 33, 146, 97, 75, 217, 88, 55, 189, 83, 125, 120, 64, 179, 147, 133, 144, 46, 106, 49, 

Нелінійність  = 96 

Алгебраїчний імунітет  = 3 

Дельта-рівномірність  = 14 

Лінійна збитковість = 0 



120, 168, 153, 159, 87, 71, 110, 199, 13, 151, 242, 174, 109, 85, 179, 133, 210, 104, 111, 144, 118, 47, 63, 108, 169, 29, 218, 177, 167, 213, 101, 182, 236, 195, 180, 193, 21, 64, 34, 240, 163, 150, 81, 80, 123, 230, 24, 32, 157, 214, 192, 119, 185, 142, 165, 152, 98, 147, 23, 248, 172, 53, 140, 148, 156, 114, 35, 176, 52, 42, 106, 131, 38, 94, 113, 217, 27, 190, 16, 138, 40, 228, 186, 5, 170, 233, 171, 6, 59, 103, 243, 194, 48, 72, 112, 200, 58, 31, 69, 160, 162, 132, 161, 226, 137, 252, 253, 116, 14, 158, 86, 196, 66, 92, 45, 97, 55, 188, 99, 20, 18, 62, 232, 37, 82, 70, 203, 212, 89, 205, 189, 25, 187, 223, 44, 78, 149, 201, 247, 41, 65, 125, 175, 4, 61, 54, 15, 184, 107, 124, 12, 127, 121, 191, 206, 241, 9, 8, 122, 216, 33, 229, 51, 130, 245, 173, 43, 136, 91, 28, 57, 154, 208, 117, 22, 134, 145, 166, 19, 139, 238, 231, 0, 143, 75, 222, 244, 30, 73, 11, 146, 36, 251, 100, 1, 129, 198, 209, 219, 207, 178, 234, 204, 255, 83, 225, 202, 26, 77, 250, 197, 126, 96, 67, 224, 95, 220, 46, 235, 246, 88, 239, 90, 237, 249, 7, 141, 221, 115, 227, 76, 74, 128, 39, 211, 183, 60, 105, 3, 79, 49, 2, 50, 68, 254, 215, 93, 17, 56, 10, 181, 135, 102, 155, 84, 164, 

Нелінійність  = 96 

Алгебраїчний імунітет  = 3 

Дельта-рівномірність  = 12 

Лінійна збитковість = 0 



143, 118, 152, 117, 142, 88, 110, 5, 210, 58, 86, 200, 140, 239, 223, 106, 201, 70, 10, 112, 126, 49, 208, 169, 234, 214, 231, 206, 170, 218, 146, 87, 207, 134, 145, 34, 48, 41, 65, 188, 122, 180, 1, 18, 96, 84, 60, 25, 94, 66, 45, 14, 187, 252, 116, 149, 0, 100, 103, 120, 129, 144, 78, 67, 168, 248, 27, 52, 61, 102, 50, 240, 101, 171, 203, 178, 230, 133, 6, 119, 127, 159, 98, 21, 56, 156, 161, 85, 185, 13, 220, 77, 121, 53, 189, 228, 105, 172, 224, 72, 216, 174, 186, 91, 104, 108, 3, 82, 141, 57, 183, 166, 63, 197, 32, 222, 4, 157, 130, 83, 95, 209, 54, 148, 147, 124, 123, 194, 242, 31, 193, 243, 190, 164, 114, 162, 37, 177, 39, 11, 136, 125, 158, 71, 44, 15, 23, 132, 9, 219, 79, 137, 211, 249, 237, 8, 253, 64, 139, 135, 235, 165, 225, 113, 46, 138, 24, 250, 233, 59, 111, 36, 184, 247, 246, 155, 176, 151, 182, 107, 115, 254, 62, 74, 7, 213, 26, 33, 80, 202, 226, 191, 181, 55, 167, 30, 150, 154, 221, 69, 179, 38, 2, 99, 43, 97, 19, 42, 20, 241, 160, 131, 12, 89, 204, 198, 76, 29, 244, 16, 238, 212, 68, 195, 22, 217, 109, 92, 199, 245, 251, 35, 28, 40, 163, 47, 192, 73, 51, 93, 227, 90, 173, 196, 215, 255, 81, 236, 229, 205, 153, 128, 232, 17, 175, 75, 

Нелінійність  = 96 

Алгебраїчний імунітет  = 3 

Дельта-рівномірність  = 12 

Лінійна збитковість = 0 



207, 195, 172, 89, 128, 101, 213, 190, 221, 126, 76, 18, 179, 130, 214, 129, 191, 146, 173, 112, 186, 225, 203, 104, 161, 218, 31, 182, 208, 176, 95, 92, 6, 174, 153, 165, 232, 121, 139, 58, 138, 84, 248, 3, 64, 86, 183, 141, 73, 156, 113, 106, 211, 45, 87, 244, 144, 151, 85, 41, 198, 199, 51, 230, 53, 219, 136, 227, 222, 32, 65, 56, 80, 75, 55, 110, 194, 162, 178, 164, 135, 67, 79, 98, 236, 34, 234, 90, 160, 105, 49, 131, 163, 88, 166, 200, 155, 189, 116, 10, 62, 134, 188, 115, 209, 63, 170, 145, 202, 111, 168, 15, 107, 14, 7, 149, 212, 215, 216, 71, 158, 169, 114, 250, 72, 133, 103, 125, 83, 81, 74, 217, 102, 249, 142, 132, 47, 120, 229, 223, 231, 21, 159, 27, 35, 54, 127, 181, 24, 140, 48, 137, 167, 12, 19, 242, 23, 254, 29, 193, 60, 36, 201, 28, 197, 235, 238, 196, 70, 91, 150, 57, 240, 245, 122, 255, 154, 61, 108, 68, 100, 119, 148, 251, 77, 180, 252, 109, 205, 185, 233, 42, 220, 253, 94, 228, 39, 224, 241, 246, 1, 117, 177, 40, 20, 44, 147, 69, 206, 43, 124, 157, 52, 184, 97, 9, 11, 5, 26, 175, 99, 239, 96, 2, 46, 78, 59, 123, 243, 152, 22, 0, 25, 8, 247, 192, 17, 237, 33, 38, 204, 93, 82, 210, 16, 50, 118, 187, 30, 37, 143, 66, 4, 171, 226, 13, 

Нелінійність  = 96 

Алгебраїчний імунітет  = 3 

Дельта-рівномірність  = 10 

Лінійна збитковість = 0 



114, 170, 117, 78, 151, 154, 132, 139, 112, 197, 104, 133, 100, 149, 163, 164, 165, 162, 159, 147, 195, 32, 82, 88, 206, 93, 180, 116, 161, 137, 167, 175, 181, 91, 207, 166, 80, 204, 142, 18, 200, 184, 209, 107, 74, 247, 98, 28, 156, 131, 171, 127, 186, 122, 62, 182, 141, 252, 194, 177, 21, 58, 212, 124, 128, 251, 83, 110, 129, 245, 60, 169, 72, 51, 99, 221, 29, 150, 213, 233, 249, 126, 134, 138, 119, 56, 183, 157, 65, 64, 218, 46, 84, 140, 144, 193, 136, 36, 246, 135, 115, 94, 77, 205, 158, 236, 33, 95, 102, 192, 48, 45, 125, 15, 1, 120, 216, 220, 71, 47, 223, 208, 6, 232, 61, 96, 79, 196, 73, 108, 31, 85, 75, 173, 86, 248, 188, 0, 225, 226, 145, 22, 41, 113, 255, 54, 105, 89, 25, 228, 9, 111, 199, 229, 239, 179, 38, 49, 222, 235, 81, 143, 191, 11, 178, 219, 210, 155, 55, 201, 69, 241, 187, 214, 121, 202, 172, 26, 87, 189, 118, 23, 203, 101, 250, 67, 227, 52, 231, 168, 176, 12, 146, 97, 109, 34, 59, 39, 2, 123, 253, 148, 242, 103, 240, 14, 53, 217, 42, 16, 70, 237, 13, 215, 4, 50, 20, 238, 35, 234, 44, 8, 37, 66, 43, 17, 174, 152, 76, 57, 10, 230, 211, 90, 198, 92, 243, 63, 224, 5, 19, 190, 40, 185, 254, 153, 30, 24, 3, 244, 160, 106, 68, 7, 27, 130, 

Нелінійність  = 96 

Алгебраїчний імунітет  = 3 

Дельта-рівномірність  = 10 

Лінійна збитковість = 0 



100, 125, 120, 124, 242, 108, 115, 198, 52, 2, 104, 44, 255, 218, 172, 119, 202, 131, 205, 127, 251, 90, 72, 241, 174, 213, 168, 178, 157, 167, 187, 193, 184, 254, 143, 39, 55, 81, 225, 9, 53, 166, 230, 47, 114, 217, 50, 33, 16, 200, 36, 196, 25, 151, 6, 155, 8, 19, 129, 226, 3, 10, 179, 118, 91, 132, 45, 27, 28, 111, 96, 161, 83, 60, 128, 180, 42, 228, 48, 133, 84, 210, 1, 238, 14, 252, 121, 92, 107, 204, 191, 58, 75, 77, 89, 208, 209, 240, 171, 165, 68, 78, 51, 134, 70, 250, 57, 74, 86, 61, 160, 169, 82, 164, 65, 144, 147, 158, 249, 244, 189, 183, 219, 34, 17, 0, 99, 211, 206, 13, 37, 237, 156, 152, 69, 24, 197, 116, 233, 62, 101, 94, 26, 21, 97, 130, 80, 221, 35, 43, 145, 137, 71, 239, 185, 154, 223, 95, 12, 220, 224, 227, 59, 11, 41, 7, 122, 253, 195, 212, 173, 38, 20, 150, 229, 93, 232, 201, 56, 110, 142, 214, 79, 170, 109, 87, 245, 235, 102, 123, 175, 113, 159, 135, 139, 176, 29, 32, 181, 199, 192, 222, 117, 5, 76, 190, 140, 46, 49, 63, 182, 103, 73, 4, 247, 15, 98, 54, 88, 186, 64, 194, 30, 112, 146, 163, 153, 18, 106, 236, 215, 149, 22, 31, 136, 234, 207, 105, 85, 203, 141, 162, 177, 67, 188, 231, 246, 148, 248, 66, 138, 40, 243, 23, 216, 126, 

Нелінійність  = 96 

Алгебраїчний імунітет  = 3 

Дельта-рівномірність  = 10 

Лінійна збитковість = 0 



100, 130, 121, 127, 245, 112, 68, 230, 124, 15, 134, 47, 29, 86, 202, 144, 203, 63, 142, 156, 20, 120, 74, 14, 178, 215, 192, 163, 158, 60, 115, 224, 214, 0, 174, 41, 62, 111, 238, 213, 54, 44, 201, 22, 92, 218, 227, 196, 23, 228, 39, 225, 27, 233, 12, 155, 99, 159, 131, 229, 9, 40, 209, 171, 13, 161, 181, 31, 36, 110, 97, 191, 84, 33, 118, 208, 43, 125, 55, 237, 85, 102, 4, 8, 38, 253, 179, 1, 187, 205, 232, 137, 76, 83, 93, 236, 212, 119, 24, 25, 72, 172, 34, 26, 82, 79, 10, 128, 87, 61, 160, 170, 89, 194, 71, 175, 146, 105, 59, 247, 193, 211, 241, 242, 80, 30, 246, 35, 207, 204, 114, 64, 6, 182, 162, 109, 226, 195, 199, 75, 176, 67, 177, 145, 138, 249, 251, 135, 45, 136, 147, 139, 73, 255, 188, 185, 197, 198, 17, 250, 101, 81, 252, 129, 48, 108, 210, 166, 217, 91, 143, 66, 248, 151, 235, 69, 234, 77, 49, 152, 95, 239, 168, 189, 113, 28, 58, 18, 107, 153, 46, 70, 37, 149, 167, 94, 154, 90, 122, 231, 3, 51, 190, 173, 65, 5, 220, 184, 126, 106, 183, 157, 240, 19, 21, 56, 53, 57, 141, 222, 164, 223, 200, 123, 244, 132, 32, 96, 206, 50, 116, 221, 2, 150, 140, 180, 216, 169, 133, 148, 243, 165, 219, 98, 78, 254, 186, 16, 117, 88, 42, 104, 7, 11, 103, 52, 

Нелінійність  = 96 

Алгебраїчний імунітет  = 3 

Дельта-рівномірність  = 12 

Лінійна збитковість = 0 



151, 18, 134, 130, 240, 199, 239, 49, 144, 234, 13, 179, 205, 219, 85, 55, 241, 183, 187, 72, 82, 46, 194, 155, 221, 166, 124, 209, 191, 98, 108, 97, 133, 248, 62, 129, 200, 203, 245, 192, 74, 142, 59, 190, 138, 197, 189, 4, 202, 83, 50, 87, 80, 254, 206, 107, 140, 114, 148, 226, 99, 45, 170, 60, 120, 47, 146, 103, 223, 84, 242, 79, 29, 28, 53, 246, 76, 68, 214, 102, 113, 132, 90, 57, 127, 94, 233, 131, 58, 111, 196, 25, 39, 3, 177, 43, 51, 48, 207, 235, 172, 145, 92, 157, 161, 243, 212, 23, 195, 128, 238, 227, 9, 86, 220, 168, 171, 8, 112, 178, 217, 160, 152, 236, 225, 16, 93, 218, 222, 121, 11, 174, 88, 33, 181, 150, 100, 210, 22, 193, 1, 64, 65, 255, 38, 56, 70, 37, 211, 12, 135, 143, 0, 119, 229, 117, 106, 173, 215, 61, 27, 175, 75, 182, 147, 230, 232, 81, 137, 115, 91, 14, 186, 69, 54, 167, 116, 252, 180, 136, 6, 250, 71, 249, 153, 158, 17, 19, 185, 44, 156, 66, 7, 20, 5, 198, 251, 101, 104, 244, 73, 204, 34, 163, 201, 78, 123, 224, 21, 35, 24, 188, 95, 149, 164, 139, 10, 253, 109, 165, 159, 126, 63, 208, 122, 26, 41, 42, 77, 15, 32, 96, 213, 228, 110, 2, 184, 162, 105, 141, 30, 89, 118, 154, 36, 67, 31, 247, 216, 52, 125, 176, 237, 40, 231, 169, 

Нелінійність  = 96 

Алгебраїчний імунітет  = 3 

Дельта-рівномірність  = 12 

Лінійна збитковість = 0 



32, 183, 108, 165, 146, 52, 63, 99, 192, 153, 193, 111, 237, 97, 64, 65, 164, 139, 38, 17, 72, 247, 236, 6, 235, 41, 140, 74, 255, 84, 189, 227, 172, 199, 13, 214, 115, 147, 68, 133, 204, 242, 51, 205, 47, 251, 234, 231, 184, 49, 209, 60, 113, 173, 222, 15, 43, 215, 62, 77, 69, 177, 71, 151, 229, 114, 137, 169, 89, 31, 73, 221, 143, 121, 130, 56, 195, 161, 228, 91, 21, 248, 150, 101, 128, 59, 106, 120, 230, 5, 75, 144, 129, 66, 134, 25, 109, 122, 79, 107, 167, 132, 138, 219, 166, 98, 206, 12, 163, 196, 50, 126, 216, 96, 3, 27, 243, 2, 159, 105, 207, 203, 170, 254, 14, 181, 241, 142, 44, 186, 112, 118, 160, 87, 162, 37, 125, 223, 104, 36, 19, 200, 135, 156, 8, 24, 194, 9, 83, 174, 85, 213, 80, 188, 22, 191, 180, 82, 45, 61, 100, 94, 225, 48, 34, 187, 158, 67, 4, 18, 86, 240, 232, 57, 42, 95, 179, 220, 123, 46, 155, 182, 238, 141, 7, 54, 127, 81, 197, 33, 244, 218, 208, 145, 124, 149, 40, 90, 171, 239, 168, 70, 253, 148, 53, 103, 246, 154, 152, 252, 226, 93, 39, 11, 131, 224, 0, 29, 58, 212, 201, 175, 198, 88, 176, 26, 178, 185, 16, 116, 28, 117, 136, 157, 92, 35, 211, 217, 190, 102, 23, 202, 233, 249, 250, 119, 20, 110, 1, 78, 210, 10, 76, 30, 55, 245, 

Нелінійність  = 96 

Алгебраїчний імунітет  = 3 

Дельта-рівномірність  = 12 

Лінійна збитковість = 0 



147, 121, 75, 186, 255, 59, 95, 6, 43, 252, 89, 52, 94, 233, 144, 140, 51, 194, 220, 184, 86, 50, 166, 170, 49, 215, 181, 175, 160, 214, 115, 229, 163, 209, 150, 8, 236, 204, 123, 250, 7, 219, 64, 80, 182, 29, 71, 223, 201, 231, 41, 203, 176, 169, 253, 155, 11, 246, 96, 77, 73, 9, 48, 136, 105, 128, 230, 116, 159, 134, 37, 221, 81, 237, 222, 130, 62, 227, 196, 39, 65, 254, 180, 101, 26, 191, 162, 154, 60, 61, 202, 193, 103, 34, 171, 32, 28, 107, 117, 157, 47, 70, 97, 198, 66, 218, 67, 188, 54, 122, 235, 118, 45, 68, 131, 109, 217, 165, 84, 85, 151, 164, 242, 148, 206, 232, 44, 187, 199, 36, 83, 173, 79, 207, 156, 172, 24, 205, 10, 30, 153, 0, 225, 158, 120, 119, 38, 239, 138, 210, 228, 111, 177, 78, 91, 33, 146, 240, 20, 99, 108, 167, 40, 168, 23, 53, 141, 224, 183, 55, 190, 19, 249, 22, 82, 238, 102, 133, 234, 74, 142, 87, 139, 189, 13, 17, 1, 110, 211, 18, 149, 243, 92, 93, 132, 178, 129, 208, 63, 15, 248, 251, 57, 46, 179, 58, 31, 100, 216, 143, 135, 76, 88, 16, 114, 213, 112, 145, 72, 25, 12, 174, 106, 27, 69, 127, 98, 245, 212, 21, 4, 125, 226, 200, 244, 161, 192, 126, 241, 185, 104, 195, 14, 42, 90, 5, 152, 56, 2, 137, 3, 113, 124, 247, 35, 197, 

Нелінійність  = 96 

Алгебраїчний імунітет  = 3 

Дельта-рівномірність  = 12 

Лінійна збитковість = 0 



135, 127, 158, 112, 73, 156, 138, 239, 236, 209, 182, 30, 44, 60, 235, 161, 228, 134, 52, 125, 120, 23, 11, 241, 141, 71, 204, 9, 126, 246, 81, 179, 237, 45, 102, 233, 48, 72, 128, 19, 207, 147, 93, 80, 162, 55, 249, 47, 189, 87, 202, 43, 7, 210, 180, 148, 192, 13, 205, 65, 91, 54, 230, 82, 231, 174, 114, 76, 242, 142, 118, 177, 36, 94, 40, 22, 200, 28, 196, 160, 97, 201, 85, 193, 140, 175, 222, 108, 50, 92, 15, 53, 187, 129, 78, 46, 194, 100, 244, 95, 51, 74, 49, 122, 63, 116, 37, 132, 86, 6, 247, 89, 35, 90, 248, 164, 121, 254, 146, 79, 103, 178, 101, 226, 197, 77, 68, 117, 212, 143, 227, 176, 83, 33, 144, 110, 234, 149, 238, 61, 109, 58, 42, 124, 185, 1, 16, 219, 184, 59, 157, 104, 150, 229, 119, 17, 163, 151, 250, 255, 221, 106, 3, 27, 152, 62, 206, 169, 214, 75, 211, 232, 191, 253, 69, 29, 137, 173, 145, 115, 220, 5, 213, 224, 123, 26, 225, 14, 84, 88, 38, 131, 186, 223, 67, 130, 96, 166, 168, 31, 4, 70, 98, 57, 111, 25, 203, 10, 66, 215, 198, 0, 105, 139, 39, 99, 64, 107, 8, 217, 181, 245, 170, 136, 251, 208, 56, 113, 18, 41, 12, 252, 171, 167, 218, 2, 190, 172, 34, 155, 154, 199, 195, 20, 159, 183, 165, 21, 32, 240, 24, 153, 188, 216, 243, 133, 

Нелінійність  = 96 

Алгебраїчний імунітет  = 3 

Дельта-рівномірність  = 12 

Лінійна збитковість = 0 



68, 130, 63, 113, 121, 158, 79, 212, 70, 183, 102, 37, 78, 47, 205, 62, 40, 85, 221, 156, 120, 18, 104, 108, 176, 3, 225, 236, 249, 11, 64, 207, 43, 39, 36, 190, 253, 59, 24, 245, 71, 69, 91, 32, 137, 58, 87, 46, 208, 61, 22, 181, 239, 127, 191, 204, 174, 224, 167, 229, 246, 53, 149, 171, 31, 168, 230, 26, 187, 146, 9, 219, 76, 29, 251, 140, 50, 244, 233, 6, 231, 178, 241, 100, 123, 21, 193, 117, 48, 13, 216, 23, 14, 20, 38, 173, 99, 235, 213, 144, 72, 1, 164, 210, 194, 122, 186, 152, 154, 169, 134, 250, 199, 166, 2, 206, 101, 182, 255, 81, 220, 175, 215, 119, 179, 170, 252, 4, 16, 163, 242, 136, 202, 115, 157, 57, 150, 129, 73, 10, 114, 142, 103, 33, 12, 97, 133, 84, 165, 177, 98, 41, 96, 15, 227, 116, 232, 80, 67, 148, 223, 162, 247, 131, 83, 243, 55, 25, 0, 200, 185, 90, 124, 51, 95, 161, 75, 93, 65, 82, 126, 147, 192, 42, 217, 60, 240, 151, 159, 128, 196, 237, 172, 30, 197, 27, 248, 184, 211, 153, 7, 17, 135, 203, 5, 110, 132, 145, 86, 106, 222, 77, 143, 155, 35, 112, 54, 88, 139, 19, 49, 141, 74, 234, 160, 125, 89, 180, 189, 28, 105, 94, 107, 226, 201, 218, 214, 188, 44, 254, 228, 138, 195, 111, 45, 66, 92, 56, 238, 34, 52, 8, 198, 209, 109, 118, 

Нелінійність  = 96 

Алгебраїчний імунітет  = 3 

Дельта-рівномірність  = 10 

Лінійна збитковість = 0 



100, 125, 120, 124, 243, 108, 77, 200, 106, 2, 104, 44, 255, 117, 172, 115, 203, 74, 154, 128, 251, 90, 72, 241, 174, 213, 163, 69, 157, 82, 238, 193, 186, 254, 155, 39, 55, 34, 141, 239, 53, 97, 230, 248, 114, 216, 171, 129, 30, 214, 36, 196, 25, 151, 6, 187, 8, 19, 123, 227, 159, 40, 179, 118, 10, 132, 131, 27, 28, 111, 91, 161, 83, 60, 23, 180, 42, 228, 48, 133, 84, 210, 1, 237, 33, 253, 178, 92, 149, 204, 191, 3, 75, 113, 89, 208, 209, 240, 181, 252, 68, 78, 52, 134, 70, 244, 73, 109, 81, 61, 160, 169, 32, 164, 65, 144, 147, 158, 57, 165, 189, 183, 219, 121, 17, 0, 56, 211, 206, 13, 224, 152, 127, 197, 26, 24, 22, 168, 99, 62, 101, 94, 119, 116, 236, 185, 80, 221, 35, 43, 145, 137, 71, 245, 176, 21, 223, 95, 12, 220, 218, 51, 59, 11, 198, 7, 37, 167, 195, 212, 173, 4, 138, 150, 229, 122, 232, 201, 139, 110, 142, 130, 79, 170, 85, 87, 5, 235, 102, 105, 175, 9, 225, 202, 199, 47, 29, 192, 98, 18, 233, 222, 107, 54, 76, 190, 140, 146, 126, 63, 182, 103, 38, 58, 247, 15, 31, 246, 88, 45, 135, 194, 46, 64, 226, 249, 153, 250, 162, 205, 156, 217, 67, 49, 136, 234, 207, 86, 41, 66, 148, 143, 93, 14, 16, 231, 188, 112, 184, 20, 177, 96, 242, 50, 166, 215, 

Нелінійність  = 96 

Алгебраїчний імунітет  = 3 

Дельта-рівномірність  = 10 

Лінійна збитковість = 0 



100, 125, 120, 124, 243, 90, 77, 205, 19, 62, 108, 32, 3, 86, 176, 123, 199, 92, 206, 130, 254, 94, 46, 244, 174, 228, 166, 185, 157, 172, 115, 197, 131, 30, 93, 39, 56, 66, 223, 163, 53, 175, 230, 245, 114, 217, 43, 103, 153, 203, 36, 6, 25, 151, 210, 155, 8, 116, 129, 227, 239, 40, 183, 118, 10, 135, 41, 248, 29, 110, 91, 165, 83, 60, 221, 12, 42, 226, 49, 133, 84, 67, 1, 241, 33, 253, 178, 190, 107, 204, 191, 97, 75, 170, 89, 211, 209, 240, 171, 255, 68, 78, 52, 134, 70, 250, 4, 128, 81, 61, 160, 169, 101, 168, 65, 148, 146, 158, 57, 246, 189, 186, 219, 34, 17, 63, 121, 31, 195, 13, 20, 237, 96, 156, 113, 24, 200, 47, 127, 188, 225, 194, 26, 119, 216, 72, 162, 0, 242, 28, 145, 137, 71, 238, 54, 21, 88, 95, 208, 224, 87, 55, 59, 11, 74, 7, 37, 117, 80, 212, 173, 99, 16, 150, 229, 122, 232, 201, 132, 45, 142, 64, 79, 105, 109, 82, 152, 235, 102, 187, 27, 9, 126, 177, 38, 220, 181, 167, 196, 192, 180, 222, 69, 202, 76, 207, 140, 139, 112, 35, 182, 233, 98, 154, 251, 15, 58, 184, 247, 48, 138, 147, 231, 159, 23, 249, 218, 18, 215, 198, 85, 149, 50, 73, 136, 111, 236, 141, 193, 144, 234, 44, 22, 14, 252, 51, 104, 161, 143, 2, 106, 214, 5, 213, 179, 164, 

Нелінійність  = 96 

Алгебраїчний імунітет  = 3 

Дельта-рівномірність  = 10 

Лінійна збитковість = 0 



118, 224, 125, 129, 27, 207, 191, 81, 150, 149, 28, 123, 218, 201, 105, 69, 210, 205, 194, 179, 133, 35, 147, 159, 243, 177, 116, 231, 214, 96, 56, 181, 143, 36, 80, 223, 239, 225, 17, 213, 198, 144, 99, 202, 154, 142, 126, 174, 40, 110, 45, 85, 93, 192, 132, 41, 4, 122, 171, 229, 139, 39, 156, 172, 70, 48, 95, 72, 44, 89, 233, 78, 112, 33, 73, 106, 91, 90, 208, 115, 98, 157, 52, 209, 79, 32, 121, 104, 37, 204, 211, 30, 24, 31, 141, 84, 16, 59, 183, 136, 178, 215, 53, 62, 120, 10, 230, 71, 127, 88, 101, 29, 170, 119, 216, 64, 82, 83, 87, 196, 245, 253, 152, 63, 206, 237, 34, 109, 15, 166, 255, 246, 58, 130, 151, 173, 1, 67, 50, 111, 189, 222, 240, 138, 153, 169, 155, 182, 42, 108, 199, 2, 19, 188, 254, 100, 135, 20, 137, 57, 227, 165, 248, 160, 187, 38, 8, 220, 148, 200, 102, 47, 103, 46, 25, 197, 249, 128, 117, 180, 217, 94, 51, 92, 184, 76, 175, 114, 14, 6, 221, 195, 161, 43, 162, 124, 86, 3, 234, 235, 163, 9, 228, 164, 97, 77, 190, 186, 74, 146, 203, 26, 18, 0, 5, 158, 60, 107, 168, 219, 7, 75, 236, 49, 140, 185, 226, 11, 21, 68, 251, 242, 55, 244, 54, 61, 232, 252, 241, 250, 66, 238, 13, 167, 131, 145, 212, 134, 113, 65, 23, 176, 247, 12, 22, 193, 

Нелінійність  = 96 

Алгебраїчний імунітет  = 3 

Дельта-рівномірність  = 10 

Лінійна збитковість = 0 



86, 79, 114, 127, 253, 104, 69, 78, 189, 105, 145, 188, 100, 235, 204, 146, 202, 112, 245, 152, 140, 232, 30, 111, 182, 236, 228, 102, 42, 206, 121, 205, 203, 61, 24, 46, 175, 52, 241, 230, 59, 184, 118, 84, 115, 117, 92, 124, 71, 48, 25, 132, 211, 136, 36, 74, 19, 190, 181, 238, 39, 128, 153, 116, 158, 108, 17, 179, 57, 156, 37, 215, 109, 76, 248, 90, 23, 169, 125, 75, 220, 251, 180, 137, 10, 201, 208, 55, 58, 41, 163, 166, 21, 200, 134, 95, 177, 147, 165, 173, 185, 195, 47, 120, 170, 242, 129, 148, 194, 35, 151, 193, 33, 199, 49, 217, 142, 113, 31, 122, 34, 65, 167, 96, 72, 80, 98, 89, 234, 231, 106, 119, 218, 8, 99, 183, 255, 160, 26, 93, 123, 157, 38, 139, 68, 101, 161, 141, 63, 85, 192, 159, 29, 168, 150, 81, 209, 50, 53, 213, 51, 172, 186, 60, 216, 174, 138, 67, 227, 144, 130, 2, 126, 9, 103, 3, 133, 16, 110, 250, 214, 6, 0, 237, 56, 143, 249, 135, 149, 252, 162, 91, 66, 1, 28, 77, 45, 171, 212, 164, 187, 70, 73, 247, 229, 154, 225, 14, 11, 22, 176, 32, 15, 54, 88, 178, 97, 246, 62, 13, 198, 223, 197, 12, 87, 7, 239, 5, 254, 40, 243, 221, 4, 131, 44, 27, 210, 20, 191, 222, 64, 226, 196, 107, 224, 244, 219, 43, 233, 240, 82, 18, 83, 155, 207, 94, 

Нелінійність  = 96 

Алгебраїчний імунітет  = 3 

Дельта-рівномірність  = 12 

Лінійна збитковість = 0 



242, 201, 159, 34, 75, 78, 207, 185, 225, 116, 94, 1, 140, 86, 232, 93, 209, 131, 165, 69, 177, 246, 194, 99, 171, 228, 70, 154, 199, 189, 80, 60, 250, 182, 144, 151, 241, 87, 100, 4, 183, 23, 252, 253, 25, 3, 179, 126, 68, 134, 195, 90, 218, 27, 57, 190, 222, 149, 143, 6, 184, 192, 198, 238, 55, 239, 114, 81, 254, 89, 36, 14, 37, 33, 56, 135, 213, 148, 203, 217, 124, 2, 88, 216, 113, 233, 255, 101, 146, 43, 142, 103, 188, 73, 175, 191, 123, 46, 84, 173, 247, 202, 214, 102, 138, 51, 166, 109, 119, 64, 145, 115, 244, 107, 163, 150, 193, 18, 221, 0, 136, 160, 17, 155, 62, 40, 223, 117, 49, 83, 229, 13, 118, 147, 54, 132, 7, 245, 226, 227, 63, 12, 161, 208, 9, 24, 121, 156, 48, 237, 157, 112, 235, 204, 15, 104, 71, 176, 67, 215, 219, 95, 120, 168, 79, 110, 251, 169, 22, 44, 122, 231, 197, 58, 76, 230, 139, 137, 97, 59, 128, 74, 186, 248, 11, 162, 66, 111, 133, 52, 19, 29, 42, 236, 98, 39, 10, 172, 181, 240, 45, 105, 206, 61, 16, 65, 85, 130, 205, 92, 47, 125, 167, 153, 180, 50, 243, 174, 127, 41, 234, 249, 152, 106, 28, 96, 196, 108, 38, 129, 5, 170, 26, 77, 178, 82, 31, 32, 20, 210, 21, 141, 91, 8, 158, 187, 72, 164, 211, 53, 35, 220, 30, 200, 224, 212, 

Нелінійність  = 94 

Алгебраїчний імунітет  = 3 

Дельта-рівномірність  = 12 

Лінійна збитковість = 0 



69, 244, 116, 111, 3, 103, 185, 23, 216, 245, 90, 109, 25, 40, 42, 123, 126, 195, 204, 98, 163, 136, 84, 179, 1, 171, 148, 2, 38, 24, 117, 133, 26, 101, 65, 141, 139, 212, 68, 151, 248, 88, 236, 27, 93, 249, 228, 102, 159, 36, 96, 156, 240, 153, 81, 30, 127, 11, 99, 7, 55, 22, 149, 132, 134, 253, 32, 54, 168, 189, 129, 79, 182, 235, 164, 178, 147, 251, 58, 5, 114, 144, 70, 130, 135, 246, 71, 143, 137, 237, 173, 217, 226, 78, 51, 176, 34, 86, 125, 121, 4, 115, 145, 44, 191, 29, 97, 82, 188, 234, 205, 175, 45, 158, 165, 140, 146, 231, 16, 124, 14, 64, 211, 110, 73, 243, 197, 154, 252, 128, 67, 160, 192, 169, 220, 207, 227, 186, 222, 13, 230, 198, 72, 17, 215, 74, 63, 170, 20, 118, 193, 181, 162, 172, 174, 105, 150, 37, 15, 43, 208, 120, 229, 187, 131, 41, 52, 138, 152, 21, 28, 89, 107, 0, 233, 242, 56, 255, 223, 196, 202, 241, 18, 201, 35, 19, 254, 48, 39, 180, 247, 104, 177, 76, 190, 166, 157, 8, 80, 225, 184, 250, 218, 94, 83, 206, 142, 9, 232, 12, 167, 203, 50, 77, 224, 53, 209, 33, 210, 200, 221, 91, 95, 60, 85, 87, 108, 61, 113, 183, 62, 155, 119, 59, 47, 75, 57, 46, 238, 100, 92, 106, 219, 194, 199, 10, 49, 239, 161, 213, 31, 66, 122, 214, 112, 6, 

Нелінійність  = 94 

Алгебраїчний імунітет  = 3 

Дельта-рівномірність  = 12 

Лінійна збитковість = 0 



61, 255, 189, 249, 101, 77, 67, 88, 156, 224, 71, 218, 133, 137, 116, 172, 72, 248, 64, 2, 160, 205, 27, 229, 215, 75, 113, 43, 162, 231, 53, 193, 14, 250, 74, 206, 68, 60, 191, 80, 54, 130, 219, 103, 17, 232, 234, 31, 12, 34, 49, 16, 253, 65, 138, 147, 3, 221, 58, 236, 110, 148, 81, 1, 153, 154, 181, 158, 212, 6, 192, 48, 73, 85, 108, 106, 222, 173, 98, 174, 211, 217, 86, 44, 50, 245, 237, 207, 195, 199, 159, 198, 175, 204, 190, 239, 25, 134, 102, 76, 240, 186, 70, 149, 243, 131, 84, 210, 89, 141, 214, 208, 246, 30, 220, 200, 180, 197, 167, 209, 121, 194, 66, 23, 135, 120, 150, 161, 247, 8, 144, 105, 241, 99, 45, 46, 19, 21, 155, 176, 122, 151, 196, 223, 230, 114, 117, 47, 41, 142, 227, 104, 184, 166, 242, 233, 15, 42, 225, 128, 129, 132, 165, 201, 168, 57, 87, 13, 123, 185, 20, 82, 226, 177, 228, 0, 10, 39, 112, 124, 18, 115, 107, 5, 40, 69, 63, 163, 126, 59, 125, 100, 183, 244, 169, 238, 182, 152, 11, 56, 146, 235, 109, 55, 29, 251, 78, 62, 119, 52, 118, 179, 51, 136, 213, 202, 7, 216, 140, 37, 91, 4, 170, 26, 187, 139, 38, 188, 90, 145, 157, 92, 33, 254, 36, 83, 94, 143, 127, 97, 24, 111, 93, 22, 79, 35, 96, 164, 178, 203, 252, 171, 9, 95, 32, 28, 

Нелінійність  = 94 

Алгебраїчний імунітет  = 3 

Дельта-рівномірність  = 10 

Лінійна збитковість = 0 



98, 10, 5, 215, 1, 58, 210, 82, 0, 237, 64, 226, 77, 181, 62, 166, 186, 32, 37, 89, 122, 150, 4, 184, 135, 218, 160, 126, 209, 198, 203, 146, 188, 53, 171, 223, 88, 151, 60, 80, 38, 123, 153, 162, 157, 113, 36, 178, 230, 54, 213, 254, 189, 79, 222, 234, 202, 228, 86, 190, 21, 242, 248, 208, 217, 121, 165, 103, 27, 250, 199, 167, 152, 105, 65, 195, 57, 129, 76, 90, 229, 112, 127, 139, 47, 196, 232, 182, 94, 158, 92, 173, 59, 69, 204, 187, 193, 145, 172, 252, 81, 16, 23, 71, 44, 101, 236, 6, 84, 128, 169, 2, 28, 168, 118, 35, 19, 132, 241, 251, 212, 42, 52, 201, 227, 15, 61, 31, 148, 174, 176, 245, 175, 191, 238, 163, 51, 114, 161, 134, 49, 14, 225, 39, 30, 8, 115, 131, 255, 179, 116, 87, 170, 24, 130, 102, 117, 142, 104, 177, 106, 133, 147, 211, 149, 108, 141, 156, 140, 143, 99, 91, 33, 34, 72, 26, 120, 144, 13, 235, 185, 224, 207, 97, 70, 246, 124, 50, 221, 66, 29, 17, 67, 253, 25, 155, 68, 180, 119, 125, 216, 46, 96, 154, 220, 12, 164, 45, 200, 244, 138, 240, 7, 83, 95, 78, 197, 48, 243, 233, 110, 239, 74, 43, 136, 73, 9, 219, 111, 75, 22, 85, 41, 231, 40, 206, 183, 247, 249, 93, 205, 63, 194, 192, 55, 107, 109, 137, 18, 3, 20, 11, 100, 159, 214, 56, 

Нелінійність  = 94 

Алгебраїчний імунітет  = 3 

Дельта-рівномірність  = 10 

Лінійна збитковість = 0 



20, 181, 101, 143, 105, 6, 53, 91, 171, 141, 197, 116, 209, 80, 39, 34, 155, 137, 16, 126, 30, 252, 212, 254, 247, 11, 133, 58, 230, 54, 189, 232, 136, 188, 246, 198, 81, 127, 35, 123, 206, 222, 32, 203, 14, 115, 166, 220, 190, 3, 221, 38, 77, 170, 211, 227, 8, 70, 29, 69, 47, 158, 62, 153, 240, 46, 179, 139, 83, 18, 44, 142, 121, 67, 98, 37, 201, 151, 235, 79, 52, 219, 238, 89, 103, 120, 85, 112, 241, 244, 56, 117, 73, 27, 180, 4, 19, 88, 36, 97, 164, 66, 145, 165, 163, 17, 194, 5, 132, 186, 43, 111, 192, 86, 202, 13, 223, 144, 159, 93, 216, 191, 106, 156, 218, 182, 231, 76, 25, 75, 87, 168, 92, 108, 55, 21, 122, 217, 100, 104, 95, 175, 102, 96, 178, 84, 57, 161, 49, 176, 187, 210, 242, 177, 12, 233, 174, 41, 128, 224, 237, 78, 65, 42, 26, 245, 167, 234, 135, 82, 68, 249, 236, 64, 150, 131, 226, 138, 113, 119, 149, 40, 124, 173, 130, 118, 94, 59, 146, 24, 50, 250, 114, 110, 134, 2, 195, 33, 157, 185, 225, 243, 99, 10, 71, 61, 204, 147, 154, 22, 229, 193, 28, 228, 109, 72, 253, 251, 31, 184, 51, 160, 125, 48, 1, 214, 248, 162, 74, 152, 140, 196, 129, 199, 0, 9, 45, 208, 60, 215, 107, 23, 207, 205, 200, 239, 7, 213, 255, 63, 169, 148, 172, 90, 15, 183, 

Нелінійність  = 94 

Алгебраїчний імунітет  = 3 

Дельта-рівномірність  = 12 

Лінійна збитковість = 0 



12, 144, 226, 5, 219, 223, 153, 91, 123, 41, 157, 34, 88, 224, 242, 90, 33, 58, 169, 8, 93, 234, 250, 213, 21, 200, 134, 243, 211, 70, 163, 113, 237, 103, 148, 133, 229, 61, 16, 120, 177, 106, 85, 78, 7, 104, 68, 149, 164, 119, 62, 218, 239, 126, 43, 154, 208, 110, 1, 35, 69, 109, 80, 75, 215, 150, 190, 246, 94, 130, 4, 135, 131, 227, 195, 183, 189, 221, 249, 49, 132, 184, 182, 25, 115, 203, 225, 186, 102, 77, 99, 151, 29, 178, 165, 67, 238, 17, 152, 13, 92, 121, 19, 2, 156, 254, 52, 6, 205, 11, 56, 192, 158, 112, 82, 42, 108, 45, 240, 170, 0, 199, 247, 155, 63, 47, 217, 84, 187, 36, 81, 105, 139, 117, 162, 216, 87, 101, 138, 147, 54, 209, 214, 31, 51, 24, 74, 20, 181, 168, 185, 196, 201, 244, 10, 22, 116, 253, 176, 245, 76, 100, 23, 141, 37, 38, 194, 179, 172, 86, 48, 66, 235, 122, 175, 125, 193, 9, 248, 72, 241, 159, 191, 129, 46, 204, 136, 124, 89, 40, 231, 228, 251, 173, 230, 27, 26, 65, 59, 188, 128, 167, 50, 143, 15, 255, 53, 160, 98, 83, 79, 232, 14, 161, 252, 146, 202, 44, 3, 180, 28, 137, 95, 145, 60, 140, 30, 206, 212, 111, 142, 198, 222, 127, 96, 236, 55, 97, 57, 18, 171, 71, 174, 107, 64, 210, 118, 39, 166, 32, 233, 197, 73, 220, 207, 114, 

Нелінійність  = 94 

Алгебраїчний імунітет  = 3 

Дельта-рівномірність  = 12 

Лінійна збитковість = 0 



90, 83, 140, 155, 205, 116, 177, 190, 216, 246, 91, 49, 231, 150, 88, 251, 54, 60, 100, 236, 129, 159, 239, 19, 163, 47, 55, 154, 226, 23, 94, 147, 255, 71, 151, 206, 217, 202, 254, 75, 58, 172, 143, 201, 149, 248, 244, 214, 31, 175, 93, 62, 191, 46, 141, 5, 218, 64, 221, 87, 113, 240, 192, 144, 37, 4, 187, 131, 48, 108, 139, 29, 235, 198, 230, 117, 161, 158, 122, 35, 26, 121, 59, 115, 173, 229, 80, 27, 119, 252, 20, 195, 82, 105, 28, 73, 197, 224, 168, 128, 17, 65, 107, 51, 22, 30, 207, 152, 138, 232, 176, 41, 193, 76, 212, 63, 223, 253, 183, 156, 137, 196, 242, 146, 24, 124, 103, 97, 125, 40, 233, 184, 170, 211, 77, 33, 136, 50, 208, 126, 32, 180, 145, 106, 114, 2, 18, 132, 96, 130, 243, 204, 44, 194, 69, 247, 66, 181, 148, 67, 133, 7, 112, 109, 13, 200, 160, 219, 118, 165, 153, 95, 186, 57, 220, 78, 142, 203, 38, 68, 162, 225, 169, 179, 213, 215, 72, 15, 52, 39, 99, 25, 1, 237, 101, 10, 178, 14, 199, 123, 84, 102, 42, 174, 8, 238, 245, 45, 135, 79, 36, 120, 34, 43, 127, 188, 9, 85, 241, 222, 189, 0, 234, 12, 61, 21, 16, 182, 164, 70, 56, 89, 166, 98, 53, 228, 81, 111, 227, 110, 167, 210, 86, 74, 104, 157, 250, 92, 6, 3, 249, 209, 11, 171, 185, 134, 

Нелінійність  = 94 

Алгебраїчний імунітет  = 3 

Дельта-рівномірність  = 12 

Лінійна збитковість = 0 



242, 201, 159, 34, 75, 78, 207, 185, 225, 116, 94, 1, 140, 86, 232, 93, 209, 131, 165, 69, 177, 246, 194, 99, 171, 228, 70, 154, 199, 189, 80, 60, 250, 182, 144, 151, 241, 87, 100, 4, 183, 23, 252, 253, 25, 3, 179, 126, 68, 134, 195, 90, 218, 27, 57, 190, 222, 149, 143, 6, 184, 192, 198, 238, 55, 239, 114, 81, 254, 89, 36, 14, 37, 33, 56, 135, 213, 148, 203, 217, 124, 2, 88, 216, 113, 233, 255, 101, 146, 43, 142, 103, 188, 73, 175, 191, 123, 46, 84, 173, 247, 202, 214, 102, 138, 51, 166, 109, 119, 64, 145, 115, 244, 107, 163, 150, 193, 18, 221, 0, 136, 160, 17, 155, 62, 40, 223, 117, 49, 83, 229, 13, 118, 147, 54, 132, 7, 245, 226, 227, 63, 12, 161, 208, 9, 24, 121, 156, 48, 237, 157, 112, 235, 204, 15, 104, 71, 176, 67, 215, 219, 95, 120, 168, 79, 110, 251, 169, 22, 44, 122, 231, 197, 58, 76, 230, 139, 137, 97, 59, 128, 74, 186, 248, 11, 162, 66, 111, 133, 52, 19, 29, 42, 236, 98, 39, 10, 172, 181, 240, 45, 105, 206, 61, 16, 65, 85, 130, 205, 92, 47, 125, 167, 153, 180, 50, 243, 174, 127, 41, 234, 249, 152, 106, 28, 96, 196, 108, 38, 129, 5, 170, 26, 77, 178, 82, 31, 32, 20, 210, 21, 141, 91, 8, 158, 187, 72, 164, 211, 53, 35, 220, 30, 200, 224, 212, 

Нелінійність  = 94 

Алгебраїчний імунітет  = 3 

Дельта-рівномірність  = 12 

Лінійна збитковість = 0 



104, 199, 191, 245, 175, 52, 228, 189, 220, 165, 42, 127, 16, 226, 128, 40, 28, 118, 252, 155, 97, 32, 91, 219, 10, 84, 243, 48, 105, 101, 129, 250, 251, 33, 247, 233, 136, 47, 31, 99, 75, 13, 148, 242, 62, 218, 22, 63, 12, 86, 119, 227, 9, 5, 41, 0, 146, 21, 110, 20, 244, 123, 152, 138, 174, 131, 230, 205, 65, 181, 126, 125, 163, 143, 100, 92, 134, 56, 61, 246, 4, 130, 213, 103, 43, 30, 140, 106, 157, 202, 78, 54, 178, 197, 236, 81, 209, 24, 132, 14, 77, 183, 68, 57, 124, 238, 156, 83, 185, 177, 50, 249, 38, 76, 141, 172, 49, 139, 74, 192, 188, 161, 69, 59, 46, 95, 214, 11, 102, 117, 223, 66, 17, 29, 72, 80, 167, 162, 2, 51, 170, 153, 15, 196, 121, 166, 208, 112, 1, 116, 90, 222, 254, 171, 19, 204, 158, 179, 142, 64, 60, 144, 212, 135, 108, 58, 55, 87, 225, 248, 111, 88, 194, 18, 221, 137, 149, 229, 215, 23, 53, 173, 186, 145, 8, 67, 150, 190, 187, 184, 168, 206, 109, 79, 36, 107, 207, 193, 7, 39, 96, 239, 94, 151, 164, 253, 176, 45, 122, 198, 26, 70, 200, 182, 115, 113, 44, 133, 34, 35, 180, 224, 160, 169, 237, 85, 71, 73, 240, 211, 154, 241, 89, 216, 93, 120, 235, 203, 25, 6, 210, 159, 82, 114, 3, 217, 37, 27, 255, 231, 232, 147, 201, 195, 98, 234, 

Нелінійність  = 94 

Алгебраїчний імунітет  = 3 

Дельта-рівномірність  = 12 

Лінійна збитковість = 0 



41, 246, 183, 142, 237, 158, 163, 112, 44, 109, 122, 73, 110, 186, 16, 231, 141, 175, 208, 49, 30, 157, 61, 226, 78, 167, 52, 132, 146, 219, 99, 191, 255, 197, 160, 27, 221, 193, 48, 214, 215, 11, 213, 95, 185, 172, 98, 77, 248, 238, 235, 21, 174, 154, 224, 250, 205, 83, 116, 115, 178, 20, 43, 239, 143, 105, 244, 26, 147, 151, 243, 182, 53, 194, 253, 28, 140, 144, 119, 210, 135, 234, 145, 5, 209, 181, 254, 123, 29, 138, 228, 201, 71, 202, 207, 103, 0, 252, 6, 128, 101, 165, 79, 17, 247, 251, 58, 55, 153, 217, 199, 85, 65, 170, 42, 189, 50, 7, 245, 200, 81, 184, 240, 46, 8, 76, 118, 121, 22, 212, 56, 38, 92, 32, 25, 57, 130, 67, 242, 125, 10, 129, 204, 86, 164, 155, 91, 9, 31, 89, 187, 148, 14, 96, 15, 93, 51, 168, 1, 223, 227, 12, 117, 80, 133, 179, 206, 218, 23, 19, 88, 139, 195, 34, 198, 13, 45, 203, 152, 108, 66, 24, 124, 18, 166, 225, 134, 176, 159, 68, 64, 69, 63, 126, 104, 54, 35, 102, 192, 33, 2, 229, 72, 233, 169, 60, 161, 220, 131, 40, 177, 74, 162, 136, 75, 137, 211, 82, 59, 190, 84, 188, 37, 127, 156, 149, 232, 62, 100, 230, 222, 39, 107, 180, 173, 150, 113, 36, 94, 241, 97, 4, 216, 120, 70, 106, 111, 114, 236, 196, 90, 171, 87, 47, 249, 3, 

Нелінійність  = 94 

Алгебраїчний імунітет  = 3 

Дельта-рівномірність  = 12 

Лінійна збитковість = 0 



20, 181, 101, 143, 105, 6, 53, 91, 171, 141, 197, 116, 209, 80, 39, 34, 155, 137, 16, 126, 30, 252, 212, 254, 247, 11, 133, 58, 230, 54, 189, 232, 136, 188, 246, 198, 81, 127, 35, 123, 206, 222, 32, 203, 14, 115, 166, 220, 190, 3, 221, 38, 77, 170, 211, 227, 8, 70, 29, 69, 47, 158, 62, 153, 240, 46, 179, 139, 83, 18, 44, 142, 121, 67, 98, 37, 201, 151, 235, 79, 52, 219, 238, 89, 103, 120, 85, 112, 241, 244, 56, 117, 73, 27, 180, 4, 19, 88, 36, 97, 164, 66, 145, 165, 163, 17, 194, 5, 132, 186, 43, 111, 192, 86, 202, 13, 223, 144, 159, 93, 216, 191, 106, 156, 218, 182, 231, 76, 25, 75, 87, 168, 92, 108, 55, 21, 122, 217, 100, 104, 95, 175, 102, 96, 178, 84, 57, 161, 49, 176, 187, 210, 242, 177, 12, 233, 174, 41, 128, 224, 237, 78, 65, 42, 26, 245, 167, 234, 135, 82, 68, 249, 236, 64, 150, 131, 226, 138, 113, 119, 149, 40, 124, 173, 130, 118, 94, 59, 146, 24, 50, 250, 114, 110, 134, 2, 195, 33, 157, 185, 225, 243, 99, 10, 71, 61, 204, 147, 154, 22, 229, 193, 28, 228, 109, 72, 253, 251, 31, 184, 51, 160, 125, 48, 1, 214, 248, 162, 74, 152, 140, 196, 129, 199, 0, 9, 45, 208, 60, 215, 107, 23, 207, 205, 200, 239, 7, 213, 255, 63, 169, 148, 172, 90, 15, 183, 

Нелінійність  = 94 

Алгебраїчний імунітет  = 3 

Дельта-рівномірність  = 12 

Лінійна збитковість = 0 



206, 240, 195, 253, 177, 203, 168, 76, 146, 66, 245, 49, 161, 251, 222, 228, 18, 90, 80, 227, 8, 30, 182, 175, 189, 69, 219, 33, 91, 218, 153, 144, 34, 59, 190, 194, 123, 233, 170, 151, 213, 89, 152, 120, 102, 109, 225, 166, 138, 140, 98, 188, 23, 197, 107, 192, 164, 84, 36, 154, 208, 16, 13, 215, 81, 246, 181, 193, 252, 101, 28, 46, 255, 200, 67, 122, 75, 133, 74, 139, 130, 88, 186, 241, 68, 134, 72, 196, 7, 176, 51, 112, 124, 132, 26, 247, 61, 231, 202, 77, 55, 212, 19, 86, 237, 165, 113, 111, 96, 27, 4, 187, 128, 12, 104, 41, 155, 249, 223, 85, 0, 239, 37, 143, 217, 45, 1, 114, 105, 31, 248, 47, 145, 244, 100, 44, 167, 131, 235, 229, 22, 95, 158, 238, 250, 92, 38, 39, 135, 48, 60, 2, 79, 62, 63, 106, 232, 201, 147, 149, 83, 56, 209, 78, 116, 5, 6, 205, 178, 14, 160, 43, 141, 15, 173, 174, 126, 214, 226, 9, 54, 21, 210, 157, 183, 82, 242, 94, 204, 127, 199, 211, 20, 220, 171, 156, 58, 25, 198, 115, 216, 150, 108, 103, 129, 207, 87, 57, 73, 243, 148, 236, 224, 169, 10, 11, 97, 234, 53, 64, 71, 32, 142, 118, 52, 184, 24, 40, 172, 163, 93, 99, 179, 185, 3, 191, 110, 136, 254, 162, 221, 159, 230, 29, 117, 35, 50, 65, 42, 17, 70, 119, 137, 121, 125, 180, 

Нелінійність  = 94 

Алгебраїчний імунітет  = 3 

Дельта-рівномірність  = 12 

Лінійна збитковість = 0 



72, 67, 68, 107, 189, 235, 163, 243, 96, 102, 93, 224, 229, 101, 215, 152, 204, 222, 0, 131, 126, 244, 46, 193, 217, 64, 43, 187, 181, 228, 210, 221, 70, 6, 122, 164, 156, 39, 245, 172, 239, 237, 160, 192, 91, 167, 135, 9, 97, 207, 158, 50, 177, 203, 66, 145, 86, 194, 42, 254, 179, 240, 90, 38, 144, 208, 130, 117, 166, 139, 120, 59, 185, 53, 44, 115, 75, 150, 73, 143, 176, 116, 137, 227, 255, 129, 89, 47, 238, 3, 151, 242, 188, 209, 79, 231, 8, 214, 31, 200, 52, 87, 63, 230, 219, 11, 20, 213, 35, 170, 161, 108, 250, 132, 123, 212, 121, 140, 169, 36, 78, 196, 146, 25, 118, 232, 5, 28, 211, 220, 65, 112, 128, 45, 141, 119, 19, 32, 162, 92, 216, 69, 24, 218, 186, 54, 2, 76, 110, 241, 29, 56, 171, 14, 183, 147, 233, 182, 201, 103, 149, 81, 58, 246, 226, 82, 40, 17, 175, 159, 155, 114, 248, 251, 1, 125, 142, 74, 136, 197, 100, 133, 157, 109, 199, 94, 180, 198, 191, 80, 178, 16, 34, 234, 62, 12, 60, 48, 23, 27, 71, 85, 148, 124, 206, 168, 88, 225, 30, 22, 61, 165, 205, 154, 173, 13, 249, 247, 83, 98, 153, 104, 57, 49, 84, 4, 10, 77, 21, 252, 51, 33, 95, 202, 99, 37, 184, 18, 190, 195, 7, 138, 127, 134, 253, 236, 111, 174, 223, 55, 106, 113, 105, 26, 41, 15, 

Нелінійність  = 94 

Алгебраїчний імунітет  = 3 

Дельта-рівномірність  = 12 

Лінійна збитковість = 0 



Час виконання: 1629.721000 секунд

Блок з необхідними параметрами знайдено

Кількість виконаних ітерацій = 6 
_______________________________________________________________________________________________
