
Початкове число ітерацій = 50
N = 40
PSO S-boxes:
99, 124, 119, 123, 242, 107, 111, 197, 48, 1, 103, 43, 254, 215, 171, 118, 202, 130, 201, 125, 250, 89, 71, 240, 173, 212, 162, 175, 156, 164, 114, 192, 183, 253, 147, 38, 54, 63, 247, 204, 52, 165, 229, 241, 113, 216, 49, 21, 4, 199, 35, 195, 24, 150, 5, 154, 7, 18, 128, 226, 235, 39, 178, 117, 9, 131, 44, 26, 27, 110, 90, 160, 82, 59, 214, 179, 41, 227, 47, 132, 83, 209, 0, 237, 32, 252, 177, 91, 106, 203, 190, 57, 74, 76, 88, 207, 208, 239, 170, 251, 67, 77, 51, 133, 69, 249, 2, 127, 80, 60, 159, 168, 81, 163, 64, 143, 146, 157, 56, 245, 188, 182, 218, 33, 16, 255, 243, 210, 205, 12, 19, 236, 95, 151, 68, 23, 196, 167, 126, 61, 100, 93, 25, 115, 96, 129, 79, 220, 34, 42, 144, 136, 70, 238, 184, 20, 222, 94, 11, 219, 224, 50, 58, 10, 73, 6, 36, 92, 194, 211, 172, 98, 145, 149, 228, 121, 231, 200, 55, 109, 141, 213, 78, 169, 108, 86, 244, 234, 101, 122, 174, 8, 186, 120, 37, 46, 28, 166, 180, 198, 232, 221, 116, 31, 75, 189, 139, 138, 112, 62, 181, 102, 72, 3, 246, 14, 97, 53, 87, 185, 134, 193, 29, 158, 225, 248, 152, 17, 105, 217, 142, 148, 155, 30, 135, 233, 206, 85, 40, 223, 140, 161, 137, 13, 191, 230, 66, 104, 65, 153, 45, 15, 176, 84, 187, 22, 

Нелінійність  = 112 

Алгебраїчний імунітет  = 2 

Дельта-рівномірність  = 4 

Лінійна збитковість = 255 



99, 124, 119, 123, 242, 107, 111, 197, 48, 1, 103, 43, 254, 215, 171, 118, 202, 130, 201, 125, 250, 89, 71, 240, 173, 212, 162, 175, 156, 164, 114, 192, 183, 253, 147, 38, 54, 63, 204, 247, 52, 165, 229, 241, 113, 216, 49, 21, 4, 199, 35, 195, 24, 150, 5, 154, 7, 18, 128, 226, 235, 39, 178, 117, 9, 131, 44, 26, 27, 110, 90, 160, 82, 59, 214, 179, 41, 227, 47, 132, 83, 209, 0, 237, 32, 252, 177, 91, 106, 203, 190, 57, 74, 76, 88, 207, 208, 239, 170, 251, 67, 77, 51, 133, 69, 249, 2, 127, 80, 60, 159, 168, 81, 163, 64, 143, 146, 157, 56, 245, 188, 182, 218, 33, 16, 255, 243, 210, 205, 12, 19, 236, 95, 151, 68, 23, 196, 167, 126, 61, 100, 93, 25, 115, 96, 129, 79, 220, 34, 42, 144, 136, 70, 238, 184, 20, 222, 94, 11, 219, 224, 50, 58, 10, 73, 6, 36, 92, 194, 211, 172, 98, 145, 149, 228, 121, 231, 200, 55, 109, 141, 213, 78, 169, 108, 86, 244, 234, 101, 122, 174, 8, 186, 120, 37, 46, 28, 166, 180, 198, 232, 221, 116, 31, 75, 189, 139, 138, 112, 62, 181, 102, 72, 3, 246, 14, 97, 53, 87, 185, 134, 193, 29, 158, 225, 248, 152, 17, 105, 217, 142, 148, 155, 30, 135, 233, 206, 85, 40, 223, 140, 161, 137, 13, 191, 230, 66, 104, 65, 153, 45, 15, 176, 84, 187, 22, 

Нелінійність  = 110 

Алгебраїчний імунітет  = 2 

Дельта-рівномірність  = 6 

Лінійна збитковість = 126 



99, 124, 119, 123, 242, 107, 57, 201, 130, 1, 103, 43, 254, 72, 171, 112, 202, 48, 129, 125, 250, 89, 71, 240, 173, 212, 162, 21, 156, 44, 114, 192, 105, 253, 147, 38, 54, 31, 3, 193, 52, 22, 229, 249, 113, 216, 217, 175, 4, 199, 35, 195, 24, 150, 5, 154, 7, 18, 128, 226, 235, 39, 178, 117, 9, 131, 164, 26, 27, 110, 90, 160, 82, 59, 214, 179, 41, 227, 47, 132, 83, 209, 0, 237, 32, 252, 177, 91, 165, 203, 190, 111, 74, 76, 88, 207, 208, 239, 170, 251, 67, 77, 51, 133, 69, 241, 2, 127, 80, 60, 159, 168, 81, 163, 64, 143, 146, 157, 56, 245, 188, 182, 218, 33, 16, 255, 243, 210, 205, 12, 19, 236, 95, 151, 68, 23, 196, 167, 126, 61, 100, 93, 25, 115, 96, 197, 79, 220, 34, 42, 144, 136, 70, 238, 184, 20, 222, 94, 11, 219, 224, 50, 58, 10, 73, 6, 36, 92, 194, 211, 172, 98, 145, 149, 228, 121, 231, 200, 55, 109, 141, 213, 78, 169, 108, 86, 244, 234, 101, 122, 174, 8, 186, 120, 37, 46, 28, 166, 180, 198, 232, 221, 116, 63, 75, 189, 139, 138, 118, 62, 181, 102, 215, 176, 246, 14, 97, 53, 87, 185, 134, 135, 29, 158, 225, 248, 152, 17, 183, 49, 142, 148, 155, 30, 187, 233, 206, 85, 40, 223, 140, 161, 137, 13, 191, 230, 66, 104, 65, 153, 45, 15, 247, 84, 106, 204, 

Нелінійність  = 102 

Алгебраїчний імунітет  = 3 

Дельта-рівномірність  = 8 

Лінійна збитковість = 0 



124, 43, 223, 49, 76, 148, 91, 232, 65, 155, 213, 171, 229, 234, 185, 126, 253, 75, 27, 144, 33, 142, 55, 237, 143, 125, 72, 243, 202, 96, 191, 197, 225, 80, 178, 120, 90, 194, 103, 87, 242, 174, 128, 217, 209, 16, 200, 192, 123, 130, 11, 196, 150, 212, 182, 28, 42, 6, 249, 149, 30, 68, 57, 231, 29, 110, 172, 215, 146, 132, 203, 168, 20, 85, 218, 169, 254, 184, 32, 1, 164, 60, 220, 163, 67, 183, 193, 53, 211, 56, 36, 77, 139, 51, 10, 118, 116, 45, 31, 24, 83, 39, 44, 239, 62, 95, 34, 48, 112, 151, 166, 15, 66, 175, 105, 177, 18, 117, 235, 156, 206, 159, 160, 241, 119, 250, 106, 188, 7, 13, 226, 136, 141, 162, 109, 5, 176, 73, 12, 52, 251, 104, 22, 64, 79, 86, 181, 82, 161, 247, 70, 46, 224, 233, 99, 122, 227, 41, 214, 158, 100, 38, 94, 93, 154, 61, 240, 81, 186, 0, 205, 74, 59, 238, 54, 138, 165, 198, 207, 89, 63, 17, 208, 244, 47, 199, 26, 246, 88, 121, 2, 19, 216, 222, 107, 14, 236, 25, 140, 204, 9, 190, 131, 157, 147, 195, 35, 170, 228, 187, 3, 210, 101, 127, 189, 98, 173, 58, 21, 133, 69, 102, 71, 40, 135, 180, 111, 97, 167, 230, 115, 201, 4, 255, 129, 252, 92, 221, 113, 50, 8, 134, 245, 153, 37, 179, 145, 219, 248, 23, 152, 84, 137, 108, 78, 114, 

Нелінійність  = 96 

Алгебраїчний імунітет  = 3 

Дельта-рівномірність  = 10 

Лінійна збитковість = 0 



122, 255, 133, 125, 241, 204, 218, 33, 145, 215, 1, 159, 200, 190, 76, 48, 211, 184, 178, 61, 68, 8, 172, 118, 222, 154, 84, 210, 193, 56, 105, 175, 127, 249, 53, 96, 207, 185, 247, 187, 34, 134, 35, 183, 129, 194, 166, 243, 179, 65, 46, 36, 81, 208, 192, 69, 113, 117, 149, 225, 83, 39, 132, 197, 90, 5, 119, 102, 167, 80, 253, 37, 18, 23, 6, 73, 77, 22, 227, 99, 108, 124, 63, 32, 94, 251, 97, 100, 11, 147, 162, 19, 0, 242, 152, 24, 245, 109, 173, 72, 177, 223, 51, 38, 135, 216, 142, 40, 202, 57, 75, 201, 199, 74, 236, 31, 136, 47, 110, 168, 219, 21, 114, 87, 244, 181, 254, 64, 146, 188, 2, 92, 42, 121, 186, 155, 115, 16, 9, 198, 232, 25, 66, 41, 174, 176, 62, 13, 189, 49, 101, 111, 137, 164, 230, 248, 98, 148, 156, 91, 220, 10, 59, 67, 214, 52, 7, 79, 126, 107, 213, 45, 93, 191, 171, 224, 206, 85, 158, 50, 238, 29, 106, 252, 229, 195, 180, 112, 240, 95, 234, 153, 237, 104, 26, 20, 239, 58, 89, 71, 70, 88, 169, 143, 161, 139, 203, 228, 123, 233, 120, 196, 27, 163, 205, 246, 151, 130, 128, 165, 60, 30, 209, 212, 141, 250, 157, 226, 4, 140, 217, 116, 170, 54, 103, 15, 235, 12, 182, 43, 150, 221, 14, 231, 17, 3, 138, 55, 78, 44, 86, 160, 28, 144, 131, 82, 

Нелінійність  = 96 

Алгебраїчний імунітет  = 3 

Дельта-рівномірність  = 14 

Лінійна збитковість = 0 



122, 255, 133, 125, 241, 204, 218, 33, 145, 215, 1, 159, 200, 190, 76, 48, 211, 184, 178, 61, 68, 8, 172, 118, 222, 154, 84, 210, 193, 56, 105, 175, 127, 249, 53, 96, 207, 185, 247, 187, 34, 134, 35, 183, 129, 194, 166, 243, 179, 65, 46, 36, 81, 208, 192, 69, 113, 117, 149, 225, 83, 39, 132, 197, 90, 5, 119, 102, 167, 80, 253, 37, 18, 23, 6, 73, 77, 22, 227, 99, 108, 124, 63, 32, 94, 251, 97, 100, 11, 147, 162, 19, 0, 242, 152, 24, 245, 109, 173, 72, 177, 223, 51, 38, 135, 216, 142, 40, 202, 57, 75, 201, 199, 74, 236, 31, 136, 47, 110, 168, 219, 21, 114, 87, 244, 181, 254, 64, 146, 188, 2, 92, 42, 121, 186, 155, 115, 16, 9, 198, 232, 25, 66, 41, 174, 176, 62, 13, 189, 49, 101, 111, 137, 164, 230, 248, 98, 148, 156, 91, 220, 10, 59, 67, 214, 52, 7, 79, 126, 107, 213, 45, 93, 191, 171, 224, 206, 85, 158, 50, 238, 29, 106, 252, 229, 195, 180, 112, 240, 95, 234, 153, 237, 104, 26, 20, 239, 58, 89, 71, 70, 88, 169, 143, 161, 139, 203, 228, 123, 233, 120, 196, 27, 163, 205, 246, 151, 130, 128, 165, 60, 30, 209, 212, 141, 250, 157, 226, 4, 140, 217, 116, 170, 54, 103, 15, 235, 12, 182, 43, 150, 221, 14, 231, 17, 3, 138, 55, 78, 44, 86, 160, 28, 144, 131, 82, 

Нелінійність  = 96 

Алгебраїчний імунітет  = 3 

Дельта-рівномірність  = 14 

Лінійна збитковість = 0 



50, 193, 153, 64, 108, 168, 113, 197, 72, 79, 116, 207, 127, 67, 225, 86, 53, 180, 130, 250, 134, 144, 230, 236, 182, 224, 238, 22, 69, 11, 16, 14, 143, 122, 87, 19, 188, 216, 213, 152, 88, 227, 129, 131, 45, 179, 43, 212, 183, 39, 104, 5, 120, 232, 234, 161, 58, 75, 219, 8, 126, 160, 62, 70, 165, 173, 240, 17, 145, 255, 112, 15, 89, 176, 10, 28, 102, 228, 164, 147, 246, 162, 135, 214, 136, 106, 220, 138, 151, 237, 223, 139, 41, 215, 55, 158, 198, 59, 141, 47, 23, 195, 184, 74, 221, 110, 208, 248, 217, 186, 204, 175, 82, 170, 92, 174, 99, 84, 247, 203, 254, 25, 140, 107, 105, 155, 149, 242, 34, 123, 211, 46, 40, 80, 181, 243, 154, 71, 96, 33, 56, 121, 66, 146, 202, 137, 185, 26, 233, 4, 52, 31, 77, 167, 94, 196, 49, 24, 148, 57, 21, 32, 60, 0, 42, 114, 157, 209, 91, 18, 93, 156, 128, 210, 101, 7, 118, 249, 38, 29, 150, 187, 83, 222, 163, 201, 191, 100, 190, 171, 103, 245, 95, 90, 119, 97, 218, 115, 132, 253, 63, 9, 98, 81, 205, 51, 133, 169, 235, 36, 65, 172, 178, 35, 30, 231, 76, 166, 199, 73, 1, 37, 54, 2, 189, 48, 78, 27, 6, 12, 239, 244, 206, 44, 241, 229, 159, 251, 117, 192, 3, 13, 125, 252, 20, 194, 61, 85, 124, 109, 68, 226, 200, 111, 177, 142, 

Нелінійність  = 96 

Алгебраїчний імунітет  = 3 

Дельта-рівномірність  = 12 

Лінійна збитковість = 0 



120, 136, 241, 60, 190, 46, 212, 144, 37, 147, 75, 184, 47, 65, 213, 149, 23, 155, 70, 245, 145, 17, 188, 133, 254, 187, 33, 224, 78, 63, 100, 177, 107, 86, 162, 130, 186, 229, 142, 148, 25, 173, 132, 255, 234, 8, 80, 111, 62, 66, 19, 216, 84, 29, 13, 206, 202, 12, 87, 252, 122, 42, 32, 189, 101, 11, 41, 209, 26, 4, 219, 5, 10, 129, 48, 109, 54, 243, 57, 236, 45, 79, 51, 89, 196, 153, 201, 124, 208, 179, 163, 126, 134, 110, 92, 125, 253, 205, 58, 218, 88, 223, 182, 217, 72, 215, 211, 40, 180, 91, 16, 128, 90, 56, 14, 35, 250, 28, 123, 178, 139, 198, 83, 52, 99, 157, 39, 199, 104, 74, 183, 151, 228, 15, 106, 116, 34, 1, 117, 195, 71, 171, 105, 203, 233, 181, 96, 0, 103, 9, 31, 200, 231, 143, 249, 168, 242, 20, 27, 248, 164, 3, 49, 55, 150, 207, 175, 76, 121, 2, 176, 246, 146, 238, 227, 93, 240, 81, 44, 36, 30, 141, 237, 127, 251, 50, 230, 244, 169, 221, 95, 247, 113, 166, 165, 194, 98, 131, 204, 38, 193, 115, 137, 154, 210, 43, 118, 222, 77, 82, 21, 174, 61, 220, 161, 67, 24, 59, 172, 170, 6, 167, 239, 152, 226, 192, 102, 69, 185, 235, 53, 114, 18, 159, 119, 108, 156, 22, 197, 140, 64, 68, 112, 7, 135, 138, 94, 225, 97, 73, 158, 191, 85, 232, 214, 160, 

Нелінійність  = 96 

Алгебраїчний імунітет  = 3 

Дельта-рівномірність  = 12 

Лінійна збитковість = 0 



122, 255, 133, 125, 241, 204, 218, 33, 145, 215, 1, 159, 200, 190, 76, 48, 211, 184, 178, 61, 68, 8, 172, 118, 222, 154, 84, 210, 193, 56, 105, 175, 127, 249, 53, 96, 207, 185, 247, 187, 34, 134, 35, 183, 129, 194, 166, 243, 179, 65, 46, 36, 81, 208, 192, 69, 113, 117, 149, 225, 83, 39, 132, 197, 90, 5, 119, 102, 167, 80, 253, 37, 18, 23, 6, 73, 77, 22, 227, 99, 108, 124, 63, 32, 94, 251, 97, 100, 11, 147, 162, 19, 0, 242, 152, 24, 245, 109, 173, 72, 177, 223, 51, 38, 135, 216, 142, 40, 202, 57, 75, 201, 199, 74, 236, 31, 136, 47, 110, 168, 219, 21, 114, 87, 244, 181, 254, 64, 146, 188, 2, 92, 42, 121, 186, 155, 115, 16, 9, 198, 232, 25, 66, 41, 174, 176, 62, 13, 189, 49, 101, 111, 137, 164, 230, 248, 98, 148, 156, 91, 220, 10, 59, 67, 214, 52, 7, 79, 126, 107, 213, 45, 93, 191, 171, 224, 206, 85, 158, 50, 238, 29, 106, 252, 229, 195, 180, 112, 240, 95, 234, 153, 237, 104, 26, 20, 239, 58, 89, 71, 70, 88, 169, 143, 161, 139, 203, 228, 123, 233, 120, 196, 27, 163, 205, 246, 151, 130, 128, 165, 60, 30, 209, 212, 141, 250, 157, 226, 4, 140, 217, 116, 170, 54, 103, 15, 235, 12, 182, 43, 150, 221, 14, 231, 17, 3, 138, 55, 78, 44, 86, 160, 28, 144, 131, 82, 

Нелінійність  = 96 

Алгебраїчний імунітет  = 3 

Дельта-рівномірність  = 14 

Лінійна збитковість = 0 



13, 41, 18, 75, 35, 62, 210, 98, 148, 24, 105, 147, 10, 106, 205, 186, 161, 34, 177, 112, 111, 94, 233, 79, 99, 225, 92, 175, 101, 181, 185, 132, 25, 218, 38, 145, 86, 54, 154, 71, 224, 49, 48, 241, 217, 141, 91, 131, 226, 245, 6, 189, 7, 110, 142, 180, 198, 195, 83, 230, 235, 124, 158, 221, 157, 63, 2, 130, 30, 113, 203, 69, 247, 68, 171, 59, 125, 220, 209, 82, 19, 197, 188, 137, 81, 89, 9, 202, 42, 122, 178, 153, 50, 58, 65, 138, 173, 31, 165, 46, 238, 23, 164, 44, 108, 204, 70, 29, 169, 244, 28, 22, 227, 251, 237, 236, 255, 193, 87, 216, 207, 155, 196, 223, 213, 5, 254, 66, 95, 166, 179, 150, 80, 116, 232, 39, 163, 3, 55, 32, 167, 159, 239, 40, 208, 43, 228, 252, 194, 96, 26, 12, 103, 84, 190, 88, 133, 109, 253, 53, 118, 4, 100, 222, 117, 140, 215, 183, 214, 135, 240, 182, 93, 199, 139, 27, 73, 144, 219, 72, 21, 51, 128, 45, 168, 126, 136, 134, 249, 200, 36, 114, 17, 47, 33, 206, 229, 119, 1, 243, 212, 104, 174, 16, 74, 64, 211, 176, 15, 37, 102, 152, 90, 77, 246, 172, 242, 107, 8, 14, 85, 20, 127, 120, 67, 121, 76, 191, 231, 184, 78, 11, 192, 0, 61, 248, 97, 234, 149, 52, 56, 57, 143, 170, 250, 146, 123, 187, 162, 156, 60, 151, 115, 129, 160, 201, 

Нелінійність  = 96 

Алгебраїчний імунітет  = 3 

Дельта-рівномірність  = 10 

Лінійна збитковість = 0 



194, 85, 206, 34, 145, 51, 242, 216, 181, 142, 231, 241, 143, 217, 225, 208, 232, 57, 128, 138, 87, 32, 147, 75, 212, 227, 224, 104, 239, 41, 63, 82, 121, 65, 12, 24, 21, 189, 39, 125, 177, 190, 23, 118, 122, 91, 186, 47, 193, 247, 133, 71, 93, 151, 31, 89, 214, 92, 251, 99, 30, 202, 129, 106, 55, 27, 178, 160, 169, 35, 79, 123, 40, 111, 95, 43, 68, 107, 167, 185, 62, 161, 72, 84, 100, 9, 48, 96, 69, 152, 218, 211, 195, 153, 249, 73, 42, 86, 174, 155, 248, 136, 198, 127, 25, 67, 179, 28, 105, 234, 191, 176, 164, 144, 58, 103, 228, 250, 235, 165, 197, 52, 115, 139, 226, 113, 134, 159, 11, 200, 13, 120, 78, 148, 240, 4, 7, 119, 220, 16, 192, 182, 19, 243, 109, 187, 20, 213, 162, 150, 53, 131, 15, 184, 130, 83, 18, 44, 233, 255, 3, 59, 76, 5, 237, 175, 66, 172, 8, 49, 102, 230, 116, 156, 45, 132, 204, 229, 219, 26, 77, 101, 110, 50, 56, 88, 29, 244, 173, 188, 60, 238, 54, 254, 252, 80, 2, 223, 38, 171, 0, 146, 37, 64, 117, 10, 222, 205, 74, 1, 98, 140, 201, 33, 112, 163, 253, 97, 46, 137, 157, 166, 207, 210, 236, 168, 245, 22, 209, 154, 135, 114, 36, 108, 14, 221, 90, 158, 170, 141, 246, 81, 70, 199, 183, 126, 196, 124, 203, 149, 180, 215, 17, 61, 94, 6, 

Нелінійність  = 96 

Алгебраїчний імунітет  = 3 

Дельта-рівномірність  = 12 

Лінійна збитковість = 0 



26, 165, 69, 188, 121, 160, 148, 97, 147, 10, 183, 142, 143, 173, 95, 182, 225, 208, 154, 178, 118, 232, 218, 27, 105, 249, 56, 78, 144, 77, 58, 33, 16, 168, 177, 21, 52, 245, 216, 248, 136, 161, 119, 215, 205, 253, 45, 96, 127, 241, 71, 87, 12, 61, 111, 163, 103, 23, 149, 175, 72, 55, 9, 25, 231, 34, 70, 81, 36, 141, 209, 138, 93, 133, 44, 176, 74, 217, 202, 191, 24, 203, 247, 219, 189, 47, 240, 124, 166, 132, 113, 65, 90, 48, 17, 1, 210, 186, 62, 73, 184, 244, 220, 32, 49, 223, 206, 51, 120, 86, 112, 226, 190, 109, 53, 250, 37, 60, 246, 42, 30, 229, 201, 122, 2, 128, 140, 158, 107, 6, 204, 7, 15, 134, 187, 98, 238, 156, 235, 39, 164, 18, 195, 162, 251, 57, 99, 106, 114, 67, 196, 198, 130, 137, 13, 179, 11, 230, 79, 101, 242, 146, 63, 194, 211, 75, 43, 125, 84, 228, 64, 89, 46, 29, 234, 59, 131, 14, 193, 157, 102, 115, 233, 252, 214, 35, 123, 91, 222, 172, 224, 227, 85, 40, 110, 159, 151, 239, 68, 3, 4, 0, 104, 94, 135, 54, 139, 150, 8, 126, 76, 167, 213, 38, 83, 5, 199, 197, 255, 117, 169, 153, 88, 20, 31, 200, 171, 174, 236, 22, 185, 82, 41, 181, 243, 237, 129, 92, 100, 145, 19, 152, 180, 66, 192, 50, 254, 116, 170, 108, 155, 80, 212, 207, 28, 221, 

Нелінійність  = 96 

Алгебраїчний імунітет  = 3 

Дельта-рівномірність  = 12 

Лінійна збитковість = 0 



27, 178, 156, 48, 74, 166, 66, 16, 35, 29, 53, 224, 119, 40, 52, 110, 10, 195, 122, 82, 186, 221, 252, 242, 163, 254, 63, 223, 30, 20, 251, 232, 158, 90, 114, 244, 180, 227, 205, 147, 106, 4, 191, 129, 208, 43, 245, 188, 153, 58, 143, 28, 146, 253, 236, 202, 26, 71, 94, 92, 167, 218, 31, 22, 172, 11, 249, 237, 139, 77, 45, 33, 120, 8, 51, 37, 128, 65, 140, 113, 132, 189, 168, 157, 138, 69, 38, 207, 78, 75, 193, 108, 183, 179, 18, 228, 116, 181, 133, 86, 5, 162, 89, 102, 233, 149, 225, 235, 200, 247, 24, 81, 217, 213, 88, 105, 118, 115, 19, 165, 70, 57, 219, 222, 1, 160, 73, 61, 135, 99, 15, 62, 50, 76, 192, 243, 49, 214, 142, 220, 241, 39, 84, 206, 197, 174, 87, 141, 164, 91, 144, 248, 17, 182, 255, 112, 60, 238, 121, 7, 226, 46, 212, 12, 68, 124, 204, 34, 95, 216, 54, 231, 148, 190, 152, 187, 100, 130, 201, 209, 109, 107, 72, 199, 2, 127, 83, 210, 170, 176, 159, 161, 44, 196, 239, 123, 175, 151, 171, 96, 250, 14, 9, 229, 203, 246, 103, 137, 36, 42, 155, 6, 79, 85, 64, 185, 47, 169, 215, 3, 0, 125, 117, 13, 32, 67, 198, 101, 56, 93, 25, 111, 131, 134, 154, 97, 59, 145, 98, 126, 136, 80, 23, 173, 240, 41, 184, 55, 211, 234, 21, 150, 230, 177, 194, 104, 

Нелінійність  = 96 

Алгебраїчний імунітет  = 3 

Дельта-рівномірність  = 12 

Лінійна збитковість = 0 



119, 54, 82, 155, 9, 27, 227, 15, 202, 231, 243, 152, 24, 252, 33, 16, 39, 213, 232, 247, 68, 20, 172, 135, 224, 151, 122, 198, 239, 74, 110, 178, 147, 180, 22, 96, 214, 168, 165, 208, 42, 123, 29, 162, 79, 209, 164, 31, 225, 91, 57, 241, 95, 48, 240, 242, 18, 105, 174, 244, 30, 38, 187, 188, 221, 171, 166, 17, 230, 121, 8, 75, 34, 238, 251, 77, 81, 218, 246, 44, 132, 161, 83, 46, 62, 40, 66, 88, 197, 144, 167, 234, 210, 89, 193, 14, 235, 118, 113, 41, 199, 248, 10, 249, 153, 223, 203, 103, 215, 43, 185, 228, 127, 100, 143, 51, 87, 76, 131, 179, 250, 205, 148, 154, 36, 206, 94, 200, 177, 47, 158, 93, 26, 175, 117, 173, 5, 52, 37, 56, 50, 160, 67, 207, 159, 190, 28, 59, 201, 129, 141, 25, 108, 116, 19, 11, 216, 61, 140, 45, 253, 21, 64, 139, 3, 255, 71, 237, 142, 136, 189, 32, 236, 73, 157, 106, 196, 109, 1, 99, 84, 226, 80, 102, 146, 222, 170, 169, 195, 111, 212, 85, 149, 124, 107, 130, 35, 63, 55, 183, 229, 125, 176, 156, 6, 192, 186, 233, 134, 0, 211, 70, 49, 78, 217, 53, 65, 133, 69, 60, 191, 145, 2, 13, 245, 72, 181, 4, 137, 112, 12, 120, 204, 101, 182, 254, 194, 86, 184, 114, 138, 23, 104, 97, 58, 115, 220, 219, 98, 126, 7, 92, 163, 128, 90, 150, 

Нелінійність  = 96 

Алгебраїчний імунітет  = 3 

Дельта-рівномірність  = 10 

Лінійна збитковість = 0 



236, 217, 241, 62, 237, 7, 214, 147, 156, 215, 152, 123, 226, 89, 2, 5, 22, 10, 182, 163, 157, 158, 0, 93, 58, 4, 110, 160, 96, 235, 208, 124, 34, 212, 52, 173, 51, 199, 130, 44, 40, 33, 253, 12, 238, 132, 47, 85, 206, 196, 252, 172, 56, 74, 120, 230, 202, 223, 87, 232, 49, 148, 174, 213, 162, 103, 239, 149, 224, 128, 185, 101, 45, 112, 254, 76, 133, 72, 197, 84, 247, 233, 14, 204, 92, 129, 1, 228, 68, 77, 188, 198, 78, 194, 31, 203, 95, 35, 38, 168, 234, 127, 220, 64, 117, 150, 27, 43, 189, 207, 32, 225, 23, 59, 97, 139, 187, 231, 24, 244, 250, 221, 151, 251, 192, 229, 21, 170, 90, 255, 109, 193, 102, 146, 210, 240, 99, 29, 115, 176, 126, 15, 69, 54, 86, 88, 20, 121, 169, 166, 184, 249, 82, 155, 79, 211, 26, 91, 179, 144, 16, 11, 113, 37, 66, 178, 119, 28, 73, 218, 175, 17, 116, 177, 142, 19, 25, 104, 216, 106, 105, 190, 131, 65, 36, 111, 137, 164, 39, 138, 8, 180, 159, 195, 80, 167, 165, 3, 154, 57, 161, 134, 183, 219, 70, 114, 145, 13, 201, 9, 100, 48, 6, 53, 30, 181, 118, 63, 153, 245, 122, 125, 83, 18, 227, 50, 55, 98, 143, 135, 246, 209, 46, 94, 108, 60, 75, 107, 136, 191, 71, 205, 67, 171, 242, 243, 41, 140, 200, 222, 81, 42, 61, 141, 186, 248, 

Нелінійність  = 96 

Алгебраїчний імунітет  = 3 

Дельта-рівномірність  = 12 

Лінійна збитковість = 0 



220, 219, 42, 15, 134, 200, 124, 63, 139, 230, 147, 105, 165, 161, 51, 159, 82, 6, 201, 187, 158, 40, 223, 46, 70, 253, 26, 85, 104, 110, 67, 36, 13, 232, 16, 48, 92, 237, 47, 170, 102, 150, 184, 8, 226, 64, 239, 130, 75, 231, 62, 115, 234, 38, 128, 196, 61, 247, 100, 54, 122, 11, 243, 69, 39, 56, 151, 37, 183, 209, 246, 149, 117, 155, 10, 94, 96, 14, 189, 208, 19, 224, 49, 28, 217, 225, 60, 131, 53, 137, 81, 254, 65, 32, 207, 166, 30, 242, 0, 88, 193, 31, 199, 9, 90, 43, 206, 76, 145, 111, 86, 135, 182, 152, 79, 41, 228, 249, 216, 25, 241, 45, 244, 98, 160, 212, 163, 168, 68, 34, 1, 29, 2, 132, 141, 127, 177, 175, 222, 252, 142, 240, 204, 119, 89, 12, 157, 80, 78, 136, 59, 5, 197, 153, 108, 194, 106, 35, 255, 97, 20, 23, 58, 114, 174, 133, 21, 179, 205, 50, 123, 172, 71, 251, 107, 169, 118, 235, 181, 138, 121, 140, 171, 72, 74, 188, 245, 202, 91, 3, 33, 24, 167, 215, 233, 126, 66, 250, 191, 221, 73, 18, 195, 192, 17, 125, 176, 57, 27, 173, 87, 185, 214, 203, 101, 218, 156, 227, 109, 144, 162, 211, 143, 120, 113, 248, 129, 164, 213, 210, 52, 148, 186, 180, 93, 103, 7, 4, 77, 229, 83, 112, 198, 55, 238, 44, 146, 116, 236, 190, 95, 178, 84, 99, 154, 22, 

Нелінійність  = 96 

Алгебраїчний імунітет  = 3 

Дельта-рівномірність  = 14 

Лінійна збитковість = 0 



17, 0, 46, 45, 205, 228, 177, 55, 90, 125, 52, 14, 9, 106, 230, 112, 33, 22, 2, 87, 204, 82, 15, 211, 222, 171, 242, 24, 243, 221, 244, 251, 133, 29, 96, 153, 178, 212, 215, 188, 165, 35, 126, 235, 91, 203, 79, 119, 156, 237, 163, 137, 146, 196, 62, 97, 200, 213, 194, 39, 152, 48, 142, 229, 173, 110, 117, 67, 103, 151, 157, 84, 136, 13, 66, 124, 94, 25, 93, 144, 182, 147, 115, 224, 68, 150, 34, 168, 44, 219, 107, 36, 240, 245, 131, 220, 116, 252, 236, 10, 54, 76, 81, 162, 185, 40, 1, 109, 18, 207, 232, 38, 20, 193, 121, 21, 111, 95, 149, 32, 135, 174, 209, 231, 108, 23, 89, 181, 250, 11, 3, 134, 140, 247, 172, 214, 105, 248, 123, 50, 27, 88, 159, 190, 141, 49, 195, 114, 86, 61, 6, 99, 192, 80, 238, 138, 42, 158, 216, 104, 16, 191, 246, 179, 100, 102, 72, 226, 58, 85, 227, 7, 47, 83, 253, 208, 167, 184, 70, 198, 154, 199, 37, 169, 128, 5, 26, 145, 223, 129, 53, 77, 71, 8, 210, 132, 56, 234, 113, 120, 143, 218, 161, 118, 217, 160, 189, 60, 75, 186, 101, 255, 187, 249, 63, 164, 59, 130, 98, 225, 65, 175, 64, 254, 57, 241, 31, 4, 206, 28, 122, 78, 183, 239, 51, 30, 180, 92, 19, 202, 41, 148, 170, 43, 176, 155, 197, 69, 201, 73, 12, 74, 166, 139, 127, 233, 

Нелінійність  = 96 

Алгебраїчний імунітет  = 3 

Дельта-рівномірність  = 12 

Лінійна збитковість = 0 



60, 233, 207, 1, 12, 76, 54, 75, 15, 16, 18, 40, 34, 5, 92, 151, 184, 10, 244, 132, 101, 104, 38, 248, 202, 188, 221, 174, 21, 236, 74, 172, 194, 28, 192, 23, 134, 144, 51, 121, 68, 203, 162, 150, 146, 159, 25, 145, 36, 49, 42, 61, 176, 37, 67, 214, 196, 230, 63, 250, 215, 32, 247, 246, 128, 94, 226, 58, 193, 69, 13, 166, 148, 123, 99, 7, 64, 177, 33, 117, 198, 157, 71, 199, 242, 243, 237, 171, 31, 190, 120, 168, 232, 141, 29, 11, 227, 72, 213, 90, 46, 55, 251, 35, 238, 136, 20, 108, 78, 200, 197, 27, 245, 140, 161, 66, 83, 165, 73, 116, 98, 137, 189, 50, 210, 231, 186, 164, 43, 218, 182, 241, 211, 41, 8, 122, 253, 129, 179, 205, 81, 156, 14, 206, 249, 57, 255, 95, 84, 106, 119, 112, 163, 79, 107, 80, 125, 154, 86, 235, 222, 118, 110, 187, 191, 24, 100, 85, 138, 152, 48, 225, 65, 240, 56, 220, 195, 113, 102, 173, 167, 87, 175, 212, 127, 130, 109, 89, 131, 77, 19, 103, 26, 22, 111, 124, 126, 208, 178, 147, 47, 252, 53, 142, 234, 96, 139, 135, 133, 62, 88, 2, 170, 143, 216, 223, 3, 6, 97, 239, 224, 169, 115, 105, 0, 181, 4, 52, 82, 9, 91, 219, 93, 45, 183, 201, 70, 217, 254, 153, 160, 229, 149, 228, 204, 155, 114, 17, 185, 44, 158, 180, 209, 30, 59, 39, 

Нелінійність  = 96 

Алгебраїчний імунітет  = 3 

Дельта-рівномірність  = 12 

Лінійна збитковість = 0 



149, 233, 109, 32, 196, 64, 60, 170, 31, 0, 137, 237, 52, 135, 222, 185, 159, 121, 239, 79, 130, 45, 80, 203, 216, 92, 82, 108, 51, 242, 175, 207, 1, 21, 57, 226, 8, 49, 111, 186, 177, 128, 198, 234, 101, 10, 58, 4, 23, 229, 28, 197, 230, 178, 224, 210, 84, 163, 138, 62, 240, 150, 132, 194, 69, 33, 231, 90, 195, 184, 243, 249, 246, 59, 98, 146, 14, 38, 255, 114, 71, 103, 124, 12, 13, 191, 112, 214, 247, 212, 47, 241, 30, 153, 89, 96, 11, 24, 87, 250, 70, 68, 77, 244, 118, 105, 235, 202, 106, 141, 225, 102, 53, 20, 5, 189, 113, 55, 181, 73, 165, 100, 215, 97, 50, 17, 75, 172, 182, 157, 245, 93, 174, 188, 115, 85, 72, 227, 151, 254, 6, 171, 190, 26, 169, 83, 180, 95, 22, 158, 205, 74, 29, 238, 131, 228, 39, 145, 152, 213, 129, 217, 40, 192, 144, 119, 209, 86, 253, 122, 46, 201, 16, 219, 236, 54, 116, 9, 7, 42, 173, 154, 99, 206, 176, 167, 37, 35, 248, 155, 127, 56, 136, 27, 88, 81, 78, 110, 183, 162, 147, 44, 61, 36, 140, 139, 104, 134, 218, 160, 25, 48, 126, 179, 252, 166, 67, 94, 168, 3, 148, 34, 208, 232, 200, 2, 193, 220, 211, 43, 66, 161, 41, 143, 142, 133, 19, 164, 18, 223, 76, 65, 63, 117, 221, 91, 204, 125, 123, 120, 187, 199, 156, 107, 15, 251, 

Нелінійність  = 96 

Алгебраїчний імунітет  = 3 

Дельта-рівномірність  = 12 

Лінійна збитковість = 0 



90, 83, 140, 155, 205, 116, 177, 190, 216, 246, 91, 49, 231, 150, 88, 251, 54, 60, 100, 236, 129, 159, 239, 19, 163, 47, 55, 154, 226, 23, 94, 147, 255, 71, 151, 206, 217, 202, 254, 75, 58, 172, 143, 201, 149, 248, 244, 214, 31, 175, 93, 62, 191, 46, 141, 5, 218, 64, 221, 87, 113, 240, 192, 144, 37, 4, 187, 131, 48, 108, 139, 29, 235, 198, 230, 117, 161, 158, 122, 35, 26, 121, 59, 115, 173, 229, 80, 27, 119, 252, 20, 195, 82, 105, 28, 73, 197, 224, 168, 128, 17, 65, 107, 51, 22, 30, 207, 152, 138, 232, 176, 41, 193, 76, 212, 63, 223, 253, 183, 156, 137, 196, 242, 146, 24, 124, 103, 97, 125, 40, 233, 184, 170, 211, 77, 33, 136, 50, 208, 126, 32, 180, 145, 106, 114, 2, 18, 132, 96, 130, 243, 204, 44, 194, 69, 247, 66, 181, 148, 67, 133, 7, 112, 109, 13, 200, 160, 219, 118, 165, 153, 95, 186, 57, 220, 78, 142, 203, 38, 68, 162, 225, 169, 179, 213, 215, 72, 15, 52, 39, 99, 25, 1, 237, 101, 10, 178, 14, 199, 123, 84, 102, 42, 174, 8, 238, 245, 45, 135, 79, 36, 120, 34, 43, 127, 188, 9, 85, 241, 222, 189, 0, 234, 12, 61, 21, 16, 182, 164, 70, 56, 89, 166, 98, 53, 228, 81, 111, 227, 110, 167, 210, 86, 74, 104, 157, 250, 92, 6, 3, 249, 209, 11, 171, 185, 134, 

Нелінійність  = 94 

Алгебраїчний імунітет  = 3 

Дельта-рівномірність  = 12 

Лінійна збитковість = 0 



242, 201, 159, 34, 75, 78, 207, 185, 225, 116, 94, 1, 140, 86, 232, 93, 209, 131, 165, 69, 177, 246, 194, 99, 171, 228, 70, 154, 199, 189, 80, 60, 250, 182, 144, 151, 241, 87, 100, 4, 183, 23, 252, 253, 25, 3, 179, 126, 68, 134, 195, 90, 218, 27, 57, 190, 222, 149, 143, 6, 184, 192, 198, 238, 55, 239, 114, 81, 254, 89, 36, 14, 37, 33, 56, 135, 213, 148, 203, 217, 124, 2, 88, 216, 113, 233, 255, 101, 146, 43, 142, 103, 188, 73, 175, 191, 123, 46, 84, 173, 247, 202, 214, 102, 138, 51, 166, 109, 119, 64, 145, 115, 244, 107, 163, 150, 193, 18, 221, 0, 136, 160, 17, 155, 62, 40, 223, 117, 49, 83, 229, 13, 118, 147, 54, 132, 7, 245, 226, 227, 63, 12, 161, 208, 9, 24, 121, 156, 48, 237, 157, 112, 235, 204, 15, 104, 71, 176, 67, 215, 219, 95, 120, 168, 79, 110, 251, 169, 22, 44, 122, 231, 197, 58, 76, 230, 139, 137, 97, 59, 128, 74, 186, 248, 11, 162, 66, 111, 133, 52, 19, 29, 42, 236, 98, 39, 10, 172, 181, 240, 45, 105, 206, 61, 16, 65, 85, 130, 205, 92, 47, 125, 167, 153, 180, 50, 243, 174, 127, 41, 234, 249, 152, 106, 28, 96, 196, 108, 38, 129, 5, 170, 26, 77, 178, 82, 31, 32, 20, 210, 21, 141, 91, 8, 158, 187, 72, 164, 211, 53, 35, 220, 30, 200, 224, 212, 

Нелінійність  = 94 

Алгебраїчний імунітет  = 3 

Дельта-рівномірність  = 12 

Лінійна збитковість = 0 



104, 199, 191, 245, 175, 52, 228, 189, 220, 165, 42, 127, 16, 226, 128, 40, 28, 118, 252, 155, 97, 32, 91, 219, 10, 84, 243, 48, 105, 101, 129, 250, 251, 33, 247, 233, 136, 47, 31, 99, 75, 13, 148, 242, 62, 218, 22, 63, 12, 86, 119, 227, 9, 5, 41, 0, 146, 21, 110, 20, 244, 123, 152, 138, 174, 131, 230, 205, 65, 181, 126, 125, 163, 143, 100, 92, 134, 56, 61, 246, 4, 130, 213, 103, 43, 30, 140, 106, 157, 202, 78, 54, 178, 197, 236, 81, 209, 24, 132, 14, 77, 183, 68, 57, 124, 238, 156, 83, 185, 177, 50, 249, 38, 76, 141, 172, 49, 139, 74, 192, 188, 161, 69, 59, 46, 95, 214, 11, 102, 117, 223, 66, 17, 29, 72, 80, 167, 162, 2, 51, 170, 153, 15, 196, 121, 166, 208, 112, 1, 116, 90, 222, 254, 171, 19, 204, 158, 179, 142, 64, 60, 144, 212, 135, 108, 58, 55, 87, 225, 248, 111, 88, 194, 18, 221, 137, 149, 229, 215, 23, 53, 173, 186, 145, 8, 67, 150, 190, 187, 184, 168, 206, 109, 79, 36, 107, 207, 193, 7, 39, 96, 239, 94, 151, 164, 253, 176, 45, 122, 198, 26, 70, 200, 182, 115, 113, 44, 133, 34, 35, 180, 224, 160, 169, 237, 85, 71, 73, 240, 211, 154, 241, 89, 216, 93, 120, 235, 203, 25, 6, 210, 159, 82, 114, 3, 217, 37, 27, 255, 231, 232, 147, 201, 195, 98, 234, 

Нелінійність  = 94 

Алгебраїчний імунітет  = 3 

Дельта-рівномірність  = 12 

Лінійна збитковість = 0 



41, 246, 183, 142, 237, 158, 163, 112, 44, 109, 122, 73, 110, 186, 16, 231, 141, 175, 208, 49, 30, 157, 61, 226, 78, 167, 52, 132, 146, 219, 99, 191, 255, 197, 160, 27, 221, 193, 48, 214, 215, 11, 213, 95, 185, 172, 98, 77, 248, 238, 235, 21, 174, 154, 224, 250, 205, 83, 116, 115, 178, 20, 43, 239, 143, 105, 244, 26, 147, 151, 243, 182, 53, 194, 253, 28, 140, 144, 119, 210, 135, 234, 145, 5, 209, 181, 254, 123, 29, 138, 228, 201, 71, 202, 207, 103, 0, 252, 6, 128, 101, 165, 79, 17, 247, 251, 58, 55, 153, 217, 199, 85, 65, 170, 42, 189, 50, 7, 245, 200, 81, 184, 240, 46, 8, 76, 118, 121, 22, 212, 56, 38, 92, 32, 25, 57, 130, 67, 242, 125, 10, 129, 204, 86, 164, 155, 91, 9, 31, 89, 187, 148, 14, 96, 15, 93, 51, 168, 1, 223, 227, 12, 117, 80, 133, 179, 206, 218, 23, 19, 88, 139, 195, 34, 198, 13, 45, 203, 152, 108, 66, 24, 124, 18, 166, 225, 134, 176, 159, 68, 64, 69, 63, 126, 104, 54, 35, 102, 192, 33, 2, 229, 72, 233, 169, 60, 161, 220, 131, 40, 177, 74, 162, 136, 75, 137, 211, 82, 59, 190, 84, 188, 37, 127, 156, 149, 232, 62, 100, 230, 222, 39, 107, 180, 173, 150, 113, 36, 94, 241, 97, 4, 216, 120, 70, 106, 111, 114, 236, 196, 90, 171, 87, 47, 249, 3, 

Нелінійність  = 94 

Алгебраїчний імунітет  = 3 

Дельта-рівномірність  = 12 

Лінійна збитковість = 0 



20, 181, 101, 143, 105, 6, 53, 91, 171, 141, 197, 116, 209, 80, 39, 34, 155, 137, 16, 126, 30, 252, 212, 254, 247, 11, 133, 58, 230, 54, 189, 232, 136, 188, 246, 198, 81, 127, 35, 123, 206, 222, 32, 203, 14, 115, 166, 220, 190, 3, 221, 38, 77, 170, 211, 227, 8, 70, 29, 69, 47, 158, 62, 153, 240, 46, 179, 139, 83, 18, 44, 142, 121, 67, 98, 37, 201, 151, 235, 79, 52, 219, 238, 89, 103, 120, 85, 112, 241, 244, 56, 117, 73, 27, 180, 4, 19, 88, 36, 97, 164, 66, 145, 165, 163, 17, 194, 5, 132, 186, 43, 111, 192, 86, 202, 13, 223, 144, 159, 93, 216, 191, 106, 156, 218, 182, 231, 76, 25, 75, 87, 168, 92, 108, 55, 21, 122, 217, 100, 104, 95, 175, 102, 96, 178, 84, 57, 161, 49, 176, 187, 210, 242, 177, 12, 233, 174, 41, 128, 224, 237, 78, 65, 42, 26, 245, 167, 234, 135, 82, 68, 249, 236, 64, 150, 131, 226, 138, 113, 119, 149, 40, 124, 173, 130, 118, 94, 59, 146, 24, 50, 250, 114, 110, 134, 2, 195, 33, 157, 185, 225, 243, 99, 10, 71, 61, 204, 147, 154, 22, 229, 193, 28, 228, 109, 72, 253, 251, 31, 184, 51, 160, 125, 48, 1, 214, 248, 162, 74, 152, 140, 196, 129, 199, 0, 9, 45, 208, 60, 215, 107, 23, 207, 205, 200, 239, 7, 213, 255, 63, 169, 148, 172, 90, 15, 183, 

Нелінійність  = 94 

Алгебраїчний імунітет  = 3 

Дельта-рівномірність  = 12 

Лінійна збитковість = 0 



206, 240, 195, 253, 177, 203, 168, 76, 146, 66, 245, 49, 161, 251, 222, 228, 18, 90, 80, 227, 8, 30, 182, 175, 189, 69, 219, 33, 91, 218, 153, 144, 34, 59, 190, 194, 123, 233, 170, 151, 213, 89, 152, 120, 102, 109, 225, 166, 138, 140, 98, 188, 23, 197, 107, 192, 164, 84, 36, 154, 208, 16, 13, 215, 81, 246, 181, 193, 252, 101, 28, 46, 255, 200, 67, 122, 75, 133, 74, 139, 130, 88, 186, 241, 68, 134, 72, 196, 7, 176, 51, 112, 124, 132, 26, 247, 61, 231, 202, 77, 55, 212, 19, 86, 237, 165, 113, 111, 96, 27, 4, 187, 128, 12, 104, 41, 155, 249, 223, 85, 0, 239, 37, 143, 217, 45, 1, 114, 105, 31, 248, 47, 145, 244, 100, 44, 167, 131, 235, 229, 22, 95, 158, 238, 250, 92, 38, 39, 135, 48, 60, 2, 79, 62, 63, 106, 232, 201, 147, 149, 83, 56, 209, 78, 116, 5, 6, 205, 178, 14, 160, 43, 141, 15, 173, 174, 126, 214, 226, 9, 54, 21, 210, 157, 183, 82, 242, 94, 204, 127, 199, 211, 20, 220, 171, 156, 58, 25, 198, 115, 216, 150, 108, 103, 129, 207, 87, 57, 73, 243, 148, 236, 224, 169, 10, 11, 97, 234, 53, 64, 71, 32, 142, 118, 52, 184, 24, 40, 172, 163, 93, 99, 179, 185, 3, 191, 110, 136, 254, 162, 221, 159, 230, 29, 117, 35, 50, 65, 42, 17, 70, 119, 137, 121, 125, 180, 

Нелінійність  = 94 

Алгебраїчний імунітет  = 3 

Дельта-рівномірність  = 12 

Лінійна збитковість = 0 



72, 67, 68, 107, 189, 235, 163, 243, 96, 102, 93, 224, 229, 101, 215, 152, 204, 222, 0, 131, 126, 244, 46, 193, 217, 64, 43, 187, 181, 228, 210, 221, 70, 6, 122, 164, 156, 39, 245, 172, 239, 237, 160, 192, 91, 167, 135, 9, 97, 207, 158, 50, 177, 203, 66, 145, 86, 194, 42, 254, 179, 240, 90, 38, 144, 208, 130, 117, 166, 139, 120, 59, 185, 53, 44, 115, 75, 150, 73, 143, 176, 116, 137, 227, 255, 129, 89, 47, 238, 3, 151, 242, 188, 209, 79, 231, 8, 214, 31, 200, 52, 87, 63, 230, 219, 11, 20, 213, 35, 170, 161, 108, 250, 132, 123, 212, 121, 140, 169, 36, 78, 196, 146, 25, 118, 232, 5, 28, 211, 220, 65, 112, 128, 45, 141, 119, 19, 32, 162, 92, 216, 69, 24, 218, 186, 54, 2, 76, 110, 241, 29, 56, 171, 14, 183, 147, 233, 182, 201, 103, 149, 81, 58, 246, 226, 82, 40, 17, 175, 159, 155, 114, 248, 251, 1, 125, 142, 74, 136, 197, 100, 133, 157, 109, 199, 94, 180, 198, 191, 80, 178, 16, 34, 234, 62, 12, 60, 48, 23, 27, 71, 85, 148, 124, 206, 168, 88, 225, 30, 22, 61, 165, 205, 154, 173, 13, 249, 247, 83, 98, 153, 104, 57, 49, 84, 4, 10, 77, 21, 252, 51, 33, 95, 202, 99, 37, 184, 18, 190, 195, 7, 138, 127, 134, 253, 236, 111, 174, 223, 55, 106, 113, 105, 26, 41, 15, 

Нелінійність  = 94 

Алгебраїчний імунітет  = 3 

Дельта-рівномірність  = 12 

Лінійна збитковість = 0 



242, 201, 159, 34, 75, 78, 207, 185, 225, 116, 94, 1, 140, 86, 232, 93, 209, 131, 165, 69, 177, 246, 194, 99, 171, 228, 70, 154, 199, 189, 80, 60, 250, 182, 144, 151, 241, 87, 100, 4, 183, 23, 252, 253, 25, 3, 179, 126, 68, 134, 195, 90, 218, 27, 57, 190, 222, 149, 143, 6, 184, 192, 198, 238, 55, 239, 114, 81, 254, 89, 36, 14, 37, 33, 56, 135, 213, 148, 203, 217, 124, 2, 88, 216, 113, 233, 255, 101, 146, 43, 142, 103, 188, 73, 175, 191, 123, 46, 84, 173, 247, 202, 214, 102, 138, 51, 166, 109, 119, 64, 145, 115, 244, 107, 163, 150, 193, 18, 221, 0, 136, 160, 17, 155, 62, 40, 223, 117, 49, 83, 229, 13, 118, 147, 54, 132, 7, 245, 226, 227, 63, 12, 161, 208, 9, 24, 121, 156, 48, 237, 157, 112, 235, 204, 15, 104, 71, 176, 67, 215, 219, 95, 120, 168, 79, 110, 251, 169, 22, 44, 122, 231, 197, 58, 76, 230, 139, 137, 97, 59, 128, 74, 186, 248, 11, 162, 66, 111, 133, 52, 19, 29, 42, 236, 98, 39, 10, 172, 181, 240, 45, 105, 206, 61, 16, 65, 85, 130, 205, 92, 47, 125, 167, 153, 180, 50, 243, 174, 127, 41, 234, 249, 152, 106, 28, 96, 196, 108, 38, 129, 5, 170, 26, 77, 178, 82, 31, 32, 20, 210, 21, 141, 91, 8, 158, 187, 72, 164, 211, 53, 35, 220, 30, 200, 224, 212, 

Нелінійність  = 94 

Алгебраїчний імунітет  = 3 

Дельта-рівномірність  = 12 

Лінійна збитковість = 0 



36, 6, 51, 87, 76, 66, 125, 175, 225, 16, 49, 89, 247, 194, 188, 150, 3, 58, 63, 177, 38, 132, 114, 1, 111, 31, 143, 253, 227, 13, 12, 29, 28, 219, 64, 232, 151, 186, 251, 85, 223, 160, 74, 72, 195, 235, 67, 122, 236, 33, 81, 165, 19, 147, 70, 202, 4, 61, 62, 106, 27, 196, 146, 211, 220, 35, 11, 228, 238, 39, 141, 233, 245, 96, 104, 166, 102, 119, 84, 207, 2, 252, 152, 97, 213, 130, 206, 210, 42, 168, 229, 139, 145, 116, 65, 173, 198, 82, 189, 0, 22, 95, 158, 155, 17, 10, 249, 79, 204, 201, 199, 57, 164, 90, 78, 52, 161, 86, 113, 23, 112, 124, 120, 191, 69, 154, 163, 107, 24, 243, 240, 234, 55, 75, 73, 230, 94, 44, 80, 41, 212, 242, 178, 208, 8, 254, 48, 46, 169, 108, 200, 21, 56, 100, 83, 77, 255, 231, 214, 172, 18, 126, 117, 53, 221, 99, 118, 131, 237, 135, 226, 246, 93, 129, 50, 241, 71, 179, 176, 149, 30, 88, 148, 115, 98, 37, 26, 123, 203, 47, 162, 174, 9, 68, 224, 205, 127, 187, 54, 218, 171, 183, 197, 244, 20, 209, 217, 105, 25, 140, 193, 133, 91, 159, 239, 43, 7, 136, 59, 153, 110, 128, 103, 34, 181, 222, 144, 5, 101, 45, 134, 248, 137, 156, 15, 190, 170, 192, 92, 215, 185, 167, 184, 109, 60, 40, 216, 14, 182, 138, 121, 180, 32, 142, 250, 157, 

Нелінійність  = 94 

Алгебраїчний імунітет  = 3 

Дельта-рівномірність  = 12 

Лінійна збитковість = 0 



12, 144, 226, 5, 219, 223, 153, 91, 123, 41, 157, 34, 88, 224, 242, 90, 33, 58, 169, 8, 93, 234, 250, 213, 21, 200, 134, 243, 211, 70, 163, 113, 237, 103, 148, 133, 229, 61, 16, 120, 177, 106, 85, 78, 7, 104, 68, 149, 164, 119, 62, 218, 239, 126, 43, 154, 208, 110, 1, 35, 69, 109, 80, 75, 215, 150, 190, 246, 94, 130, 4, 135, 131, 227, 195, 183, 189, 221, 249, 49, 132, 184, 182, 25, 115, 203, 225, 186, 102, 77, 99, 151, 29, 178, 165, 67, 238, 17, 152, 13, 92, 121, 19, 2, 156, 254, 52, 6, 205, 11, 56, 192, 158, 112, 82, 42, 108, 45, 240, 170, 0, 199, 247, 155, 63, 47, 217, 84, 187, 36, 81, 105, 139, 117, 162, 216, 87, 101, 138, 147, 54, 209, 214, 31, 51, 24, 74, 20, 181, 168, 185, 196, 201, 244, 10, 22, 116, 253, 176, 245, 76, 100, 23, 141, 37, 38, 194, 179, 172, 86, 48, 66, 235, 122, 175, 125, 193, 9, 248, 72, 241, 159, 191, 129, 46, 204, 136, 124, 89, 40, 231, 228, 251, 173, 230, 27, 26, 65, 59, 188, 128, 167, 50, 143, 15, 255, 53, 160, 98, 83, 79, 232, 14, 161, 252, 146, 202, 44, 3, 180, 28, 137, 95, 145, 60, 140, 30, 206, 212, 111, 142, 198, 222, 127, 96, 236, 55, 97, 57, 18, 171, 71, 174, 107, 64, 210, 118, 39, 166, 32, 233, 197, 73, 220, 207, 114, 

Нелінійність  = 94 

Алгебраїчний імунітет  = 3 

Дельта-рівномірність  = 12 

Лінійна збитковість = 0 



20, 181, 101, 143, 105, 6, 53, 91, 171, 141, 197, 116, 209, 80, 39, 34, 155, 137, 16, 126, 30, 252, 212, 254, 247, 11, 133, 58, 230, 54, 189, 232, 136, 188, 246, 198, 81, 127, 35, 123, 206, 222, 32, 203, 14, 115, 166, 220, 190, 3, 221, 38, 77, 170, 211, 227, 8, 70, 29, 69, 47, 158, 62, 153, 240, 46, 179, 139, 83, 18, 44, 142, 121, 67, 98, 37, 201, 151, 235, 79, 52, 219, 238, 89, 103, 120, 85, 112, 241, 244, 56, 117, 73, 27, 180, 4, 19, 88, 36, 97, 164, 66, 145, 165, 163, 17, 194, 5, 132, 186, 43, 111, 192, 86, 202, 13, 223, 144, 159, 93, 216, 191, 106, 156, 218, 182, 231, 76, 25, 75, 87, 168, 92, 108, 55, 21, 122, 217, 100, 104, 95, 175, 102, 96, 178, 84, 57, 161, 49, 176, 187, 210, 242, 177, 12, 233, 174, 41, 128, 224, 237, 78, 65, 42, 26, 245, 167, 234, 135, 82, 68, 249, 236, 64, 150, 131, 226, 138, 113, 119, 149, 40, 124, 173, 130, 118, 94, 59, 146, 24, 50, 250, 114, 110, 134, 2, 195, 33, 157, 185, 225, 243, 99, 10, 71, 61, 204, 147, 154, 22, 229, 193, 28, 228, 109, 72, 253, 251, 31, 184, 51, 160, 125, 48, 1, 214, 248, 162, 74, 152, 140, 196, 129, 199, 0, 9, 45, 208, 60, 215, 107, 23, 207, 205, 200, 239, 7, 213, 255, 63, 169, 148, 172, 90, 15, 183, 

Нелінійність  = 94 

Алгебраїчний імунітет  = 3 

Дельта-рівномірність  = 12 

Лінійна збитковість = 0 



241, 187, 173, 86, 78, 40, 4, 146, 44, 120, 239, 52, 248, 20, 219, 181, 199, 124, 214, 10, 224, 227, 14, 100, 61, 97, 83, 41, 37, 101, 3, 110, 175, 194, 115, 80, 30, 131, 159, 99, 67, 22, 166, 223, 165, 56, 123, 244, 1, 128, 79, 92, 151, 202, 24, 246, 191, 138, 155, 74, 249, 113, 148, 143, 45, 242, 38, 174, 228, 28, 0, 172, 133, 104, 53, 232, 39, 65, 217, 50, 90, 54, 203, 48, 176, 117, 200, 171, 107, 225, 71, 137, 250, 91, 35, 19, 82, 149, 220, 46, 55, 12, 153, 141, 192, 87, 230, 139, 98, 127, 103, 66, 29, 69, 6, 13, 93, 177, 26, 156, 126, 58, 129, 142, 198, 9, 235, 27, 130, 15, 21, 251, 119, 51, 112, 253, 161, 105, 108, 5, 70, 72, 42, 252, 140, 7, 89, 25, 23, 8, 122, 109, 36, 184, 95, 168, 136, 96, 207, 68, 215, 247, 43, 238, 81, 255, 193, 216, 170, 152, 243, 162, 60, 160, 164, 205, 2, 237, 254, 77, 212, 118, 111, 229, 17, 188, 116, 64, 121, 204, 221, 234, 190, 145, 157, 167, 132, 178, 18, 197, 31, 231, 195, 94, 222, 213, 210, 206, 150, 63, 134, 144, 245, 59, 186, 189, 218, 201, 88, 125, 208, 33, 236, 84, 185, 76, 226, 102, 62, 180, 47, 11, 49, 182, 179, 163, 158, 147, 135, 114, 240, 196, 211, 233, 85, 16, 106, 34, 154, 73, 169, 209, 183, 57, 75, 32, 

Нелінійність  = 94 

Алгебраїчний імунітет  = 3 

Дельта-рівномірність  = 12 

Лінійна збитковість = 0 



98, 10, 5, 215, 1, 58, 210, 82, 0, 237, 64, 226, 77, 181, 62, 166, 186, 32, 37, 89, 122, 150, 4, 184, 135, 218, 160, 126, 209, 198, 203, 146, 188, 53, 171, 223, 88, 151, 60, 80, 38, 123, 153, 162, 157, 113, 36, 178, 230, 54, 213, 254, 189, 79, 222, 234, 202, 228, 86, 190, 21, 242, 248, 208, 217, 121, 165, 103, 27, 250, 199, 167, 152, 105, 65, 195, 57, 129, 76, 90, 229, 112, 127, 139, 47, 196, 232, 182, 94, 158, 92, 173, 59, 69, 204, 187, 193, 145, 172, 252, 81, 16, 23, 71, 44, 101, 236, 6, 84, 128, 169, 2, 28, 168, 118, 35, 19, 132, 241, 251, 212, 42, 52, 201, 227, 15, 61, 31, 148, 174, 176, 245, 175, 191, 238, 163, 51, 114, 161, 134, 49, 14, 225, 39, 30, 8, 115, 131, 255, 179, 116, 87, 170, 24, 130, 102, 117, 142, 104, 177, 106, 133, 147, 211, 149, 108, 141, 156, 140, 143, 99, 91, 33, 34, 72, 26, 120, 144, 13, 235, 185, 224, 207, 97, 70, 246, 124, 50, 221, 66, 29, 17, 67, 253, 25, 155, 68, 180, 119, 125, 216, 46, 96, 154, 220, 12, 164, 45, 200, 244, 138, 240, 7, 83, 95, 78, 197, 48, 243, 233, 110, 239, 74, 43, 136, 73, 9, 219, 111, 75, 22, 85, 41, 231, 40, 206, 183, 247, 249, 93, 205, 63, 194, 192, 55, 107, 109, 137, 18, 3, 20, 11, 100, 159, 214, 56, 

Нелінійність  = 94 

Алгебраїчний імунітет  = 3 

Дельта-рівномірність  = 10 

Лінійна збитковість = 0 



234, 237, 33, 212, 185, 115, 93, 71, 174, 80, 48, 186, 117, 105, 156, 144, 211, 160, 129, 196, 173, 168, 50, 4, 242, 158, 73, 194, 236, 238, 112, 21, 188, 18, 81, 103, 40, 55, 157, 75, 26, 82, 39, 83, 183, 88, 215, 45, 86, 222, 145, 241, 10, 42, 8, 46, 195, 17, 213, 243, 65, 58, 44, 206, 132, 137, 14, 139, 170, 198, 87, 19, 219, 128, 124, 95, 72, 61, 231, 190, 200, 29, 94, 224, 254, 106, 159, 36, 53, 37, 98, 79, 97, 41, 111, 255, 131, 138, 120, 154, 0, 24, 223, 177, 116, 133, 47, 104, 99, 165, 163, 101, 147, 172, 1, 161, 204, 143, 153, 76, 141, 230, 152, 92, 63, 205, 203, 240, 23, 6, 247, 2, 110, 134, 31, 135, 169, 175, 248, 218, 249, 192, 233, 246, 13, 12, 155, 162, 180, 108, 150, 146, 167, 35, 123, 78, 221, 245, 34, 96, 51, 216, 90, 142, 118, 136, 59, 5, 25, 227, 52, 151, 208, 202, 148, 62, 119, 130, 64, 114, 43, 251, 68, 100, 113, 179, 57, 182, 122, 3, 187, 229, 199, 176, 9, 28, 121, 70, 49, 77, 15, 54, 220, 89, 244, 166, 239, 225, 217, 32, 85, 20, 232, 91, 16, 27, 11, 164, 74, 207, 84, 250, 7, 109, 189, 102, 171, 140, 127, 125, 235, 226, 30, 209, 107, 69, 193, 252, 22, 66, 38, 126, 67, 181, 201, 184, 197, 191, 178, 210, 56, 228, 149, 214, 253, 60, 

Нелінійність  = 94 

Алгебраїчний імунітет  = 3 

Дельта-рівномірність  = 10 

Лінійна збитковість = 0 



10, 38, 15, 73, 29, 60, 212, 95, 150, 24, 105, 149, 3, 103, 205, 187, 159, 31, 176, 111, 107, 94, 34, 74, 96, 225, 90, 175, 99, 181, 186, 130, 20, 217, 35, 147, 86, 53, 151, 67, 156, 45, 43, 240, 219, 138, 92, 144, 231, 246, 5, 188, 6, 108, 145, 110, 203, 199, 81, 152, 235, 126, 157, 223, 161, 61, 0, 132, 30, 113, 206, 66, 251, 68, 169, 55, 127, 1, 213, 80, 208, 196, 85, 134, 82, 84, 4, 204, 27, 119, 177, 155, 182, 57, 131, 136, 172, 28, 164, 77, 242, 21, 167, 41, 109, 220, 71, 26, 171, 248, 89, 120, 230, 253, 123, 238, 178, 124, 16, 215, 207, 154, 195, 228, 247, 141, 254, 62, 91, 170, 183, 18, 229, 140, 255, 39, 209, 76, 180, 125, 168, 160, 244, 37, 211, 87, 232, 58, 198, 97, 22, 8, 189, 112, 190, 42, 237, 158, 51, 201, 115, 192, 101, 13, 226, 143, 40, 185, 214, 49, 241, 184, 165, 200, 33, 56, 25, 224, 139, 63, 17, 46, 129, 162, 210, 2, 19, 221, 250, 191, 32, 116, 166, 44, 233, 252, 12, 117, 7, 146, 236, 100, 197, 227, 133, 75, 163, 70, 239, 88, 202, 153, 234, 78, 64, 222, 79, 72, 243, 36, 83, 93, 194, 118, 23, 216, 137, 69, 142, 114, 14, 102, 106, 122, 52, 245, 65, 98, 50, 47, 59, 54, 174, 148, 249, 135, 11, 48, 193, 173, 121, 179, 128, 218, 104, 9, 

Нелінійність  = 94 

Алгебраїчний імунітет  = 3 

Дельта-рівномірність  = 12 

Лінійна збитковість = 0 



157, 217, 49, 151, 172, 40, 214, 203, 179, 65, 226, 91, 5, 6, 90, 155, 197, 20, 198, 9, 16, 22, 190, 254, 232, 244, 209, 113, 183, 180, 69, 131, 143, 2, 124, 165, 229, 50, 111, 251, 85, 240, 123, 33, 82, 149, 213, 71, 32, 44, 225, 27, 26, 106, 8, 118, 252, 47, 99, 176, 119, 247, 175, 223, 241, 236, 100, 182, 56, 10, 78, 248, 58, 196, 12, 83, 239, 60, 200, 122, 237, 81, 129, 142, 64, 17, 103, 73, 253, 249, 156, 3, 67, 29, 185, 101, 39, 147, 105, 57, 199, 204, 153, 141, 37, 51, 163, 192, 7, 222, 169, 144, 43, 205, 114, 13, 23, 112, 211, 11, 19, 186, 25, 187, 189, 242, 48, 218, 92, 110, 104, 135, 219, 14, 68, 167, 235, 138, 161, 128, 177, 184, 77, 158, 24, 230, 93, 134, 255, 59, 108, 250, 1, 97, 30, 201, 66, 70, 0, 228, 160, 146, 139, 188, 220, 193, 76, 74, 35, 125, 96, 89, 137, 136, 233, 55, 84, 54, 215, 80, 221, 86, 117, 150, 216, 94, 246, 191, 102, 194, 168, 120, 98, 4, 234, 63, 130, 72, 245, 52, 195, 75, 127, 15, 28, 126, 109, 178, 38, 154, 206, 42, 115, 243, 133, 210, 174, 132, 107, 87, 212, 53, 46, 238, 171, 79, 231, 164, 18, 166, 148, 202, 34, 173, 224, 162, 61, 181, 36, 207, 116, 159, 145, 208, 88, 62, 21, 121, 31, 227, 95, 170, 45, 140, 41, 152, 

Нелінійність  = 94 

Алгебраїчний імунітет  = 3 

Дельта-рівномірність  = 10 

Лінійна збитковість = 0 



124, 46, 221, 51, 81, 147, 92, 232, 65, 151, 211, 168, 230, 234, 185, 126, 252, 77, 32, 144, 39, 141, 56, 238, 134, 128, 75, 242, 201, 98, 189, 197, 224, 85, 178, 118, 90, 191, 107, 91, 237, 174, 131, 218, 207, 22, 74, 188, 120, 132, 12, 196, 42, 149, 161, 180, 7, 203, 246, 152, 36, 68, 61, 228, 29, 111, 169, 73, 143, 157, 2, 217, 105, 173, 202, 170, 249, 186, 33, 5, 162, 64, 215, 165, 67, 76, 193, 55, 209, 60, 41, 47, 138, 52, 13, 121, 119, 94, 35, 30, 83, 250, 45, 192, 63, 100, 34, 15, 112, 179, 166, 20, 140, 175, 104, 177, 190, 21, 231, 159, 206, 160, 225, 236, 117, 251, 110, 156, 122, 176, 130, 139, 208, 84, 108, 6, 204, 38, 16, 53, 248, 78, 23, 66, 80, 88, 148, 86, 158, 31, 72, 49, 220, 62, 102, 153, 227, 43, 28, 233, 101, 27, 40, 99, 8, 213, 235, 82, 187, 183, 205, 1, 95, 54, 59, 57, 167, 199, 184, 115, 4, 137, 145, 243, 240, 244, 25, 44, 89, 200, 229, 19, 216, 123, 106, 239, 48, 103, 142, 114, 58, 163, 223, 154, 146, 195, 17, 18, 79, 171, 133, 0, 113, 241, 127, 96, 129, 135, 24, 214, 71, 37, 70, 198, 181, 182, 255, 212, 245, 226, 116, 155, 150, 10, 194, 87, 247, 11, 93, 172, 219, 9, 69, 222, 210, 97, 3, 125, 254, 136, 50, 26, 164, 109, 14, 253, 

Нелінійність  = 94 

Алгебраїчний імунітет  = 3 

Дельта-рівномірність  = 12 

Лінійна збитковість = 0 



91, 85, 140, 155, 206, 116, 176, 191, 212, 240, 92, 49, 232, 152, 160, 248, 58, 62, 103, 234, 133, 158, 235, 25, 164, 52, 120, 130, 225, 27, 95, 149, 254, 76, 151, 202, 213, 199, 93, 79, 71, 172, 146, 203, 11, 239, 82, 209, 31, 102, 226, 66, 187, 33, 138, 9, 107, 63, 219, 3, 117, 64, 192, 144, 37, 8, 184, 129, 48, 109, 180, 55, 231, 195, 230, 119, 252, 10, 121, 38, 28, 124, 135, 250, 170, 89, 83, 29, 7, 251, 249, 21, 157, 105, 30, 77, 198, 227, 169, 132, 19, 148, 106, 54, 24, 36, 166, 86, 137, 228, 115, 45, 57, 40, 100, 111, 221, 88, 104, 159, 139, 196, 242, 94, 41, 128, 34, 150, 238, 12, 87, 186, 69, 210, 127, 53, 126, 20, 153, 125, 17, 178, 142, 2, 114, 6, 200, 171, 216, 181, 241, 0, 59, 208, 73, 179, 13, 15, 145, 72, 136, 243, 233, 118, 123, 174, 190, 215, 156, 167, 154, 96, 185, 60, 90, 80, 207, 218, 39, 70, 162, 237, 173, 182, 211, 18, 97, 74, 197, 42, 101, 23, 67, 110, 26, 143, 175, 51, 4, 131, 161, 84, 44, 99, 50, 244, 35, 147, 68, 65, 247, 46, 16, 245, 177, 217, 246, 165, 163, 222, 188, 224, 229, 78, 141, 223, 134, 168, 112, 205, 201, 204, 253, 5, 56, 183, 32, 113, 75, 98, 1, 81, 61, 122, 193, 236, 194, 43, 22, 47, 108, 14, 214, 189, 255, 220, 

Нелінійність  = 94 

Алгебраїчний імунітет  = 3 

Дельта-рівномірність  = 12 

Лінійна збитковість = 0 



43, 243, 182, 142, 238, 157, 162, 115, 45, 107, 122, 73, 114, 187, 21, 229, 143, 174, 208, 52, 36, 156, 62, 227, 81, 169, 55, 134, 147, 218, 100, 192, 254, 199, 160, 28, 217, 190, 54, 214, 211, 16, 239, 99, 184, 51, 97, 76, 242, 237, 230, 26, 171, 154, 219, 248, 200, 82, 117, 118, 180, 80, 47, 236, 140, 106, 137, 196, 144, 150, 204, 7, 120, 191, 252, 32, 138, 198, 105, 232, 193, 234, 98, 12, 205, 183, 65, 123, 139, 185, 70, 220, 72, 166, 50, 225, 6, 89, 11, 132, 101, 163, 79, 146, 38, 251, 57, 108, 152, 213, 41, 88, 66, 170, 31, 188, 53, 33, 241, 202, 84, 34, 240, 46, 9, 1, 96, 124, 27, 207, 56, 44, 93, 197, 203, 177, 247, 20, 245, 226, 13, 129, 116, 87, 75, 155, 91, 15, 68, 14, 186, 148, 63, 24, 181, 92, 212, 167, 2, 223, 179, 10, 133, 176, 244, 175, 145, 215, 127, 25, 0, 195, 194, 135, 109, 69, 30, 249, 3, 60, 22, 29, 126, 42, 165, 222, 94, 178, 158, 40, 67, 161, 19, 61, 103, 209, 35, 104, 250, 74, 141, 71, 164, 228, 210, 64, 253, 85, 131, 5, 125, 113, 231, 149, 168, 206, 23, 58, 153, 221, 86, 189, 37, 128, 130, 8, 201, 78, 119, 233, 224, 246, 59, 39, 172, 110, 151, 111, 18, 17, 49, 102, 235, 48, 95, 90, 77, 159, 255, 4, 173, 112, 136, 121, 216, 83, 

Нелінійність  = 94 

Алгебраїчний імунітет  = 3 

Дельта-рівномірність  = 10 

Лінійна збитковість = 0 



23, 180, 102, 143, 109, 9, 55, 94, 168, 138, 195, 115, 211, 84, 43, 37, 157, 137, 21, 126, 36, 248, 209, 254, 246, 17, 134, 62, 229, 57, 188, 231, 0, 190, 244, 194, 81, 32, 41, 34, 202, 221, 38, 205, 12, 118, 163, 215, 186, 22, 217, 8, 76, 170, 206, 226, 165, 69, 158, 74, 52, 155, 66, 153, 234, 49, 176, 42, 82, 142, 46, 236, 120, 67, 95, 40, 197, 154, 242, 178, 53, 219, 232, 93, 73, 124, 88, 112, 238, 243, 60, 116, 121, 29, 89, 10, 24, 92, 20, 220, 162, 59, 122, 90, 161, 146, 189, 97, 131, 183, 47, 113, 139, 227, 199, 11, 54, 145, 50, 98, 216, 191, 85, 239, 213, 184, 127, 80, 30, 177, 86, 208, 224, 110, 56, 182, 252, 203, 101, 103, 96, 173, 100, 204, 175, 1, 58, 201, 240, 230, 87, 144, 105, 179, 107, 228, 140, 129, 125, 104, 237, 78, 65, 39, 28, 128, 164, 172, 192, 245, 71, 132, 5, 3, 193, 19, 233, 150, 25, 119, 149, 45, 123, 152, 130, 108, 185, 64, 196, 27, 51, 200, 255, 111, 156, 4, 251, 72, 15, 167, 166, 225, 181, 198, 31, 106, 136, 147, 18, 2, 171, 250, 99, 223, 241, 117, 249, 63, 33, 218, 14, 114, 160, 214, 7, 70, 207, 159, 75, 48, 141, 222, 148, 174, 133, 16, 212, 44, 91, 235, 6, 187, 253, 169, 79, 13, 83, 210, 135, 77, 68, 151, 61, 26, 247, 35, 

Нелінійність  = 94 

Алгебраїчний імунітет  = 3 

Дельта-рівномірність  = 10 

Лінійна збитковість = 0 



204, 237, 193, 250, 179, 201, 167, 80, 144, 65, 242, 49, 164, 251, 221, 226, 23, 92, 84, 225, 15, 32, 180, 177, 189, 73, 218, 37, 93, 217, 152, 146, 38, 169, 252, 190, 122, 229, 173, 153, 209, 57, 155, 124, 103, 112, 194, 163, 135, 142, 97, 115, 24, 196, 105, 191, 160, 83, 39, 156, 67, 17, 18, 213, 77, 243, 178, 44, 247, 102, 30, 50, 3, 197, 71, 183, 75, 136, 74, 139, 129, 141, 182, 241, 68, 138, 20, 59, 10, 22, 55, 111, 123, 131, 28, 246, 132, 232, 202, 82, 56, 143, 88, 29, 233, 168, 231, 159, 96, 181, 9, 187, 127, 16, 208, 14, 107, 110, 219, 90, 5, 238, 42, 236, 212, 51, 8, 117, 108, 31, 192, 52, 25, 4, 100, 254, 66, 162, 240, 69, 46, 95, 35, 235, 79, 188, 40, 244, 133, 48, 63, 6, 211, 7, 157, 104, 106, 199, 12, 151, 87, 94, 206, 54, 158, 61, 166, 203, 76, 114, 161, 45, 70, 19, 175, 200, 43, 214, 222, 207, 195, 27, 126, 64, 1, 245, 186, 98, 119, 148, 33, 216, 137, 2, 130, 154, 58, 128, 198, 118, 145, 62, 109, 220, 41, 205, 89, 60, 149, 239, 185, 13, 140, 165, 121, 125, 47, 230, 215, 34, 172, 91, 116, 120, 184, 11, 248, 36, 171, 223, 234, 101, 249, 228, 21, 170, 113, 72, 253, 227, 255, 0, 134, 99, 210, 86, 85, 81, 176, 53, 78, 174, 26, 147, 150, 224, 

Нелінійність  = 94 

Алгебраїчний імунітет  = 3 

Дельта-рівномірність  = 10 

Лінійна збитковість = 0 



Час виконання: 121.465000 секунд

Блок з необхідними параметрами знайдено

Кількість виконаних ітерацій = 2 
_______________________________________________________________________________________________
