
Початкове число ітерацій = 10
N = 10
PSO S-boxes:
99, 124, 119, 123, 242, 107, 111, 197, 48, 1, 103, 43, 254, 215, 171, 118, 202, 130, 201, 125, 250, 89, 71, 240, 173, 212, 162, 175, 156, 164, 114, 192, 183, 253, 147, 38, 54, 63, 247, 204, 52, 165, 229, 241, 113, 216, 49, 21, 4, 199, 35, 195, 24, 150, 5, 154, 7, 18, 128, 226, 235, 39, 178, 117, 9, 131, 44, 26, 27, 110, 90, 160, 82, 59, 214, 179, 41, 227, 47, 132, 83, 209, 0, 237, 32, 252, 177, 91, 106, 203, 190, 57, 74, 76, 88, 207, 208, 239, 170, 251, 67, 77, 51, 133, 69, 249, 2, 127, 80, 60, 159, 168, 81, 163, 64, 143, 146, 157, 56, 245, 188, 182, 218, 33, 16, 255, 243, 210, 205, 12, 19, 236, 95, 151, 68, 23, 196, 167, 126, 61, 100, 93, 25, 115, 96, 129, 79, 220, 34, 42, 144, 136, 70, 238, 184, 20, 222, 94, 11, 219, 224, 50, 58, 10, 73, 6, 36, 92, 194, 211, 172, 98, 145, 149, 228, 121, 231, 200, 55, 109, 141, 213, 78, 169, 108, 86, 244, 234, 101, 122, 174, 8, 186, 120, 37, 46, 28, 166, 180, 198, 232, 221, 116, 31, 75, 189, 139, 138, 112, 62, 181, 102, 72, 3, 246, 14, 97, 53, 87, 185, 134, 193, 29, 158, 225, 248, 152, 17, 105, 217, 142, 148, 155, 30, 135, 233, 206, 85, 40, 223, 140, 161, 137, 13, 191, 230, 66, 104, 65, 153, 45, 15, 176, 84, 187, 22, 

Нелінійність  = 112 

Алгебраїчний імунітет  = 2 

Дельта-рівномірність  = 4 

Лінійна збитковість = 255 



99, 124, 119, 123, 242, 107, 111, 197, 48, 1, 103, 43, 254, 215, 171, 118, 202, 130, 201, 125, 250, 89, 71, 240, 173, 212, 162, 175, 156, 164, 114, 192, 183, 253, 147, 38, 54, 63, 204, 247, 52, 165, 229, 241, 113, 216, 49, 21, 4, 199, 35, 195, 24, 150, 5, 154, 7, 18, 128, 226, 235, 39, 178, 117, 9, 131, 44, 26, 27, 110, 90, 160, 82, 59, 214, 179, 41, 227, 47, 132, 83, 209, 0, 237, 32, 252, 177, 91, 106, 203, 190, 57, 74, 76, 88, 207, 208, 239, 170, 251, 67, 77, 51, 133, 69, 249, 2, 127, 80, 60, 159, 168, 81, 163, 64, 143, 146, 157, 56, 245, 188, 182, 218, 33, 16, 255, 243, 210, 205, 12, 19, 236, 95, 151, 68, 23, 196, 167, 126, 61, 100, 93, 25, 115, 96, 129, 79, 220, 34, 42, 144, 136, 70, 238, 184, 20, 222, 94, 11, 219, 224, 50, 58, 10, 73, 6, 36, 92, 194, 211, 172, 98, 145, 149, 228, 121, 231, 200, 55, 109, 141, 213, 78, 169, 108, 86, 244, 234, 101, 122, 174, 8, 186, 120, 37, 46, 28, 166, 180, 198, 232, 221, 116, 31, 75, 189, 139, 138, 112, 62, 181, 102, 72, 3, 246, 14, 97, 53, 87, 185, 134, 193, 29, 158, 225, 248, 152, 17, 105, 217, 142, 148, 155, 30, 135, 233, 206, 85, 40, 223, 140, 161, 137, 13, 191, 230, 66, 104, 65, 153, 45, 15, 176, 84, 187, 22, 

Нелінійність  = 110 

Алгебраїчний імунітет  = 2 

Дельта-рівномірність  = 6 

Лінійна збитковість = 126 



99, 124, 119, 123, 242, 107, 111, 202, 80, 1, 103, 43, 254, 215, 171, 118, 197, 235, 201, 92, 250, 89, 71, 240, 173, 212, 224, 175, 156, 164, 114, 192, 183, 253, 48, 38, 54, 14, 63, 19, 52, 165, 229, 241, 113, 216, 49, 142, 145, 199, 35, 195, 24, 150, 5, 154, 7, 18, 128, 226, 130, 39, 178, 117, 9, 131, 44, 26, 27, 110, 90, 160, 82, 59, 214, 179, 41, 227, 47, 132, 83, 209, 86, 237, 32, 252, 177, 91, 106, 203, 190, 57, 74, 76, 88, 207, 208, 239, 170, 251, 67, 77, 51, 133, 69, 249, 2, 127, 147, 60, 159, 168, 81, 163, 64, 143, 146, 157, 56, 245, 188, 182, 218, 33, 16, 255, 243, 210, 205, 12, 0, 236, 95, 151, 68, 23, 196, 167, 126, 61, 100, 93, 25, 115, 96, 129, 79, 220, 34, 42, 144, 136, 70, 238, 184, 20, 222, 94, 11, 219, 84, 50, 58, 10, 73, 6, 36, 125, 194, 211, 172, 98, 4, 149, 228, 121, 231, 200, 55, 109, 141, 213, 78, 169, 108, 29, 244, 234, 101, 122, 174, 8, 186, 120, 37, 46, 28, 166, 180, 198, 232, 221, 116, 31, 75, 189, 139, 138, 112, 62, 181, 102, 72, 3, 246, 30, 97, 53, 87, 185, 134, 193, 66, 158, 225, 248, 152, 17, 105, 217, 21, 148, 155, 206, 135, 233, 85, 15, 40, 223, 140, 161, 137, 13, 191, 230, 45, 104, 65, 153, 187, 162, 176, 204, 247, 22, 

Нелінійність  = 102 

Алгебраїчний імунітет  = 3 

Дельта-рівномірність  = 8 

Лінійна збитковість = 0 



99, 124, 119, 123, 242, 107, 57, 201, 130, 1, 103, 43, 254, 72, 171, 112, 202, 48, 129, 125, 250, 89, 71, 240, 173, 212, 162, 21, 156, 44, 114, 192, 105, 253, 147, 38, 54, 31, 227, 225, 52, 187, 229, 249, 113, 216, 217, 175, 4, 199, 35, 195, 24, 150, 5, 154, 7, 18, 128, 226, 235, 39, 178, 117, 9, 131, 164, 26, 27, 110, 90, 160, 82, 59, 214, 179, 41, 70, 47, 132, 83, 209, 0, 237, 32, 252, 177, 91, 165, 203, 190, 111, 74, 76, 88, 207, 208, 239, 170, 251, 67, 77, 51, 133, 69, 241, 2, 127, 80, 60, 159, 168, 81, 163, 64, 143, 146, 157, 56, 245, 188, 182, 218, 33, 16, 255, 243, 210, 205, 12, 19, 236, 95, 151, 68, 23, 196, 167, 126, 61, 100, 93, 25, 115, 96, 197, 79, 220, 34, 42, 144, 136, 248, 238, 184, 20, 222, 94, 11, 219, 224, 50, 58, 10, 73, 6, 36, 92, 194, 211, 172, 98, 145, 149, 228, 121, 231, 200, 55, 109, 141, 213, 78, 169, 108, 86, 244, 234, 101, 122, 174, 8, 186, 120, 37, 46, 28, 166, 180, 198, 232, 221, 116, 63, 75, 189, 139, 138, 118, 62, 181, 102, 215, 3, 246, 14, 97, 53, 87, 185, 134, 193, 29, 158, 104, 140, 152, 17, 183, 49, 142, 148, 155, 30, 135, 233, 206, 85, 40, 223, 66, 161, 137, 13, 191, 230, 45, 15, 65, 153, 247, 176, 84, 22, 106, 204, 

Нелінійність  = 100 

Алгебраїчний імунітет  = 3 

Дельта-рівномірність  = 8 

Лінійна збитковість = 0 



124, 114, 38, 109, 204, 50, 127, 224, 88, 180, 218, 193, 177, 19, 99, 6, 243, 67, 186, 40, 71, 171, 182, 229, 68, 39, 15, 69, 58, 137, 165, 24, 2, 52, 76, 132, 176, 104, 192, 163, 179, 141, 53, 5, 78, 129, 85, 239, 30, 12, 89, 17, 161, 236, 153, 22, 106, 207, 148, 251, 205, 135, 11, 41, 201, 216, 228, 155, 54, 7, 57, 209, 147, 188, 73, 126, 113, 136, 36, 253, 250, 172, 245, 142, 121, 144, 122, 101, 60, 44, 173, 34, 8, 134, 32, 167, 26, 219, 200, 42, 111, 232, 35, 79, 138, 25, 194, 93, 159, 125, 254, 131, 202, 174, 28, 16, 237, 154, 184, 51, 117, 102, 181, 18, 70, 87, 81, 59, 105, 143, 98, 244, 220, 164, 46, 115, 120, 77, 190, 110, 191, 9, 158, 187, 169, 90, 63, 91, 82, 65, 168, 246, 157, 199, 33, 248, 45, 156, 112, 183, 203, 170, 234, 146, 149, 133, 107, 196, 226, 31, 252, 49, 175, 233, 61, 10, 208, 75, 108, 66, 145, 151, 198, 130, 240, 1, 152, 116, 74, 119, 103, 249, 20, 211, 195, 242, 197, 227, 13, 72, 206, 221, 166, 55, 27, 97, 213, 255, 37, 56, 185, 0, 235, 223, 94, 95, 47, 222, 118, 189, 212, 247, 14, 100, 238, 64, 214, 92, 162, 83, 84, 178, 62, 160, 215, 230, 21, 80, 3, 150, 29, 86, 96, 217, 48, 43, 128, 241, 4, 123, 231, 139, 210, 140, 23, 225, 

Нелінійність  = 96 

Алгебраїчний імунітет  = 3 

Дельта-рівномірність  = 10 

Лінійна збитковість = 0 



97, 130, 132, 126, 236, 102, 121, 182, 61, 10, 113, 48, 244, 209, 173, 109, 194, 125, 193, 221, 228, 92, 87, 239, 175, 203, 168, 165, 146, 156, 110, 187, 181, 253, 137, 44, 71, 69, 248, 206, 56, 151, 222, 64, 120, 63, 49, 41, 27, 247, 35, 178, 24, 142, 25, 155, 108, 19, 127, 226, 235, 45, 86, 118, 20, 143, 52, 29, 28, 255, 101, 148, 79, 76, 80, 170, 50, 214, 54, 201, 99, 205, 18, 225, 30, 245, 180, 88, 95, 191, 78, 153, 81, 70, 154, 198, 190, 229, 91, 238, 160, 112, 55, 139, 254, 227, 2, 241, 77, 75, 157, 12, 116, 167, 67, 65, 152, 122, 66, 243, 188, 237, 103, 47, 213, 105, 176, 13, 196, 73, 26, 134, 159, 3, 4, 207, 197, 223, 135, 220, 68, 106, 38, 107, 93, 11, 85, 147, 83, 57, 145, 34, 183, 232, 215, 115, 43, 161, 166, 163, 219, 23, 202, 15, 230, 96, 208, 192, 218, 9, 172, 119, 149, 200, 174, 124, 240, 246, 104, 40, 189, 144, 128, 164, 7, 84, 36, 204, 186, 177, 171, 94, 82, 114, 14, 53, 158, 129, 60, 252, 242, 184, 1, 33, 162, 100, 141, 133, 98, 58, 140, 234, 224, 16, 195, 231, 59, 51, 233, 250, 90, 72, 123, 131, 211, 150, 212, 37, 74, 210, 89, 179, 249, 185, 111, 17, 39, 6, 251, 46, 22, 136, 138, 32, 216, 5, 21, 31, 0, 169, 62, 199, 8, 117, 42, 217, 

Нелінійність  = 96 

Алгебраїчний імунітет  = 3 

Дельта-рівномірність  = 12 

Лінійна збитковість = 0 



10, 38, 15, 73, 29, 60, 212, 95, 150, 24, 105, 149, 3, 103, 205, 187, 159, 31, 176, 111, 107, 94, 34, 74, 96, 225, 90, 175, 99, 181, 186, 130, 20, 217, 35, 147, 86, 53, 151, 67, 156, 45, 43, 240, 219, 138, 92, 144, 231, 246, 5, 188, 6, 108, 145, 110, 203, 199, 81, 152, 235, 126, 157, 223, 161, 61, 0, 132, 30, 113, 206, 66, 251, 68, 169, 55, 127, 1, 213, 80, 208, 196, 85, 134, 82, 84, 4, 204, 27, 119, 177, 155, 182, 57, 131, 136, 172, 28, 164, 77, 242, 21, 167, 41, 109, 220, 71, 26, 171, 248, 89, 120, 230, 253, 123, 238, 178, 124, 16, 215, 207, 154, 195, 228, 247, 141, 254, 62, 91, 170, 183, 18, 229, 140, 255, 39, 209, 76, 180, 125, 168, 160, 244, 37, 211, 87, 232, 58, 198, 97, 22, 8, 189, 112, 190, 42, 237, 158, 51, 201, 115, 192, 101, 13, 226, 143, 40, 185, 214, 49, 241, 184, 165, 200, 33, 56, 25, 224, 139, 63, 17, 46, 129, 162, 210, 2, 19, 221, 250, 191, 32, 116, 166, 44, 233, 252, 12, 117, 7, 146, 236, 100, 197, 227, 133, 75, 163, 70, 239, 88, 202, 153, 234, 78, 64, 222, 79, 72, 243, 36, 83, 93, 194, 118, 23, 216, 137, 69, 142, 114, 14, 102, 106, 122, 52, 245, 65, 98, 50, 47, 59, 54, 174, 148, 249, 135, 11, 48, 193, 173, 121, 179, 128, 218, 104, 9, 

Нелінійність  = 94 

Алгебраїчний імунітет  = 3 

Дельта-рівномірність  = 12 

Лінійна збитковість = 0 



157, 217, 49, 151, 172, 40, 214, 203, 179, 65, 226, 91, 5, 6, 90, 155, 197, 20, 198, 9, 16, 22, 190, 254, 232, 244, 209, 113, 183, 180, 69, 131, 143, 2, 124, 165, 229, 50, 111, 251, 85, 240, 123, 33, 82, 149, 213, 71, 32, 44, 225, 27, 26, 106, 8, 118, 252, 47, 99, 176, 119, 247, 175, 223, 241, 236, 100, 182, 56, 10, 78, 248, 58, 196, 12, 83, 239, 60, 200, 122, 237, 81, 129, 142, 64, 17, 103, 73, 253, 249, 156, 3, 67, 29, 185, 101, 39, 147, 105, 57, 199, 204, 153, 141, 37, 51, 163, 192, 7, 222, 169, 144, 43, 205, 114, 13, 23, 112, 211, 11, 19, 186, 25, 187, 189, 242, 48, 218, 92, 110, 104, 135, 219, 14, 68, 167, 235, 138, 161, 128, 177, 184, 77, 158, 24, 230, 93, 134, 255, 59, 108, 250, 1, 97, 30, 201, 66, 70, 0, 228, 160, 146, 139, 188, 220, 193, 76, 74, 35, 125, 96, 89, 137, 136, 233, 55, 84, 54, 215, 80, 221, 86, 117, 150, 216, 94, 246, 191, 102, 194, 168, 120, 98, 4, 234, 63, 130, 72, 245, 52, 195, 75, 127, 15, 28, 126, 109, 178, 38, 154, 206, 42, 115, 243, 133, 210, 174, 132, 107, 87, 212, 53, 46, 238, 171, 79, 231, 164, 18, 166, 148, 202, 34, 173, 224, 162, 61, 181, 36, 207, 116, 159, 145, 208, 88, 62, 21, 121, 31, 227, 95, 170, 45, 140, 41, 152, 

Нелінійність  = 94 

Алгебраїчний імунітет  = 3 

Дельта-рівномірність  = 10 

Лінійна збитковість = 0 



242, 201, 159, 34, 75, 78, 207, 185, 225, 116, 94, 1, 140, 86, 232, 93, 209, 131, 165, 69, 177, 246, 194, 99, 171, 228, 70, 154, 199, 189, 80, 60, 250, 182, 144, 151, 241, 87, 100, 4, 183, 23, 252, 253, 25, 3, 179, 126, 68, 134, 195, 90, 218, 27, 57, 190, 222, 149, 143, 6, 184, 192, 198, 238, 55, 239, 114, 81, 254, 89, 36, 14, 37, 33, 56, 135, 213, 148, 203, 217, 124, 2, 88, 216, 113, 233, 255, 101, 146, 43, 142, 103, 188, 73, 175, 191, 123, 46, 84, 173, 247, 202, 214, 102, 138, 51, 166, 109, 119, 64, 145, 115, 244, 107, 163, 150, 193, 18, 221, 0, 136, 160, 17, 155, 62, 40, 223, 117, 49, 83, 229, 13, 118, 147, 54, 132, 7, 245, 226, 227, 63, 12, 161, 208, 9, 24, 121, 156, 48, 237, 157, 112, 235, 204, 15, 104, 71, 176, 67, 215, 219, 95, 120, 168, 79, 110, 251, 169, 22, 44, 122, 231, 197, 58, 76, 230, 139, 137, 97, 59, 128, 74, 186, 248, 11, 162, 66, 111, 133, 52, 19, 29, 42, 236, 98, 39, 10, 172, 181, 240, 45, 105, 206, 61, 16, 65, 85, 130, 205, 92, 47, 125, 167, 153, 180, 50, 243, 174, 127, 41, 234, 249, 152, 106, 28, 96, 196, 108, 38, 129, 5, 170, 26, 77, 178, 82, 31, 32, 20, 210, 21, 141, 91, 8, 158, 187, 72, 164, 211, 53, 35, 220, 30, 200, 224, 212, 

Нелінійність  = 94 

Алгебраїчний імунітет  = 3 

Дельта-рівномірність  = 12 

Лінійна збитковість = 0 



102, 124, 112, 122, 239, 92, 113, 200, 52, 18, 114, 57, 247, 198, 165, 108, 206, 125, 77, 118, 234, 97, 82, 134, 164, 197, 149, 166, 148, 162, 119, 177, 167, 235, 141, 47, 66, 67, 242, 201, 64, 163, 213, 220, 110, 209, 53, 42, 7, 182, 40, 179, 37, 158, 19, 142, 17, 36, 130, 229, 233, 48, 184, 111, 27, 139, 61, 38, 30, 101, 87, 65, 88, 71, 202, 175, 196, 219, 46, 144, 99, 171, 23, 169, 41, 243, 172, 210, 127, 189, 246, 55, 68, 131, 83, 204, 192, 238, 173, 232, 72, 250, 50, 129, 76, 154, 20, 212, 185, 2, 168, 70, 93, 59, 216, 132, 155, 157, 79, 228, 230, 248, 215, 32, 21, 240, 43, 4, 16, 25, 190, 237, 107, 153, 231, 100, 63, 159, 181, 255, 109, 86, 94, 170, 103, 126, 78, 31, 39, 45, 147, 251, 95, 187, 137, 254, 245, 0, 91, 73, 223, 62, 75, 140, 80, 98, 207, 193, 205, 195, 180, 24, 178, 208, 58, 241, 106, 214, 60, 44, 56, 1, 90, 136, 121, 176, 236, 224, 218, 34, 105, 104, 150, 81, 135, 74, 194, 188, 89, 143, 211, 221, 244, 227, 85, 12, 146, 183, 138, 186, 51, 84, 13, 191, 14, 22, 33, 69, 11, 49, 9, 8, 28, 252, 29, 96, 151, 35, 161, 26, 174, 116, 10, 225, 203, 222, 152, 5, 128, 217, 156, 115, 117, 253, 145, 199, 3, 226, 160, 120, 6, 249, 123, 15, 133, 54, 

Нелінійність  = 94 

Алгебраїчний імунітет  = 3 

Дельта-рівномірність  = 12 

Лінійна збитковість = 0 



Час виконання: 47.740000 секунд

Блок з необхідними параметрами знайдено

Кількість виконаних ітерацій = 3 
_______________________________________________________________________________________________
