
Початкове число ітерацій = 50
N = 20
PSO S-boxes:
99, 124, 119, 123, 242, 107, 111, 197, 48, 1, 103, 43, 254, 215, 171, 118, 202, 130, 201, 125, 250, 89, 71, 240, 173, 212, 162, 175, 156, 164, 114, 192, 183, 253, 147, 38, 54, 63, 247, 204, 52, 165, 229, 241, 113, 216, 49, 21, 4, 199, 35, 195, 24, 150, 5, 154, 7, 18, 128, 226, 235, 39, 178, 117, 9, 131, 44, 26, 27, 110, 90, 160, 82, 59, 214, 179, 41, 227, 47, 132, 83, 209, 0, 237, 32, 252, 177, 91, 106, 203, 190, 57, 74, 76, 88, 207, 208, 239, 170, 251, 67, 77, 51, 133, 69, 249, 2, 127, 80, 60, 159, 168, 81, 163, 64, 143, 146, 157, 56, 245, 188, 182, 218, 33, 16, 255, 243, 210, 205, 12, 19, 236, 95, 151, 68, 23, 196, 167, 126, 61, 100, 93, 25, 115, 96, 129, 79, 220, 34, 42, 144, 136, 70, 238, 184, 20, 222, 94, 11, 219, 224, 50, 58, 10, 73, 6, 36, 92, 194, 211, 172, 98, 145, 149, 228, 121, 231, 200, 55, 109, 141, 213, 78, 169, 108, 86, 244, 234, 101, 122, 174, 8, 186, 120, 37, 46, 28, 166, 180, 198, 232, 221, 116, 31, 75, 189, 139, 138, 112, 62, 181, 102, 72, 3, 246, 14, 97, 53, 87, 185, 134, 193, 29, 158, 225, 248, 152, 17, 105, 217, 142, 148, 155, 30, 135, 233, 206, 85, 40, 223, 140, 161, 137, 13, 191, 230, 66, 104, 65, 153, 45, 15, 176, 84, 187, 22, 

Нелінійність  = 112 

Алгебраїчний імунітет  = 2 

Дельта-рівномірність  = 4 

Лінійна збитковість = 255 



99, 124, 119, 123, 242, 107, 111, 197, 48, 1, 103, 43, 254, 215, 171, 118, 202, 130, 201, 125, 250, 89, 71, 240, 173, 212, 162, 175, 156, 164, 114, 192, 183, 253, 147, 38, 54, 63, 204, 247, 52, 165, 229, 241, 113, 216, 49, 21, 4, 199, 35, 195, 24, 150, 5, 154, 7, 18, 128, 226, 235, 39, 178, 117, 9, 131, 44, 26, 27, 110, 90, 160, 82, 59, 214, 179, 41, 227, 47, 132, 83, 209, 0, 237, 32, 252, 177, 91, 106, 203, 190, 57, 74, 76, 88, 207, 208, 239, 170, 251, 67, 77, 51, 133, 69, 249, 2, 127, 80, 60, 159, 168, 81, 163, 64, 143, 146, 157, 56, 245, 188, 182, 218, 33, 16, 255, 243, 210, 205, 12, 19, 236, 95, 151, 68, 23, 196, 167, 126, 61, 100, 93, 25, 115, 96, 129, 79, 220, 34, 42, 144, 136, 70, 238, 184, 20, 222, 94, 11, 219, 224, 50, 58, 10, 73, 6, 36, 92, 194, 211, 172, 98, 145, 149, 228, 121, 231, 200, 55, 109, 141, 213, 78, 169, 108, 86, 244, 234, 101, 122, 174, 8, 186, 120, 37, 46, 28, 166, 180, 198, 232, 221, 116, 31, 75, 189, 139, 138, 112, 62, 181, 102, 72, 3, 246, 14, 97, 53, 87, 185, 134, 193, 29, 158, 225, 248, 152, 17, 105, 217, 142, 148, 155, 30, 135, 233, 206, 85, 40, 223, 140, 161, 137, 13, 191, 230, 66, 104, 65, 153, 45, 15, 176, 84, 187, 22, 

Нелінійність  = 110 

Алгебраїчний імунітет  = 2 

Дельта-рівномірність  = 6 

Лінійна збитковість = 126 



99, 124, 119, 123, 242, 107, 57, 201, 130, 1, 103, 43, 254, 72, 171, 112, 202, 48, 129, 125, 250, 89, 71, 240, 173, 212, 162, 21, 156, 44, 114, 192, 105, 253, 147, 38, 54, 31, 219, 233, 52, 204, 229, 249, 113, 216, 217, 175, 4, 199, 35, 195, 24, 150, 5, 154, 7, 18, 128, 226, 235, 39, 178, 117, 9, 131, 164, 26, 27, 110, 90, 160, 82, 59, 214, 179, 41, 227, 47, 132, 83, 209, 0, 237, 32, 252, 177, 91, 165, 203, 190, 111, 74, 76, 88, 207, 208, 239, 170, 251, 67, 77, 51, 133, 69, 241, 2, 127, 80, 60, 159, 168, 81, 163, 64, 143, 146, 157, 56, 245, 188, 182, 218, 33, 16, 255, 243, 210, 205, 12, 19, 236, 95, 151, 68, 23, 196, 167, 126, 61, 100, 93, 25, 115, 96, 197, 79, 220, 34, 42, 144, 136, 70, 238, 184, 20, 222, 94, 11, 84, 224, 50, 58, 10, 73, 6, 36, 92, 194, 211, 172, 98, 145, 149, 228, 121, 231, 200, 55, 109, 141, 213, 78, 169, 108, 86, 244, 234, 101, 122, 174, 8, 186, 120, 37, 46, 28, 166, 180, 198, 232, 221, 116, 63, 75, 189, 139, 138, 118, 62, 181, 102, 215, 3, 246, 14, 97, 53, 87, 185, 134, 193, 29, 158, 225, 248, 152, 17, 183, 49, 142, 148, 155, 30, 135, 15, 206, 85, 40, 223, 140, 161, 137, 13, 191, 230, 66, 104, 65, 153, 45, 22, 176, 187, 106, 247, 

Нелінійність  = 102 

Алгебраїчний імунітет  = 3 

Дельта-рівномірність  = 10 

Лінійна збитковість = 0 



118, 23, 211, 58, 95, 83, 157, 66, 176, 88, 22, 120, 171, 154, 244, 147, 89, 179, 167, 131, 96, 212, 178, 227, 20, 219, 151, 123, 60, 136, 246, 133, 107, 63, 145, 78, 73, 137, 142, 2, 30, 84, 43, 214, 241, 191, 109, 48, 51, 186, 6, 153, 210, 59, 221, 55, 46, 80, 141, 27, 204, 231, 86, 72, 198, 65, 26, 207, 201, 44, 67, 183, 218, 248, 182, 9, 194, 126, 159, 41, 24, 94, 56, 135, 199, 18, 104, 206, 189, 139, 165, 249, 52, 166, 61, 164, 4, 28, 49, 103, 180, 192, 114, 85, 250, 50, 122, 32, 93, 138, 238, 197, 233, 111, 54, 230, 10, 8, 190, 193, 98, 236, 160, 39, 234, 62, 11, 29, 19, 25, 150, 127, 21, 188, 184, 132, 220, 226, 148, 242, 229, 213, 225, 116, 77, 110, 101, 36, 13, 173, 128, 14, 143, 203, 205, 92, 217, 155, 35, 115, 91, 228, 162, 53, 76, 33, 170, 40, 161, 202, 69, 1, 144, 251, 208, 181, 64, 169, 222, 232, 100, 247, 108, 47, 172, 17, 174, 140, 240, 124, 237, 3, 209, 5, 195, 90, 74, 99, 168, 243, 253, 134, 82, 163, 105, 97, 239, 187, 185, 7, 125, 149, 70, 235, 121, 255, 45, 113, 196, 245, 117, 224, 16, 254, 37, 129, 119, 106, 158, 112, 15, 38, 175, 42, 200, 130, 156, 146, 12, 252, 68, 34, 71, 57, 102, 79, 0, 223, 216, 215, 87, 152, 75, 177, 81, 31, 

Нелінійність  = 96 

Алгебраїчний імунітет  = 3 

Дельта-рівномірність  = 12 

Лінійна збитковість = 0 



118, 23, 211, 58, 95, 83, 157, 66, 176, 88, 22, 120, 171, 154, 244, 147, 89, 179, 167, 131, 96, 212, 178, 227, 20, 219, 151, 123, 60, 136, 246, 133, 107, 63, 145, 78, 73, 137, 142, 2, 30, 84, 43, 214, 241, 191, 109, 48, 51, 186, 6, 153, 210, 59, 221, 55, 46, 80, 141, 27, 204, 231, 86, 72, 198, 65, 26, 207, 201, 44, 67, 183, 218, 248, 182, 9, 194, 126, 159, 41, 24, 94, 56, 135, 199, 18, 104, 206, 189, 139, 165, 249, 52, 166, 61, 164, 4, 28, 49, 103, 180, 192, 114, 85, 250, 50, 122, 32, 93, 138, 238, 197, 233, 111, 54, 230, 10, 8, 190, 193, 98, 236, 160, 39, 234, 62, 11, 29, 19, 25, 150, 127, 21, 188, 184, 132, 220, 226, 148, 242, 229, 213, 225, 116, 77, 110, 101, 36, 13, 173, 128, 14, 143, 203, 205, 92, 217, 155, 35, 115, 91, 228, 162, 53, 76, 33, 170, 40, 161, 202, 69, 1, 144, 251, 208, 181, 64, 169, 222, 232, 100, 247, 108, 47, 172, 17, 174, 140, 240, 124, 237, 3, 209, 5, 195, 90, 74, 99, 168, 243, 253, 134, 82, 163, 105, 97, 239, 187, 185, 7, 125, 149, 70, 235, 121, 255, 45, 113, 196, 245, 117, 224, 16, 254, 37, 129, 119, 106, 158, 112, 15, 38, 175, 42, 200, 130, 156, 146, 12, 252, 68, 34, 71, 57, 102, 79, 0, 223, 216, 215, 87, 152, 75, 177, 81, 31, 

Нелінійність  = 96 

Алгебраїчний імунітет  = 3 

Дельта-рівномірність  = 12 

Лінійна збитковість = 0 



122, 255, 133, 125, 241, 204, 218, 33, 145, 215, 1, 159, 200, 190, 76, 48, 211, 184, 178, 61, 68, 8, 172, 118, 222, 154, 84, 210, 193, 56, 105, 175, 127, 249, 53, 96, 207, 185, 247, 187, 34, 134, 35, 183, 129, 194, 166, 243, 179, 65, 46, 36, 81, 208, 192, 69, 113, 117, 149, 225, 83, 39, 132, 197, 90, 5, 119, 102, 167, 80, 253, 37, 18, 23, 6, 73, 77, 22, 227, 99, 108, 124, 63, 32, 94, 251, 97, 100, 11, 147, 162, 19, 0, 242, 152, 24, 245, 109, 173, 72, 177, 223, 51, 38, 135, 216, 142, 40, 202, 57, 75, 201, 199, 74, 236, 31, 136, 47, 110, 168, 219, 21, 114, 87, 244, 181, 254, 64, 146, 188, 2, 92, 42, 121, 186, 155, 115, 16, 9, 198, 232, 25, 66, 41, 174, 176, 62, 13, 189, 49, 101, 111, 137, 164, 230, 248, 98, 148, 156, 91, 220, 10, 59, 67, 214, 52, 7, 79, 126, 107, 213, 45, 93, 191, 171, 224, 206, 85, 158, 50, 238, 29, 106, 252, 229, 195, 180, 112, 240, 95, 234, 153, 237, 104, 26, 20, 239, 58, 89, 71, 70, 88, 169, 143, 161, 139, 203, 228, 123, 233, 120, 196, 27, 163, 205, 246, 151, 130, 128, 165, 60, 30, 209, 212, 141, 250, 157, 226, 4, 140, 217, 116, 170, 54, 103, 15, 235, 12, 182, 43, 150, 221, 14, 231, 17, 3, 138, 55, 78, 44, 86, 160, 28, 144, 131, 82, 

Нелінійність  = 96 

Алгебраїчний імунітет  = 3 

Дельта-рівномірність  = 14 

Лінійна збитковість = 0 



126, 133, 145, 157, 202, 175, 112, 116, 113, 84, 115, 123, 227, 148, 149, 23, 125, 108, 98, 176, 173, 88, 111, 224, 104, 250, 147, 171, 207, 186, 120, 144, 160, 232, 139, 72, 96, 118, 167, 198, 89, 168, 193, 184, 136, 66, 81, 31, 28, 127, 26, 195, 34, 13, 58, 191, 63, 162, 146, 180, 165, 85, 218, 82, 65, 122, 54, 117, 35, 5, 254, 226, 242, 76, 152, 20, 50, 150, 56, 137, 14, 204, 101, 22, 97, 158, 140, 131, 153, 164, 68, 2, 166, 119, 59, 163, 172, 11, 106, 183, 129, 240, 194, 192, 121, 86, 62, 231, 132, 69, 130, 209, 205, 199, 37, 208, 185, 217, 159, 215, 214, 234, 245, 47, 52, 36, 161, 7, 41, 141, 244, 103, 223, 61, 95, 0, 155, 174, 221, 8, 246, 93, 143, 24, 128, 210, 251, 200, 12, 40, 32, 235, 109, 48, 222, 100, 248, 211, 241, 4, 1, 79, 212, 57, 99, 49, 238, 253, 151, 188, 102, 107, 229, 181, 25, 94, 220, 64, 134, 189, 237, 135, 74, 249, 29, 38, 124, 201, 182, 142, 16, 114, 233, 46, 51, 177, 55, 170, 19, 105, 203, 156, 255, 73, 239, 44, 138, 206, 33, 110, 53, 216, 83, 60, 77, 92, 39, 67, 80, 243, 42, 27, 18, 17, 78, 45, 6, 169, 90, 187, 178, 179, 247, 219, 154, 75, 236, 91, 10, 15, 252, 196, 9, 213, 43, 190, 197, 71, 70, 3, 87, 228, 30, 21, 225, 230, 

Нелінійність  = 96 

Алгебраїчний імунітет  = 3 

Дельта-рівномірність  = 10 

Лінійна збитковість = 0 



242, 201, 159, 34, 75, 78, 207, 185, 225, 116, 94, 1, 140, 86, 232, 93, 209, 131, 165, 69, 177, 246, 194, 99, 171, 228, 70, 154, 199, 189, 80, 60, 250, 182, 144, 151, 241, 87, 100, 4, 183, 23, 252, 253, 25, 3, 179, 126, 68, 134, 195, 90, 218, 27, 57, 190, 222, 149, 143, 6, 184, 192, 198, 238, 55, 239, 114, 81, 254, 89, 36, 14, 37, 33, 56, 135, 213, 148, 203, 217, 124, 2, 88, 216, 113, 233, 255, 101, 146, 43, 142, 103, 188, 73, 175, 191, 123, 46, 84, 173, 247, 202, 214, 102, 138, 51, 166, 109, 119, 64, 145, 115, 244, 107, 163, 150, 193, 18, 221, 0, 136, 160, 17, 155, 62, 40, 223, 117, 49, 83, 229, 13, 118, 147, 54, 132, 7, 245, 226, 227, 63, 12, 161, 208, 9, 24, 121, 156, 48, 237, 157, 112, 235, 204, 15, 104, 71, 176, 67, 215, 219, 95, 120, 168, 79, 110, 251, 169, 22, 44, 122, 231, 197, 58, 76, 230, 139, 137, 97, 59, 128, 74, 186, 248, 11, 162, 66, 111, 133, 52, 19, 29, 42, 236, 98, 39, 10, 172, 181, 240, 45, 105, 206, 61, 16, 65, 85, 130, 205, 92, 47, 125, 167, 153, 180, 50, 243, 174, 127, 41, 234, 249, 152, 106, 28, 96, 196, 108, 38, 129, 5, 170, 26, 77, 178, 82, 31, 32, 20, 210, 21, 141, 91, 8, 158, 187, 72, 164, 211, 53, 35, 220, 30, 200, 224, 212, 

Нелінійність  = 94 

Алгебраїчний імунітет  = 3 

Дельта-рівномірність  = 12 

Лінійна збитковість = 0 



20, 181, 101, 143, 105, 6, 53, 91, 171, 141, 197, 116, 209, 80, 39, 34, 155, 137, 16, 126, 30, 252, 212, 254, 247, 11, 133, 58, 230, 54, 189, 232, 136, 188, 246, 198, 81, 127, 35, 123, 206, 222, 32, 203, 14, 115, 166, 220, 190, 3, 221, 38, 77, 170, 211, 227, 8, 70, 29, 69, 47, 158, 62, 153, 240, 46, 179, 139, 83, 18, 44, 142, 121, 67, 98, 37, 201, 151, 235, 79, 52, 219, 238, 89, 103, 120, 85, 112, 241, 244, 56, 117, 73, 27, 180, 4, 19, 88, 36, 97, 164, 66, 145, 165, 163, 17, 194, 5, 132, 186, 43, 111, 192, 86, 202, 13, 223, 144, 159, 93, 216, 191, 106, 156, 218, 182, 231, 76, 25, 75, 87, 168, 92, 108, 55, 21, 122, 217, 100, 104, 95, 175, 102, 96, 178, 84, 57, 161, 49, 176, 187, 210, 242, 177, 12, 233, 174, 41, 128, 224, 237, 78, 65, 42, 26, 245, 167, 234, 135, 82, 68, 249, 236, 64, 150, 131, 226, 138, 113, 119, 149, 40, 124, 173, 130, 118, 94, 59, 146, 24, 50, 250, 114, 110, 134, 2, 195, 33, 157, 185, 225, 243, 99, 10, 71, 61, 204, 147, 154, 22, 229, 193, 28, 228, 109, 72, 253, 251, 31, 184, 51, 160, 125, 48, 1, 214, 248, 162, 74, 152, 140, 196, 129, 199, 0, 9, 45, 208, 60, 215, 107, 23, 207, 205, 200, 239, 7, 213, 255, 63, 169, 148, 172, 90, 15, 183, 

Нелінійність  = 94 

Алгебраїчний імунітет  = 3 

Дельта-рівномірність  = 12 

Лінійна збитковість = 0 



242, 201, 159, 34, 75, 78, 207, 185, 225, 116, 94, 1, 140, 86, 232, 93, 209, 131, 165, 69, 177, 246, 194, 99, 171, 228, 70, 154, 199, 189, 80, 60, 250, 182, 144, 151, 241, 87, 100, 4, 183, 23, 252, 253, 25, 3, 179, 126, 68, 134, 195, 90, 218, 27, 57, 190, 222, 149, 143, 6, 184, 192, 198, 238, 55, 239, 114, 81, 254, 89, 36, 14, 37, 33, 56, 135, 213, 148, 203, 217, 124, 2, 88, 216, 113, 233, 255, 101, 146, 43, 142, 103, 188, 73, 175, 191, 123, 46, 84, 173, 247, 202, 214, 102, 138, 51, 166, 109, 119, 64, 145, 115, 244, 107, 163, 150, 193, 18, 221, 0, 136, 160, 17, 155, 62, 40, 223, 117, 49, 83, 229, 13, 118, 147, 54, 132, 7, 245, 226, 227, 63, 12, 161, 208, 9, 24, 121, 156, 48, 237, 157, 112, 235, 204, 15, 104, 71, 176, 67, 215, 219, 95, 120, 168, 79, 110, 251, 169, 22, 44, 122, 231, 197, 58, 76, 230, 139, 137, 97, 59, 128, 74, 186, 248, 11, 162, 66, 111, 133, 52, 19, 29, 42, 236, 98, 39, 10, 172, 181, 240, 45, 105, 206, 61, 16, 65, 85, 130, 205, 92, 47, 125, 167, 153, 180, 50, 243, 174, 127, 41, 234, 249, 152, 106, 28, 96, 196, 108, 38, 129, 5, 170, 26, 77, 178, 82, 31, 32, 20, 210, 21, 141, 91, 8, 158, 187, 72, 164, 211, 53, 35, 220, 30, 200, 224, 212, 

Нелінійність  = 94 

Алгебраїчний імунітет  = 3 

Дельта-рівномірність  = 12 

Лінійна збитковість = 0 



69, 244, 116, 111, 3, 103, 185, 23, 216, 245, 90, 109, 25, 40, 42, 123, 126, 195, 204, 98, 163, 136, 84, 179, 1, 171, 148, 2, 38, 24, 117, 133, 26, 101, 65, 141, 139, 212, 68, 151, 248, 88, 236, 27, 93, 249, 228, 102, 159, 36, 96, 156, 240, 153, 81, 30, 127, 11, 99, 7, 55, 22, 149, 132, 134, 253, 32, 54, 168, 189, 129, 79, 182, 235, 164, 178, 147, 251, 58, 5, 114, 144, 70, 130, 135, 246, 71, 143, 137, 237, 173, 217, 226, 78, 51, 176, 34, 86, 125, 121, 4, 115, 145, 44, 191, 29, 97, 82, 188, 234, 205, 175, 45, 158, 165, 140, 146, 231, 16, 124, 14, 64, 211, 110, 73, 243, 197, 154, 252, 128, 67, 160, 192, 169, 220, 207, 227, 186, 222, 13, 230, 198, 72, 17, 215, 74, 63, 170, 20, 118, 193, 181, 162, 172, 174, 105, 150, 37, 15, 43, 208, 120, 229, 187, 131, 41, 52, 138, 152, 21, 28, 89, 107, 0, 233, 242, 56, 255, 223, 196, 202, 241, 18, 201, 35, 19, 254, 48, 39, 180, 247, 104, 177, 76, 190, 166, 157, 8, 80, 225, 184, 250, 218, 94, 83, 206, 142, 9, 232, 12, 167, 203, 50, 77, 224, 53, 209, 33, 210, 200, 221, 91, 95, 60, 85, 87, 108, 61, 113, 183, 62, 155, 119, 59, 47, 75, 57, 46, 238, 100, 92, 106, 219, 194, 199, 10, 49, 239, 161, 213, 31, 66, 122, 214, 112, 6, 

Нелінійність  = 94 

Алгебраїчний імунітет  = 3 

Дельта-рівномірність  = 12 

Лінійна збитковість = 0 



117, 33, 203, 65, 110, 86, 153, 79, 164, 80, 30, 113, 180, 160, 237, 145, 100, 175, 171, 131, 111, 201, 168, 229, 35, 219, 143, 129, 70, 139, 234, 16, 115, 82, 146, 75, 72, 130, 48, 22, 54, 92, 62, 217, 21, 194, 104, 46, 47, 188, 9, 158, 192, 68, 166, 5, 43, 74, 140, 165, 208, 213, 95, 77, 205, 178, 28, 190, 185, 51, 55, 181, 122, 230, 186, 26, 105, 136, 149, 50, 118, 106, 182, 40, 183, 41, 112, 195, 231, 214, 121, 167, 52, 66, 64, 169, 24, 49, 61, 196, 170, 253, 108, 90, 233, 225, 243, 42, 4, 67, 197, 2, 39, 221, 235, 222, 159, 23, 177, 199, 107, 248, 58, 236, 254, 81, 34, 244, 38, 128, 138, 216, 29, 224, 173, 18, 218, 148, 7, 44, 200, 202, 206, 116, 157, 220, 99, 91, 78, 161, 242, 179, 57, 207, 45, 11, 147, 150, 14, 126, 114, 211, 152, 247, 76, 31, 88, 0, 71, 73, 226, 119, 174, 87, 210, 176, 133, 84, 155, 89, 83, 249, 223, 59, 252, 142, 53, 93, 227, 124, 125, 255, 132, 17, 245, 163, 25, 120, 15, 239, 251, 12, 36, 151, 103, 1, 13, 127, 215, 189, 19, 6, 97, 63, 134, 232, 69, 228, 98, 240, 109, 85, 162, 94, 56, 141, 123, 238, 20, 144, 184, 191, 250, 187, 137, 60, 156, 246, 96, 193, 10, 8, 135, 209, 241, 101, 172, 212, 32, 154, 102, 37, 27, 198, 3, 204, 

Нелінійність  = 94 

Алгебраїчний імунітет  = 3 

Дельта-рівномірність  = 10 

Лінійна збитковість = 0 



120, 243, 132, 125, 242, 195, 208, 49, 136, 160, 11, 148, 206, 193, 86, 55, 211, 179, 181, 68, 239, 16, 163, 130, 218, 189, 92, 207, 190, 67, 106, 177, 133, 250, 63, 91, 158, 174, 247, 34, 36, 138, 54, 30, 128, 197, 155, 222, 249, 79, 45, 52, 76, 203, 217, 78, 103, 108, 147, 226, 98, 39, 137, 113, 83, 18, 112, 95, 154, 152, 238, 172, 25, 27, 224, 84, 74, 42, 210, 124, 48, 200, 57, 5, 88, 252, 105, 100, 21, 153, 165, 23, 8, 233, 146, 33, 114, 122, 173, 90, 167, 209, 51, 231, 129, 220, 221, 143, 191, 58, 59, 198, 188, 107, 15, 99, 219, 7, 199, 176, 216, 37, 60, 82, 236, 119, 253, 104, 229, 171, 4, 235, 85, 246, 175, 194, 123, 31, 65, 185, 70, 32, 111, 126, 225, 213, 64, 22, 6, 118, 3, 47, 131, 89, 144, 93, 166, 212, 142, 121, 115, 14, 127, 62, 201, 61, 10, 81, 244, 169, 53, 186, 102, 187, 170, 215, 75, 97, 149, 56, 140, 151, 205, 241, 180, 94, 196, 73, 227, 157, 71, 139, 202, 183, 28, 162, 237, 69, 17, 9, 161, 101, 164, 184, 38, 234, 46, 192, 254, 117, 245, 248, 110, 214, 80, 96, 182, 223, 13, 72, 26, 1, 109, 20, 150, 230, 135, 43, 35, 87, 116, 145, 204, 159, 255, 19, 50, 232, 228, 240, 77, 2, 178, 141, 168, 40, 24, 12, 251, 156, 44, 66, 0, 29, 134, 41, 

Нелінійність  = 94 

Алгебраїчний імунітет  = 3 

Дельта-рівномірність  = 12 

Лінійна збитковість = 0 



229, 194, 156, 43, 92, 81, 198, 187, 208, 105, 95, 6, 152, 99, 227, 96, 209, 131, 169, 75, 185, 231, 183, 113, 172, 170, 79, 157, 195, 51, 84, 73, 244, 189, 145, 141, 223, 85, 115, 24, 171, 37, 250, 252, 34, 237, 167, 116, 62, 176, 180, 101, 200, 39, 52, 184, 202, 137, 142, 28, 125, 178, 197, 150, 251, 68, 108, 76, 232, 179, 42, 29, 254, 36, 72, 140, 98, 165, 188, 249, 121, 23, 80, 219, 106, 235, 248, 211, 143, 59, 147, 253, 177, 74, 19, 193, 132, 65, 93, 181, 230, 190, 199, 63, 44, 71, 151, 111, 100, 64, 204, 60, 9, 228, 154, 124, 222, 32, 205, 78, 182, 163, 5, 144, 58, 61, 225, 127, 82, 77, 238, 35, 158, 148, 56, 122, 26, 159, 217, 109, 67, 20, 13, 21, 18, 175, 117, 173, 47, 17, 112, 49, 126, 94, 206, 216, 86, 70, 246, 201, 220, 91, 114, 153, 7, 69, 104, 162, 241, 3, 45, 97, 192, 218, 90, 146, 87, 215, 212, 130, 15, 88, 234, 102, 83, 155, 2, 123, 120, 243, 27, 103, 134, 191, 118, 40, 12, 207, 236, 255, 166, 136, 196, 54, 22, 48, 107, 0, 226, 128, 203, 8, 4, 139, 25, 164, 89, 213, 133, 55, 50, 242, 245, 57, 186, 129, 239, 160, 53, 138, 135, 168, 33, 149, 174, 247, 119, 38, 210, 16, 46, 221, 14, 1, 10, 224, 240, 214, 41, 233, 110, 31, 66, 11, 30, 161, 

Нелінійність  = 94 

Алгебраїчний імунітет  = 3 

Дельта-рівномірність  = 10 

Лінійна збитковість = 0 



229, 194, 156, 43, 92, 81, 198, 187, 208, 105, 95, 6, 152, 99, 227, 96, 209, 131, 169, 75, 185, 231, 183, 113, 172, 53, 79, 157, 195, 197, 84, 73, 244, 189, 145, 141, 223, 85, 115, 24, 171, 37, 250, 252, 34, 233, 167, 116, 62, 111, 180, 101, 200, 39, 52, 254, 202, 137, 142, 28, 82, 178, 207, 76, 51, 44, 108, 65, 232, 41, 42, 29, 124, 36, 72, 140, 10, 13, 188, 35, 121, 23, 80, 219, 106, 235, 248, 98, 143, 59, 147, 184, 177, 74, 7, 193, 132, 251, 93, 181, 230, 190, 199, 148, 150, 71, 151, 210, 228, 64, 130, 155, 201, 239, 154, 213, 120, 32, 205, 214, 211, 163, 86, 144, 58, 61, 225, 127, 107, 77, 91, 22, 159, 16, 56, 122, 26, 238, 217, 253, 67, 20, 4, 3, 18, 126, 117, 45, 47, 70, 165, 112, 182, 69, 5, 192, 89, 221, 38, 216, 220, 30, 114, 153, 173, 100, 162, 125, 186, 25, 237, 78, 164, 1, 146, 240, 103, 123, 128, 2, 139, 88, 176, 241, 21, 90, 97, 249, 50, 54, 191, 27, 60, 57, 12, 40, 136, 161, 83, 236, 109, 11, 243, 0, 166, 46, 33, 14, 196, 9, 49, 68, 158, 203, 175, 138, 15, 55, 170, 226, 149, 104, 224, 174, 48, 63, 87, 134, 129, 255, 19, 168, 242, 204, 110, 245, 102, 234, 31, 212, 133, 218, 160, 246, 118, 135, 17, 66, 179, 206, 8, 94, 119, 222, 247, 215, 

Нелінійність  = 94 

Алгебраїчний імунітет  = 3 

Дельта-рівномірність  = 10 

Лінійна збитковість = 0 



163, 150, 130, 155, 133, 61, 160, 116, 21, 79, 74, 235, 143, 242, 45, 77, 66, 210, 103, 170, 176, 89, 127, 118, 169, 231, 87, 51, 72, 146, 241, 97, 90, 108, 156, 197, 98, 55, 57, 141, 64, 240, 207, 114, 58, 121, 37, 124, 198, 73, 67, 237, 119, 111, 208, 244, 218, 149, 35, 36, 34, 9, 193, 28, 22, 81, 71, 120, 189, 255, 115, 138, 250, 26, 213, 180, 142, 195, 105, 16, 194, 129, 172, 126, 93, 92, 222, 147, 206, 75, 31, 211, 40, 84, 191, 223, 221, 110, 179, 48, 212, 83, 11, 139, 122, 203, 136, 154, 53, 162, 148, 123, 19, 232, 32, 229, 82, 62, 204, 152, 190, 188, 249, 200, 100, 42, 135, 47, 44, 252, 236, 106, 192, 183, 216, 227, 68, 17, 187, 220, 59, 145, 50, 175, 224, 140, 70, 107, 23, 219, 254, 24, 3, 178, 196, 132, 201, 182, 63, 217, 86, 171, 137, 46, 1, 248, 209, 29, 151, 99, 205, 225, 159, 214, 117, 234, 65, 199, 4, 112, 104, 60, 38, 15, 128, 131, 33, 230, 202, 101, 94, 245, 14, 157, 78, 96, 177, 144, 5, 2, 69, 233, 18, 54, 174, 39, 173, 134, 102, 88, 226, 184, 41, 27, 91, 238, 186, 10, 253, 181, 166, 158, 76, 49, 80, 85, 13, 125, 95, 168, 7, 247, 8, 30, 56, 43, 12, 246, 215, 161, 164, 251, 20, 109, 25, 0, 167, 185, 52, 228, 6, 243, 165, 239, 113, 153, 

Нелінійність  = 94 

Алгебраїчний імунітет  = 3 

Дельта-рівномірність  = 12 

Лінійна збитковість = 0 



154, 173, 165, 195, 160, 210, 25, 222, 83, 177, 63, 155, 92, 150, 133, 24, 255, 57, 187, 40, 128, 131, 138, 59, 53, 139, 102, 19, 219, 212, 121, 75, 26, 35, 54, 58, 120, 252, 174, 158, 229, 245, 110, 251, 157, 242, 28, 213, 16, 241, 205, 41, 51, 156, 4, 151, 153, 179, 200, 194, 189, 203, 73, 152, 112, 14, 38, 8, 142, 81, 115, 20, 221, 13, 134, 39, 129, 149, 211, 105, 106, 208, 84, 72, 233, 184, 192, 124, 235, 163, 44, 141, 182, 166, 55, 123, 99, 5, 88, 48, 144, 27, 175, 87, 130, 140, 191, 253, 135, 21, 199, 85, 170, 49, 116, 97, 47, 117, 215, 34, 64, 69, 86, 217, 122, 89, 227, 137, 198, 204, 118, 79, 167, 68, 45, 10, 143, 78, 101, 218, 67, 82, 171, 23, 114, 22, 76, 183, 178, 42, 77, 248, 247, 66, 209, 169, 180, 238, 236, 111, 237, 207, 250, 206, 17, 246, 113, 119, 224, 145, 226, 93, 96, 234, 62, 214, 98, 36, 91, 71, 231, 108, 216, 52, 104, 193, 12, 60, 109, 18, 146, 43, 37, 32, 186, 201, 181, 232, 9, 127, 172, 225, 80, 202, 196, 188, 90, 125, 56, 46, 6, 230, 2, 11, 176, 0, 159, 50, 100, 243, 197, 29, 7, 3, 103, 239, 30, 61, 147, 1, 136, 164, 244, 70, 161, 223, 168, 107, 249, 94, 190, 15, 240, 254, 65, 31, 185, 33, 74, 95, 126, 148, 132, 220, 162, 228, 

Нелінійність  = 94 

Алгебраїчний імунітет  = 3 

Дельта-рівномірність  = 12 

Лінійна збитковість = 0 



163, 150, 130, 155, 133, 61, 160, 116, 21, 79, 74, 235, 143, 242, 45, 77, 203, 210, 103, 170, 186, 89, 127, 118, 169, 231, 149, 51, 72, 146, 241, 97, 90, 224, 156, 197, 98, 55, 50, 141, 64, 240, 207, 114, 58, 121, 36, 238, 110, 9, 108, 43, 178, 111, 208, 244, 218, 123, 35, 201, 173, 183, 193, 28, 8, 81, 32, 120, 189, 53, 115, 60, 18, 37, 68, 180, 205, 195, 105, 16, 194, 129, 172, 126, 88, 92, 206, 147, 113, 75, 31, 211, 40, 4, 191, 223, 221, 139, 29, 48, 228, 83, 213, 71, 122, 145, 136, 12, 14, 162, 196, 250, 19, 87, 66, 41, 166, 62, 204, 152, 112, 188, 249, 200, 100, 220, 56, 47, 34, 52, 176, 177, 82, 137, 216, 42, 46, 17, 187, 233, 117, 86, 151, 175, 236, 140, 70, 57, 179, 106, 154, 24, 181, 128, 65, 7, 251, 69, 217, 253, 67, 171, 80, 234, 49, 73, 192, 30, 165, 182, 93, 225, 159, 214, 94, 219, 184, 11, 254, 96, 104, 199, 227, 202, 148, 131, 158, 135, 142, 101, 252, 185, 222, 167, 78, 125, 10, 84, 232, 22, 44, 119, 20, 26, 102, 39, 153, 237, 209, 27, 134, 190, 157, 109, 164, 38, 2, 63, 239, 212, 226, 5, 91, 245, 248, 59, 124, 132, 54, 33, 255, 215, 3, 198, 144, 76, 161, 168, 229, 107, 247, 85, 230, 246, 243, 174, 13, 1, 25, 95, 0, 6, 23, 99, 15, 138, 

Нелінійність  = 94 

Алгебраїчний імунітет  = 3 

Дельта-рівномірність  = 10 

Лінійна збитковість = 0 



81, 47, 224, 133, 250, 195, 132, 0, 120, 97, 170, 74, 242, 29, 141, 220, 55, 104, 24, 159, 85, 109, 52, 222, 33, 221, 28, 211, 217, 57, 161, 108, 158, 255, 137, 142, 166, 83, 61, 98, 72, 215, 82, 110, 129, 214, 18, 48, 2, 38, 145, 189, 62, 226, 146, 168, 22, 227, 65, 78, 49, 77, 188, 53, 140, 115, 59, 191, 20, 54, 184, 234, 63, 100, 237, 128, 113, 121, 114, 87, 160, 119, 206, 130, 230, 37, 185, 66, 134, 126, 99, 84, 236, 103, 8, 187, 216, 150, 199, 143, 123, 30, 45, 167, 204, 23, 41, 79, 219, 16, 92, 107, 101, 173, 162, 213, 125, 135, 93, 163, 232, 169, 42, 89, 19, 196, 105, 50, 148, 31, 11, 197, 25, 17, 149, 27, 7, 198, 80, 179, 181, 171, 194, 207, 228, 200, 251, 26, 75, 223, 254, 117, 186, 71, 138, 136, 248, 88, 3, 102, 252, 131, 156, 67, 51, 174, 205, 60, 238, 165, 10, 86, 229, 212, 241, 36, 209, 154, 201, 6, 95, 172, 249, 111, 155, 183, 76, 124, 46, 178, 96, 40, 231, 153, 247, 15, 218, 9, 245, 208, 210, 177, 225, 5, 152, 112, 253, 32, 233, 34, 70, 193, 56, 14, 235, 244, 147, 58, 12, 21, 243, 94, 139, 35, 144, 44, 116, 122, 239, 240, 118, 176, 164, 64, 246, 91, 68, 180, 90, 151, 203, 175, 182, 73, 4, 192, 69, 43, 127, 1, 190, 39, 106, 202, 13, 157, 

Нелінійність  = 94 

Алгебраїчний імунітет  = 3 

Дельта-рівномірність  = 12 

Лінійна збитковість = 0 



133, 176, 60, 144, 45, 151, 80, 76, 107, 101, 42, 234, 149, 217, 118, 126, 94, 71, 28, 184, 173, 49, 165, 193, 90, 251, 200, 99, 170, 244, 63, 114, 116, 153, 124, 17, 55, 162, 203, 237, 68, 86, 226, 199, 185, 25, 127, 19, 104, 138, 39, 204, 4, 30, 8, 181, 119, 207, 198, 255, 224, 69, 222, 62, 37, 75, 130, 48, 21, 155, 38, 145, 148, 50, 85, 79, 12, 24, 33, 160, 64, 171, 105, 172, 102, 164, 95, 212, 157, 150, 96, 191, 209, 93, 177, 40, 34, 57, 70, 98, 140, 88, 113, 227, 202, 232, 91, 179, 221, 166, 146, 81, 228, 194, 134, 182, 240, 159, 196, 195, 3, 201, 239, 216, 61, 156, 103, 58, 44, 230, 7, 187, 137, 66, 59, 109, 56, 141, 32, 92, 161, 243, 158, 115, 16, 247, 205, 248, 35, 84, 169, 129, 117, 51, 2, 73, 46, 136, 83, 250, 142, 47, 233, 192, 167, 67, 174, 189, 15, 175, 52, 152, 143, 183, 87, 31, 218, 125, 82, 112, 74, 10, 18, 210, 214, 43, 120, 242, 139, 13, 238, 128, 231, 1, 108, 163, 132, 26, 131, 206, 5, 110, 213, 197, 219, 72, 121, 54, 23, 245, 249, 78, 6, 97, 236, 122, 65, 252, 220, 180, 215, 235, 223, 229, 188, 11, 9, 225, 14, 208, 154, 211, 77, 147, 123, 41, 254, 36, 253, 111, 89, 241, 168, 100, 135, 186, 246, 53, 27, 22, 190, 29, 20, 178, 106, 0, 

Нелінійність  = 94 

Алгебраїчний імунітет  = 3 

Дельта-рівномірність  = 10 

Лінійна збитковість = 0 



Час виконання: 61.741000 секунд

Блок з необхідними параметрами знайдено

Кількість виконаних ітерацій = 2 
_______________________________________________________________________________________________
