
Початкове число ітерацій = 50
N = 40
PSO S-boxes:
99, 124, 119, 123, 242, 107, 111, 197, 48, 1, 103, 43, 254, 215, 171, 118, 202, 130, 201, 125, 250, 89, 71, 240, 173, 212, 162, 175, 156, 164, 114, 192, 183, 253, 147, 38, 54, 63, 247, 204, 52, 165, 229, 241, 113, 216, 49, 21, 4, 199, 35, 195, 24, 150, 5, 154, 7, 18, 128, 226, 235, 39, 178, 117, 9, 131, 44, 26, 27, 110, 90, 160, 82, 59, 214, 179, 41, 227, 47, 132, 83, 209, 0, 237, 32, 252, 177, 91, 106, 203, 190, 57, 74, 76, 88, 207, 208, 239, 170, 251, 67, 77, 51, 133, 69, 249, 2, 127, 80, 60, 159, 168, 81, 163, 64, 143, 146, 157, 56, 245, 188, 182, 218, 33, 16, 255, 243, 210, 205, 12, 19, 236, 95, 151, 68, 23, 196, 167, 126, 61, 100, 93, 25, 115, 96, 129, 79, 220, 34, 42, 144, 136, 70, 238, 184, 20, 222, 94, 11, 219, 224, 50, 58, 10, 73, 6, 36, 92, 194, 211, 172, 98, 145, 149, 228, 121, 231, 200, 55, 109, 141, 213, 78, 169, 108, 86, 244, 234, 101, 122, 174, 8, 186, 120, 37, 46, 28, 166, 180, 198, 232, 221, 116, 31, 75, 189, 139, 138, 112, 62, 181, 102, 72, 3, 246, 14, 97, 53, 87, 185, 134, 193, 29, 158, 225, 248, 152, 17, 105, 217, 142, 148, 155, 30, 135, 233, 206, 85, 40, 223, 140, 161, 137, 13, 191, 230, 66, 104, 65, 153, 45, 15, 176, 84, 187, 22, 

Нелінійність  = 112 

Алгебраїчний імунітет  = 2 

Дельта-рівномірність  = 4 

Лінійна збитковість = 255 



99, 124, 119, 123, 242, 107, 111, 197, 48, 1, 103, 43, 254, 215, 171, 118, 202, 130, 201, 125, 250, 89, 71, 240, 173, 212, 162, 175, 156, 164, 114, 192, 183, 253, 147, 38, 54, 63, 204, 247, 52, 165, 229, 241, 113, 216, 49, 21, 4, 199, 35, 195, 24, 150, 5, 154, 7, 18, 128, 226, 235, 39, 178, 117, 9, 131, 44, 26, 27, 110, 90, 160, 82, 59, 214, 179, 41, 227, 47, 132, 83, 209, 0, 237, 32, 252, 177, 91, 106, 203, 190, 57, 74, 76, 88, 207, 208, 239, 170, 251, 67, 77, 51, 133, 69, 249, 2, 127, 80, 60, 159, 168, 81, 163, 64, 143, 146, 157, 56, 245, 188, 182, 218, 33, 16, 255, 243, 210, 205, 12, 19, 236, 95, 151, 68, 23, 196, 167, 126, 61, 100, 93, 25, 115, 96, 129, 79, 220, 34, 42, 144, 136, 70, 238, 184, 20, 222, 94, 11, 219, 224, 50, 58, 10, 73, 6, 36, 92, 194, 211, 172, 98, 145, 149, 228, 121, 231, 200, 55, 109, 141, 213, 78, 169, 108, 86, 244, 234, 101, 122, 174, 8, 186, 120, 37, 46, 28, 166, 180, 198, 232, 221, 116, 31, 75, 189, 139, 138, 112, 62, 181, 102, 72, 3, 246, 14, 97, 53, 87, 185, 134, 193, 29, 158, 225, 248, 152, 17, 105, 217, 142, 148, 155, 30, 135, 233, 206, 85, 40, 223, 140, 161, 137, 13, 191, 230, 66, 104, 65, 153, 45, 15, 176, 84, 187, 22, 

Нелінійність  = 110 

Алгебраїчний імунітет  = 2 

Дельта-рівномірність  = 6 

Лінійна збитковість = 126 



111, 124, 119, 123, 42, 147, 36, 197, 48, 121, 97, 43, 254, 1, 142, 118, 202, 130, 201, 89, 250, 125, 71, 240, 173, 212, 162, 175, 156, 164, 102, 192, 183, 253, 107, 38, 54, 63, 154, 77, 52, 165, 229, 241, 113, 216, 217, 21, 66, 199, 35, 195, 24, 150, 5, 193, 7, 18, 128, 226, 235, 39, 178, 117, 9, 131, 44, 26, 27, 110, 90, 160, 82, 59, 214, 179, 41, 227, 47, 132, 83, 209, 0, 237, 32, 252, 177, 91, 106, 203, 190, 57, 74, 76, 88, 207, 208, 239, 170, 251, 67, 171, 51, 133, 69, 249, 2, 127, 80, 60, 159, 168, 81, 163, 64, 143, 146, 157, 56, 245, 188, 182, 218, 33, 16, 255, 243, 210, 205, 12, 19, 236, 95, 151, 68, 23, 196, 167, 126, 61, 100, 93, 25, 115, 96, 129, 79, 220, 34, 242, 144, 136, 70, 238, 184, 20, 222, 94, 11, 219, 224, 50, 58, 10, 73, 6, 99, 92, 194, 211, 172, 98, 145, 149, 228, 215, 231, 200, 55, 109, 141, 213, 78, 169, 108, 86, 244, 234, 101, 122, 174, 8, 186, 120, 37, 46, 28, 166, 180, 198, 232, 221, 116, 31, 75, 189, 139, 138, 112, 62, 181, 114, 72, 3, 246, 14, 103, 53, 87, 185, 134, 140, 29, 158, 225, 248, 152, 17, 105, 49, 153, 148, 155, 30, 135, 233, 206, 85, 40, 223, 104, 161, 137, 13, 191, 230, 4, 247, 65, 187, 45, 15, 176, 84, 22, 204, 

Нелінійність  = 102 

Алгебраїчний імунітет  = 3 

Дельта-рівномірність  = 8 

Лінійна збитковість = 0 



99, 124, 119, 123, 242, 107, 57, 201, 130, 1, 103, 43, 254, 72, 171, 112, 202, 48, 129, 125, 250, 89, 71, 240, 173, 212, 162, 21, 156, 44, 114, 192, 105, 253, 147, 38, 54, 31, 9, 226, 52, 204, 229, 249, 113, 216, 217, 175, 4, 199, 35, 195, 24, 150, 5, 154, 7, 18, 128, 237, 235, 39, 178, 117, 73, 131, 164, 26, 27, 110, 90, 160, 82, 59, 214, 179, 41, 227, 47, 132, 83, 209, 0, 3, 32, 252, 177, 91, 165, 203, 190, 111, 74, 76, 88, 207, 208, 239, 170, 251, 67, 77, 51, 133, 69, 241, 2, 127, 80, 60, 159, 168, 81, 163, 64, 143, 146, 157, 56, 245, 188, 182, 218, 33, 16, 255, 243, 210, 205, 12, 19, 236, 95, 151, 68, 23, 196, 167, 126, 61, 100, 93, 25, 115, 96, 197, 79, 220, 34, 42, 144, 136, 70, 238, 184, 20, 222, 94, 11, 219, 224, 50, 58, 10, 65, 6, 36, 92, 194, 211, 172, 98, 145, 149, 228, 121, 231, 200, 55, 109, 141, 213, 78, 169, 108, 86, 244, 234, 101, 122, 174, 8, 186, 120, 37, 46, 28, 166, 180, 198, 232, 221, 116, 63, 75, 189, 139, 138, 118, 62, 181, 102, 215, 22, 246, 14, 97, 53, 87, 185, 134, 193, 29, 158, 225, 248, 152, 17, 183, 49, 142, 148, 155, 30, 135, 233, 206, 85, 40, 223, 140, 161, 137, 13, 191, 230, 66, 104, 153, 187, 45, 15, 176, 84, 106, 247, 

Нелінійність  = 100 

Алгебраїчний імунітет  = 3 

Дельта-рівномірність  = 8 

Лінійна збитковість = 0 



99, 124, 119, 123, 242, 107, 111, 202, 80, 1, 103, 43, 254, 215, 171, 118, 197, 235, 201, 92, 250, 89, 71, 240, 173, 212, 224, 175, 156, 164, 114, 192, 183, 253, 48, 38, 54, 18, 63, 19, 52, 165, 229, 241, 113, 216, 49, 142, 145, 199, 35, 195, 24, 150, 5, 154, 7, 31, 128, 226, 130, 39, 178, 117, 9, 131, 44, 26, 27, 110, 90, 160, 82, 59, 214, 179, 41, 227, 47, 132, 83, 209, 0, 237, 32, 252, 177, 91, 106, 203, 190, 57, 74, 76, 88, 207, 208, 239, 170, 251, 67, 77, 51, 133, 69, 249, 2, 127, 147, 60, 159, 168, 81, 163, 64, 143, 146, 157, 56, 245, 188, 182, 218, 135, 16, 255, 243, 210, 205, 12, 33, 236, 95, 151, 68, 23, 196, 167, 126, 61, 100, 93, 25, 115, 96, 129, 79, 220, 34, 42, 144, 136, 70, 238, 184, 20, 222, 94, 11, 219, 15, 50, 58, 10, 73, 6, 36, 125, 194, 211, 172, 98, 4, 149, 228, 121, 231, 200, 55, 109, 141, 213, 78, 169, 108, 86, 244, 234, 101, 122, 174, 8, 186, 120, 37, 46, 28, 166, 180, 198, 232, 221, 116, 97, 75, 189, 139, 138, 112, 62, 181, 102, 72, 3, 246, 14, 185, 53, 87, 148, 134, 193, 29, 158, 225, 248, 152, 17, 105, 217, 21, 233, 155, 30, 247, 66, 206, 85, 40, 223, 140, 161, 137, 13, 191, 230, 176, 104, 65, 153, 45, 162, 187, 84, 22, 204, 

Нелінійність  = 100 

Алгебраїчний імунітет  = 3 

Дельта-рівномірність  = 10 

Лінійна збитковість = 0 



99, 124, 119, 123, 242, 81, 57, 202, 48, 84, 103, 26, 254, 21, 171, 118, 197, 68, 201, 125, 250, 89, 34, 240, 173, 233, 162, 175, 156, 164, 114, 192, 105, 253, 230, 38, 54, 63, 95, 79, 52, 165, 229, 241, 113, 216, 49, 142, 209, 199, 35, 195, 24, 150, 5, 154, 7, 18, 128, 226, 235, 39, 178, 117, 9, 131, 44, 43, 27, 110, 90, 160, 82, 59, 214, 179, 41, 227, 47, 132, 83, 4, 0, 237, 32, 252, 177, 91, 106, 203, 190, 111, 74, 76, 88, 207, 208, 239, 170, 251, 67, 77, 51, 133, 69, 249, 2, 127, 80, 60, 159, 168, 107, 163, 64, 143, 146, 157, 56, 245, 188, 182, 218, 33, 16, 255, 243, 210, 205, 12, 19, 236, 155, 151, 130, 23, 196, 167, 126, 61, 100, 93, 25, 115, 96, 129, 17, 220, 71, 42, 144, 136, 70, 238, 184, 20, 222, 94, 11, 219, 224, 50, 58, 10, 73, 6, 36, 92, 194, 211, 172, 98, 145, 149, 228, 121, 231, 200, 55, 109, 141, 213, 78, 169, 108, 86, 244, 234, 101, 122, 174, 8, 186, 120, 37, 46, 28, 166, 180, 198, 232, 221, 116, 31, 75, 189, 139, 138, 112, 62, 181, 102, 72, 3, 246, 14, 97, 53, 87, 185, 134, 193, 29, 158, 225, 248, 152, 191, 183, 217, 215, 148, 187, 30, 135, 212, 206, 85, 40, 223, 140, 161, 137, 13, 66, 147, 176, 104, 65, 153, 45, 15, 247, 1, 204, 22, 

Нелінійність  = 100 

Алгебраїчний імунітет  = 3 

Дельта-рівномірність  = 10 

Лінійна збитковість = 0 



122, 124, 119, 123, 242, 107, 36, 197, 48, 1, 103, 155, 254, 215, 171, 186, 62, 130, 201, 125, 250, 89, 221, 240, 173, 212, 162, 175, 133, 164, 114, 192, 183, 253, 147, 38, 54, 63, 134, 241, 52, 165, 229, 141, 113, 4, 49, 21, 216, 199, 35, 195, 24, 150, 5, 154, 7, 18, 128, 226, 235, 39, 178, 117, 9, 131, 44, 26, 27, 110, 90, 160, 82, 59, 214, 179, 41, 227, 47, 132, 83, 209, 0, 237, 32, 252, 177, 91, 106, 203, 190, 57, 74, 76, 88, 207, 208, 239, 170, 251, 67, 77, 51, 156, 69, 249, 2, 127, 80, 60, 159, 168, 81, 163, 64, 143, 146, 157, 56, 245, 188, 182, 218, 33, 16, 255, 243, 210, 205, 12, 19, 236, 95, 151, 68, 23, 196, 167, 126, 61, 100, 93, 25, 115, 96, 129, 15, 220, 34, 42, 144, 136, 70, 238, 184, 20, 222, 94, 11, 219, 224, 50, 58, 10, 73, 6, 111, 92, 194, 211, 172, 98, 145, 149, 228, 121, 231, 200, 55, 109, 206, 213, 78, 169, 108, 86, 244, 234, 101, 99, 174, 8, 118, 120, 37, 46, 28, 166, 180, 198, 232, 71, 116, 31, 75, 189, 139, 138, 112, 202, 181, 102, 72, 3, 246, 14, 97, 53, 87, 185, 79, 193, 29, 158, 225, 248, 152, 17, 105, 217, 142, 148, 43, 30, 135, 233, 22, 85, 40, 223, 140, 161, 137, 13, 191, 230, 66, 104, 65, 153, 45, 176, 84, 204, 187, 247, 

Нелінійність  = 100 

Алгебраїчний імунітет  = 2 

Дельта-рівномірність  = 10 

Лінійна збитковість = 0 



99, 124, 119, 207, 242, 107, 57, 197, 192, 1, 103, 249, 254, 215, 126, 118, 202, 68, 201, 75, 250, 89, 71, 240, 173, 212, 162, 175, 156, 164, 102, 48, 178, 253, 147, 151, 234, 63, 16, 194, 52, 10, 229, 241, 113, 183, 217, 21, 4, 199, 35, 195, 24, 150, 5, 154, 7, 18, 128, 226, 235, 39, 216, 117, 9, 131, 44, 26, 27, 110, 90, 160, 82, 59, 214, 179, 41, 227, 47, 132, 83, 209, 0, 237, 32, 252, 177, 91, 106, 203, 190, 111, 74, 76, 88, 123, 208, 239, 170, 251, 67, 77, 51, 133, 69, 43, 2, 127, 80, 60, 159, 168, 81, 163, 64, 143, 146, 157, 56, 245, 188, 182, 218, 33, 53, 255, 243, 210, 205, 12, 19, 236, 95, 38, 130, 23, 196, 167, 171, 61, 100, 93, 25, 115, 96, 129, 79, 220, 34, 42, 144, 136, 70, 238, 184, 20, 222, 94, 11, 219, 224, 50, 58, 165, 73, 6, 36, 92, 14, 211, 172, 98, 145, 149, 228, 121, 231, 200, 55, 109, 141, 213, 78, 169, 108, 86, 244, 54, 101, 122, 174, 8, 186, 120, 37, 46, 28, 166, 180, 198, 232, 221, 116, 31, 125, 189, 139, 138, 112, 62, 181, 114, 72, 3, 246, 29, 97, 225, 87, 185, 134, 193, 206, 158, 65, 248, 152, 17, 105, 49, 142, 148, 155, 30, 135, 233, 40, 85, 153, 223, 140, 161, 137, 13, 191, 230, 66, 104, 22, 187, 45, 15, 176, 84, 204, 247, 

Нелінійність  = 100 

Алгебраїчний імунітет  = 3 

Дельта-рівномірність  = 10 

Лінійна збитковість = 0 



100, 125, 120, 124, 243, 108, 142, 200, 45, 2, 104, 44, 255, 39, 172, 208, 210, 18, 242, 107, 251, 90, 72, 241, 174, 213, 220, 5, 157, 231, 115, 193, 225, 254, 69, 253, 55, 41, 182, 119, 53, 158, 230, 249, 114, 217, 28, 121, 136, 205, 36, 196, 25, 151, 6, 155, 8, 31, 129, 232, 209, 40, 178, 118, 79, 132, 56, 27, 219, 111, 91, 161, 83, 60, 215, 180, 42, 228, 48, 133, 84, 73, 1, 113, 33, 223, 152, 92, 87, 204, 191, 198, 75, 77, 89, 46, 66, 240, 171, 252, 68, 78, 52, 134, 70, 122, 3, 128, 144, 61, 160, 169, 82, 164, 65, 85, 147, 11, 57, 246, 189, 183, 168, 34, 17, 0, 244, 211, 206, 13, 32, 237, 96, 187, 238, 24, 197, 247, 127, 62, 101, 94, 26, 116, 97, 105, 80, 221, 35, 43, 14, 137, 71, 239, 185, 21, 54, 95, 12, 195, 146, 51, 59, 148, 153, 7, 37, 135, 184, 212, 173, 99, 248, 150, 229, 203, 109, 201, 190, 110, 236, 214, 224, 170, 9, 19, 245, 235, 102, 123, 175, 4, 63, 16, 145, 47, 29, 167, 181, 199, 233, 222, 117, 74, 76, 81, 140, 139, 112, 166, 131, 103, 250, 98, 143, 15, 154, 163, 88, 165, 176, 194, 30, 159, 226, 23, 141, 67, 149, 126, 218, 186, 156, 188, 20, 234, 207, 86, 64, 93, 22, 162, 138, 179, 192, 177, 130, 216, 227, 38, 106, 10, 58, 50, 202, 49, 

Нелінійність  = 98 

Алгебраїчний імунітет  = 3 

Дельта-рівномірність  = 10 

Лінійна збитковість = 0 



122, 255, 133, 125, 241, 204, 218, 33, 145, 215, 1, 159, 200, 190, 76, 48, 211, 184, 178, 61, 68, 8, 172, 118, 222, 154, 84, 210, 193, 56, 105, 175, 127, 249, 53, 96, 207, 185, 247, 187, 34, 134, 35, 183, 129, 194, 166, 243, 179, 65, 46, 36, 81, 208, 192, 69, 113, 117, 149, 225, 83, 39, 132, 197, 90, 5, 119, 102, 167, 80, 253, 37, 18, 23, 6, 73, 77, 22, 227, 99, 108, 124, 63, 32, 94, 251, 97, 100, 11, 147, 162, 19, 0, 242, 152, 24, 245, 109, 173, 72, 177, 223, 51, 38, 135, 216, 142, 40, 202, 57, 75, 201, 199, 74, 236, 31, 136, 47, 110, 168, 219, 21, 114, 87, 244, 181, 254, 64, 146, 188, 2, 92, 42, 121, 186, 155, 115, 16, 9, 198, 232, 25, 66, 41, 174, 176, 62, 13, 189, 49, 101, 111, 137, 164, 230, 248, 98, 148, 156, 91, 220, 10, 59, 67, 214, 52, 7, 79, 126, 107, 213, 45, 93, 191, 171, 224, 206, 85, 158, 50, 238, 29, 106, 252, 229, 195, 180, 112, 240, 95, 234, 153, 237, 104, 26, 20, 239, 58, 89, 71, 70, 88, 169, 143, 161, 139, 203, 228, 123, 233, 120, 196, 27, 163, 205, 246, 151, 130, 128, 165, 60, 30, 209, 212, 141, 250, 157, 226, 4, 140, 217, 116, 170, 54, 103, 15, 235, 12, 182, 43, 150, 221, 14, 231, 17, 3, 138, 55, 78, 44, 86, 160, 28, 144, 131, 82, 

Нелінійність  = 96 

Алгебраїчний імунітет  = 3 

Дельта-рівномірність  = 14 

Лінійна збитковість = 0 



124, 43, 223, 49, 76, 148, 91, 232, 65, 155, 213, 171, 229, 234, 185, 126, 253, 75, 27, 144, 33, 142, 55, 237, 143, 125, 72, 243, 202, 96, 191, 197, 225, 80, 178, 120, 90, 194, 103, 87, 242, 174, 128, 217, 209, 16, 200, 192, 123, 130, 11, 196, 150, 212, 182, 28, 42, 6, 249, 149, 30, 68, 57, 231, 29, 110, 172, 215, 146, 132, 203, 168, 20, 85, 218, 169, 254, 184, 32, 1, 164, 60, 220, 163, 67, 183, 193, 53, 211, 56, 36, 77, 139, 51, 10, 118, 116, 45, 31, 24, 83, 39, 44, 239, 62, 95, 34, 48, 112, 151, 166, 15, 66, 175, 105, 177, 18, 117, 235, 156, 206, 159, 160, 241, 119, 250, 106, 188, 7, 13, 226, 136, 141, 162, 109, 5, 176, 73, 12, 52, 251, 104, 22, 64, 79, 86, 181, 82, 161, 247, 70, 46, 224, 233, 99, 122, 227, 41, 214, 158, 100, 38, 94, 93, 154, 61, 240, 81, 186, 0, 205, 74, 59, 238, 54, 138, 165, 198, 207, 89, 63, 17, 208, 244, 47, 199, 26, 246, 88, 121, 2, 19, 216, 222, 107, 14, 236, 25, 140, 204, 9, 190, 131, 157, 147, 195, 35, 170, 228, 187, 3, 210, 101, 127, 189, 98, 173, 58, 21, 133, 69, 102, 71, 40, 135, 180, 111, 97, 167, 230, 115, 201, 4, 255, 129, 252, 92, 221, 113, 50, 8, 134, 245, 153, 37, 179, 145, 219, 248, 23, 152, 84, 137, 108, 78, 114, 

Нелінійність  = 96 

Алгебраїчний імунітет  = 3 

Дельта-рівномірність  = 10 

Лінійна збитковість = 0 



122, 255, 133, 125, 241, 204, 218, 33, 145, 215, 1, 159, 200, 190, 76, 48, 211, 184, 178, 61, 68, 8, 172, 118, 222, 154, 84, 210, 193, 56, 105, 175, 127, 249, 53, 96, 207, 185, 247, 187, 34, 134, 35, 183, 129, 194, 166, 243, 179, 65, 46, 36, 81, 208, 192, 69, 113, 117, 149, 225, 83, 39, 132, 197, 90, 5, 119, 102, 167, 80, 253, 37, 18, 23, 6, 73, 77, 22, 227, 99, 108, 124, 63, 32, 94, 251, 97, 100, 11, 147, 162, 19, 0, 242, 152, 24, 245, 109, 173, 72, 177, 223, 51, 38, 135, 216, 142, 40, 202, 57, 75, 201, 199, 74, 236, 31, 136, 47, 110, 168, 219, 21, 114, 87, 244, 181, 254, 64, 146, 188, 2, 92, 42, 121, 186, 155, 115, 16, 9, 198, 232, 25, 66, 41, 174, 176, 62, 13, 189, 49, 101, 111, 137, 164, 230, 248, 98, 148, 156, 91, 220, 10, 59, 67, 214, 52, 7, 79, 126, 107, 213, 45, 93, 191, 171, 224, 206, 85, 158, 50, 238, 29, 106, 252, 229, 195, 180, 112, 240, 95, 234, 153, 237, 104, 26, 20, 239, 58, 89, 71, 70, 88, 169, 143, 161, 139, 203, 228, 123, 233, 120, 196, 27, 163, 205, 246, 151, 130, 128, 165, 60, 30, 209, 212, 141, 250, 157, 226, 4, 140, 217, 116, 170, 54, 103, 15, 235, 12, 182, 43, 150, 221, 14, 231, 17, 3, 138, 55, 78, 44, 86, 160, 28, 144, 131, 82, 

Нелінійність  = 96 

Алгебраїчний імунітет  = 3 

Дельта-рівномірність  = 14 

Лінійна збитковість = 0 



122, 255, 133, 125, 241, 204, 218, 33, 145, 215, 1, 159, 200, 190, 76, 48, 211, 184, 178, 61, 68, 8, 172, 118, 222, 154, 84, 210, 193, 56, 105, 175, 127, 249, 53, 96, 207, 185, 247, 187, 34, 134, 35, 183, 129, 194, 166, 243, 179, 65, 46, 36, 81, 208, 192, 69, 113, 117, 149, 225, 83, 39, 132, 197, 90, 5, 119, 102, 167, 80, 253, 37, 18, 23, 6, 73, 77, 22, 227, 99, 108, 124, 63, 32, 94, 251, 97, 100, 11, 147, 162, 19, 0, 242, 152, 24, 245, 109, 173, 72, 177, 223, 51, 38, 135, 216, 142, 40, 202, 57, 75, 201, 199, 74, 236, 31, 136, 47, 110, 168, 219, 21, 114, 87, 244, 181, 254, 64, 146, 188, 2, 92, 42, 121, 186, 155, 115, 16, 9, 198, 232, 25, 66, 41, 174, 176, 62, 13, 189, 49, 101, 111, 137, 164, 230, 248, 98, 148, 156, 91, 220, 10, 59, 67, 214, 52, 7, 79, 126, 107, 213, 45, 93, 191, 171, 224, 206, 85, 158, 50, 238, 29, 106, 252, 229, 195, 180, 112, 240, 95, 234, 153, 237, 104, 26, 20, 239, 58, 89, 71, 70, 88, 169, 143, 161, 139, 203, 228, 123, 233, 120, 196, 27, 163, 205, 246, 151, 130, 128, 165, 60, 30, 209, 212, 141, 250, 157, 226, 4, 140, 217, 116, 170, 54, 103, 15, 235, 12, 182, 43, 150, 221, 14, 231, 17, 3, 138, 55, 78, 44, 86, 160, 28, 144, 131, 82, 

Нелінійність  = 96 

Алгебраїчний імунітет  = 3 

Дельта-рівномірність  = 14 

Лінійна збитковість = 0 



81, 187, 153, 184, 175, 93, 90, 145, 100, 108, 88, 127, 196, 178, 194, 144, 140, 66, 136, 58, 207, 155, 50, 235, 47, 147, 139, 112, 159, 197, 85, 193, 102, 252, 205, 119, 61, 62, 221, 75, 53, 149, 225, 18, 67, 224, 138, 26, 8, 120, 42, 110, 134, 78, 69, 151, 6, 116, 95, 231, 176, 92, 132, 152, 79, 143, 234, 3, 74, 31, 123, 107, 177, 72, 164, 247, 128, 202, 248, 174, 121, 213, 30, 215, 41, 249, 206, 199, 133, 82, 39, 125, 241, 208, 137, 223, 254, 189, 21, 168, 150, 130, 124, 141, 34, 2, 49, 167, 209, 99, 186, 188, 161, 56, 218, 171, 163, 86, 242, 228, 156, 40, 146, 29, 217, 191, 65, 229, 226, 11, 240, 255, 166, 214, 57, 35, 36, 97, 15, 117, 111, 94, 70, 33, 91, 122, 98, 233, 38, 60, 73, 16, 154, 204, 212, 169, 135, 63, 114, 243, 179, 52, 43, 220, 9, 216, 162, 55, 160, 185, 142, 115, 244, 104, 222, 210, 148, 105, 83, 54, 76, 10, 251, 44, 23, 131, 158, 200, 113, 182, 236, 89, 12, 180, 101, 165, 24, 68, 227, 253, 198, 1, 0, 71, 46, 219, 172, 238, 237, 211, 87, 106, 77, 250, 239, 183, 103, 45, 118, 246, 37, 28, 17, 192, 230, 173, 201, 203, 129, 22, 5, 4, 157, 13, 80, 7, 84, 27, 25, 126, 51, 64, 170, 190, 19, 96, 109, 59, 232, 14, 20, 48, 32, 181, 245, 195, 

Нелінійність  = 96 

Алгебраїчний імунітет  = 3 

Дельта-рівномірність  = 12 

Лінійна збитковість = 0 



72, 183, 150, 133, 240, 132, 136, 157, 47, 53, 113, 58, 185, 202, 97, 173, 5, 152, 205, 89, 145, 122, 67, 234, 128, 191, 110, 155, 34, 163, 107, 192, 218, 227, 154, 33, 135, 126, 9, 209, 131, 92, 222, 171, 148, 195, 73, 48, 36, 46, 11, 112, 96, 144, 111, 201, 102, 50, 123, 18, 208, 30, 114, 176, 74, 119, 140, 26, 85, 130, 164, 45, 69, 124, 233, 248, 79, 188, 82, 170, 108, 221, 70, 215, 117, 247, 214, 255, 99, 172, 226, 127, 206, 137, 146, 158, 109, 246, 59, 20, 84, 120, 65, 78, 25, 250, 29, 93, 116, 219, 179, 129, 43, 167, 54, 166, 100, 86, 147, 224, 242, 151, 229, 40, 13, 251, 184, 168, 118, 235, 37, 142, 94, 252, 230, 175, 165, 213, 182, 4, 57, 232, 174, 81, 211, 52, 254, 177, 225, 31, 200, 15, 44, 204, 103, 56, 19, 87, 7, 1, 180, 32, 121, 2, 14, 75, 134, 153, 98, 187, 231, 249, 169, 101, 244, 60, 105, 143, 125, 223, 106, 38, 198, 83, 91, 61, 77, 207, 51, 190, 193, 62, 10, 23, 141, 0, 95, 27, 186, 162, 238, 178, 138, 236, 216, 241, 196, 139, 12, 55, 159, 6, 88, 237, 228, 42, 181, 212, 3, 253, 22, 194, 217, 35, 64, 68, 49, 39, 76, 104, 16, 243, 71, 17, 245, 8, 161, 24, 66, 239, 160, 197, 80, 115, 21, 199, 63, 156, 90, 210, 189, 41, 149, 28, 220, 203, 

Нелінійність  = 96 

Алгебраїчний імунітет  = 3 

Дельта-рівномірність  = 12 

Лінійна збитковість = 0 



57, 101, 146, 109, 167, 156, 66, 201, 64, 110, 72, 69, 176, 175, 200, 189, 154, 249, 133, 182, 209, 53, 131, 226, 138, 184, 159, 197, 112, 245, 103, 80, 111, 15, 83, 50, 129, 49, 243, 216, 116, 139, 236, 217, 123, 228, 28, 27, 82, 225, 73, 114, 89, 88, 99, 147, 67, 79, 170, 31, 241, 106, 205, 115, 6, 70, 105, 8, 34, 237, 78, 132, 145, 71, 183, 188, 12, 210, 195, 142, 102, 120, 13, 235, 208, 68, 181, 86, 168, 192, 125, 38, 44, 97, 143, 127, 160, 149, 92, 24, 158, 85, 60, 121, 51, 151, 128, 246, 144, 87, 203, 100, 130, 178, 95, 152, 231, 173, 104, 63, 16, 242, 234, 233, 32, 202, 141, 98, 204, 206, 42, 218, 126, 224, 7, 81, 172, 238, 36, 230, 148, 62, 47, 74, 135, 77, 91, 223, 255, 35, 174, 52, 107, 162, 196, 41, 122, 75, 84, 76, 227, 59, 117, 9, 221, 46, 37, 2, 137, 43, 191, 193, 166, 229, 119, 250, 140, 19, 11, 232, 153, 214, 26, 5, 14, 164, 54, 163, 165, 179, 0, 61, 248, 220, 93, 56, 1, 108, 244, 222, 124, 161, 207, 17, 94, 239, 4, 134, 254, 25, 113, 58, 171, 185, 187, 118, 194, 45, 23, 39, 240, 252, 219, 3, 198, 251, 21, 150, 155, 211, 40, 18, 136, 22, 177, 55, 30, 48, 157, 96, 90, 10, 199, 169, 186, 253, 215, 213, 29, 180, 247, 33, 20, 190, 212, 65, 

Нелінійність  = 96 

Алгебраїчний імунітет  = 3 

Дельта-рівномірність  = 12 

Лінійна збитковість = 0 



117, 152, 88, 135, 137, 131, 95, 133, 80, 54, 71, 145, 198, 216, 143, 122, 175, 99, 109, 157, 209, 68, 121, 215, 129, 233, 182, 180, 164, 207, 87, 151, 148, 90, 118, 27, 52, 116, 224, 222, 61, 123, 228, 219, 178, 115, 91, 20, 24, 170, 37, 200, 13, 86, 76, 168, 67, 119, 165, 169, 218, 55, 202, 142, 45, 101, 0, 38, 22, 134, 63, 9, 59, 254, 146, 84, 97, 128, 40, 147, 130, 189, 48, 203, 69, 205, 181, 155, 2, 94, 199, 177, 44, 85, 62, 33, 140, 60, 102, 243, 106, 83, 29, 183, 82, 240, 50, 236, 176, 127, 51, 160, 159, 28, 126, 14, 196, 231, 190, 96, 230, 192, 111, 41, 245, 227, 242, 72, 105, 16, 56, 225, 179, 21, 64, 46, 75, 100, 253, 114, 221, 249, 49, 150, 17, 57, 36, 235, 79, 232, 210, 204, 43, 139, 156, 110, 239, 238, 226, 125, 174, 229, 193, 107, 234, 65, 241, 247, 138, 237, 248, 136, 172, 103, 104, 42, 1, 255, 141, 39, 98, 252, 58, 212, 89, 161, 120, 25, 214, 6, 208, 211, 162, 154, 15, 213, 223, 32, 12, 220, 47, 244, 132, 5, 112, 19, 250, 173, 113, 23, 166, 185, 217, 78, 74, 30, 124, 73, 184, 201, 191, 194, 77, 188, 163, 197, 246, 35, 149, 53, 93, 7, 144, 206, 81, 186, 8, 108, 187, 92, 4, 158, 167, 3, 34, 153, 171, 18, 10, 195, 70, 26, 31, 66, 11, 251, 

Нелінійність  = 96 

Алгебраїчний імунітет  = 3 

Дельта-рівномірність  = 12 

Лінійна збитковість = 0 



132, 61, 190, 89, 167, 133, 81, 16, 63, 55, 200, 105, 254, 255, 223, 162, 250, 95, 126, 173, 187, 156, 44, 8, 150, 184, 137, 225, 196, 155, 177, 224, 240, 176, 206, 90, 66, 125, 182, 154, 169, 201, 222, 242, 180, 129, 122, 82, 50, 195, 22, 228, 97, 193, 75, 114, 30, 249, 41, 191, 172, 78, 205, 120, 28, 147, 21, 124, 42, 152, 136, 214, 67, 80, 27, 160, 159, 233, 5, 79, 143, 158, 116, 245, 62, 221, 226, 72, 199, 110, 121, 100, 146, 32, 40, 203, 48, 59, 107, 183, 23, 31, 7, 227, 53, 185, 15, 109, 96, 130, 181, 92, 51, 189, 69, 234, 174, 161, 215, 220, 216, 204, 213, 145, 45, 12, 179, 230, 127, 49, 135, 219, 20, 188, 91, 102, 57, 208, 98, 1, 149, 138, 209, 239, 73, 37, 157, 198, 11, 115, 119, 101, 88, 251, 218, 140, 19, 60, 103, 217, 164, 192, 13, 14, 108, 232, 163, 9, 252, 186, 68, 99, 117, 24, 38, 134, 83, 211, 25, 112, 87, 229, 43, 248, 238, 144, 34, 106, 26, 231, 84, 10, 56, 46, 35, 3, 212, 166, 123, 71, 111, 236, 148, 94, 76, 36, 170, 52, 194, 113, 246, 86, 70, 54, 235, 247, 93, 237, 18, 118, 244, 142, 6, 178, 2, 202, 131, 243, 47, 29, 17, 207, 0, 74, 139, 197, 65, 141, 151, 33, 165, 168, 253, 171, 77, 210, 175, 128, 85, 4, 241, 58, 104, 39, 64, 153, 

Нелінійність  = 96 

Алгебраїчний імунітет  = 3 

Дельта-рівномірність  = 12 

Лінійна збитковість = 0 



91, 161, 151, 136, 6, 125, 131, 193, 58, 21, 113, 51, 237, 220, 132, 164, 121, 175, 224, 127, 210, 114, 76, 239, 201, 222, 143, 185, 119, 180, 120, 192, 226, 241, 144, 37, 198, 96, 134, 240, 118, 133, 227, 2, 146, 229, 60, 59, 45, 33, 47, 179, 53, 167, 66, 145, 57, 30, 46, 172, 105, 44, 160, 147, 67, 62, 75, 139, 65, 142, 208, 36, 94, 93, 189, 205, 178, 215, 50, 169, 109, 73, 162, 165, 99, 251, 213, 230, 8, 212, 170, 98, 130, 102, 129, 203, 159, 3, 168, 200, 253, 110, 69, 199, 72, 184, 182, 123, 216, 155, 187, 5, 63, 194, 34, 17, 148, 68, 87, 197, 171, 196, 247, 38, 252, 246, 254, 188, 84, 112, 0, 83, 7, 150, 35, 115, 223, 195, 97, 41, 101, 24, 111, 137, 176, 92, 100, 206, 157, 55, 152, 108, 32, 232, 140, 25, 28, 40, 236, 158, 202, 64, 207, 181, 78, 225, 86, 135, 156, 10, 217, 173, 228, 13, 238, 79, 29, 71, 250, 204, 85, 15, 183, 11, 39, 218, 186, 231, 235, 149, 26, 42, 43, 80, 138, 16, 122, 116, 153, 177, 103, 245, 141, 166, 106, 191, 242, 27, 104, 18, 174, 221, 81, 190, 163, 12, 70, 48, 74, 22, 95, 154, 89, 107, 90, 214, 23, 14, 244, 234, 82, 124, 19, 243, 4, 61, 49, 88, 249, 9, 1, 209, 233, 56, 31, 20, 248, 126, 255, 117, 211, 77, 219, 54, 52, 128, 

Нелінійність  = 96 

Алгебраїчний імунітет  = 3 

Дельта-рівномірність  = 12 

Лінійна збитковість = 0 



84, 92, 100, 91, 231, 176, 147, 13, 74, 63, 88, 159, 16, 152, 205, 119, 244, 209, 129, 113, 239, 204, 56, 230, 217, 172, 95, 233, 207, 191, 178, 221, 156, 171, 130, 249, 116, 35, 15, 141, 81, 226, 235, 253, 124, 219, 77, 10, 46, 99, 87, 148, 122, 175, 32, 167, 40, 228, 126, 24, 2, 166, 248, 58, 89, 154, 25, 55, 78, 149, 143, 132, 83, 50, 181, 164, 72, 213, 57, 158, 123, 192, 48, 237, 162, 216, 54, 66, 97, 110, 203, 49, 188, 157, 120, 255, 59, 212, 96, 112, 6, 117, 67, 199, 114, 215, 62, 179, 33, 85, 194, 140, 184, 202, 111, 73, 173, 136, 98, 183, 177, 1, 229, 8, 53, 36, 174, 139, 220, 138, 22, 198, 44, 86, 200, 144, 151, 106, 125, 41, 170, 104, 0, 21, 133, 103, 51, 211, 180, 168, 109, 9, 197, 163, 232, 252, 34, 18, 102, 60, 38, 105, 238, 134, 61, 251, 26, 115, 193, 246, 94, 155, 23, 47, 241, 39, 208, 146, 93, 240, 214, 165, 227, 196, 142, 135, 223, 254, 128, 247, 90, 17, 11, 245, 145, 224, 80, 160, 222, 70, 29, 169, 68, 137, 42, 28, 3, 45, 31, 242, 201, 71, 101, 7, 12, 30, 153, 20, 225, 243, 206, 186, 27, 5, 210, 250, 234, 150, 52, 76, 218, 108, 195, 236, 189, 37, 82, 107, 75, 185, 64, 187, 118, 43, 161, 19, 14, 69, 127, 79, 65, 190, 4, 121, 131, 182, 

Нелінійність  = 96 

Алгебраїчний імунітет  = 3 

Дельта-рівномірність  = 10 

Лінійна збитковість = 0 



40, 67, 58, 100, 150, 94, 86, 106, 11, 17, 62, 50, 173, 128, 76, 61, 140, 84, 44, 109, 165, 63, 19, 57, 78, 33, 110, 115, 105, 70, 41, 103, 98, 144, 113, 14, 29, 119, 146, 134, 51, 93, 124, 166, 66, 172, 15, 24, 12, 129, 46, 248, 191, 163, 241, 143, 101, 27, 167, 204, 5, 221, 18, 59, 48, 169, 21, 220, 74, 47, 31, 217, 182, 56, 161, 185, 152, 141, 7, 218, 96, 122, 246, 45, 252, 213, 123, 49, 36, 69, 97, 25, 196, 137, 39, 184, 112, 138, 82, 156, 149, 202, 254, 175, 64, 162, 4, 232, 43, 65, 73, 132, 224, 157, 16, 111, 87, 8, 20, 168, 114, 236, 117, 126, 251, 142, 176, 206, 250, 199, 240, 155, 35, 68, 22, 188, 89, 0, 90, 77, 26, 34, 30, 79, 133, 174, 91, 139, 80, 127, 95, 245, 183, 164, 118, 249, 75, 154, 187, 230, 197, 151, 23, 198, 244, 120, 99, 145, 54, 121, 178, 189, 72, 131, 136, 253, 158, 177, 190, 37, 81, 235, 130, 32, 10, 214, 28, 153, 195, 186, 242, 108, 147, 6, 243, 3, 71, 55, 215, 125, 192, 38, 104, 234, 180, 171, 238, 211, 160, 208, 227, 209, 170, 85, 2, 9, 212, 223, 181, 226, 60, 203, 13, 102, 159, 148, 233, 88, 83, 1, 216, 237, 207, 210, 255, 205, 193, 42, 92, 107, 194, 53, 179, 222, 135, 116, 219, 228, 229, 231, 225, 201, 52, 247, 200, 239, 

Нелінійність  = 96 

Алгебраїчний імунітет  = 3 

Дельта-рівномірність  = 12 

Лінійна збитковість = 0 



53, 255, 191, 148, 251, 156, 155, 119, 61, 113, 139, 106, 123, 189, 56, 248, 178, 182, 214, 86, 65, 192, 97, 11, 101, 211, 179, 154, 17, 231, 127, 220, 16, 203, 235, 47, 230, 206, 84, 229, 224, 33, 225, 133, 197, 196, 96, 100, 240, 157, 0, 34, 171, 158, 6, 12, 205, 109, 126, 135, 202, 40, 50, 253, 107, 112, 246, 41, 131, 161, 3, 242, 27, 213, 180, 36, 143, 164, 19, 218, 153, 54, 227, 39, 207, 20, 18, 137, 145, 181, 10, 215, 105, 217, 71, 104, 46, 7, 166, 167, 15, 186, 142, 31, 247, 136, 115, 78, 165, 226, 162, 98, 110, 183, 55, 103, 72, 151, 234, 23, 73, 204, 82, 68, 212, 140, 163, 138, 60, 48, 62, 190, 76, 14, 70, 57, 91, 90, 243, 170, 42, 69, 209, 108, 185, 210, 219, 51, 172, 250, 1, 132, 63, 118, 238, 241, 93, 173, 58, 232, 233, 44, 77, 150, 141, 201, 4, 254, 52, 228, 80, 102, 198, 188, 216, 22, 125, 67, 244, 83, 95, 208, 147, 13, 176, 49, 5, 29, 184, 223, 152, 87, 199, 129, 239, 177, 124, 37, 59, 92, 25, 85, 99, 222, 168, 66, 187, 252, 249, 114, 116, 2, 38, 75, 120, 130, 35, 195, 200, 128, 117, 111, 43, 194, 8, 30, 245, 94, 74, 121, 221, 174, 144, 32, 9, 175, 160, 64, 21, 237, 236, 79, 45, 146, 193, 122, 88, 134, 149, 89, 26, 169, 24, 81, 159, 28, 

Нелінійність  = 96 

Алгебраїчний імунітет  = 3 

Дельта-рівномірність  = 14 

Лінійна збитковість = 0 



74, 46, 63, 96, 94, 76, 128, 180, 216, 20, 58, 105, 1, 202, 188, 161, 28, 66, 81, 182, 19, 131, 134, 111, 117, 47, 148, 254, 228, 56, 54, 45, 178, 225, 78, 218, 147, 208, 250, 98, 217, 167, 89, 101, 211, 238, 70, 115, 219, 49, 80, 171, 51, 153, 84, 191, 166, 107, 102, 143, 53, 227, 252, 212, 230, 61, 52, 246, 122, 44, 172, 244, 48, 8, 120, 169, 139, 135, 110, 205, 241, 31, 176, 119, 207, 136, 26, 11, 62, 99, 72, 3, 160, 113, 92, 181, 177, 255, 30, 23, 27, 124, 69, 163, 168, 179, 239, 159, 226, 194, 204, 192, 165, 67, 24, 82, 158, 242, 114, 132, 144, 118, 75, 213, 91, 187, 154, 249, 43, 234, 34, 77, 83, 87, 190, 220, 125, 55, 88, 57, 210, 25, 100, 15, 214, 40, 68, 162, 193, 73, 108, 175, 196, 243, 85, 103, 4, 253, 229, 97, 201, 32, 29, 109, 232, 149, 142, 138, 245, 150, 64, 17, 21, 156, 123, 221, 12, 137, 39, 164, 5, 223, 173, 155, 95, 65, 231, 60, 86, 195, 240, 133, 203, 10, 112, 126, 130, 9, 59, 222, 42, 189, 209, 141, 106, 6, 247, 236, 0, 2, 199, 151, 116, 145, 79, 71, 129, 146, 93, 174, 35, 13, 237, 200, 184, 104, 50, 121, 37, 22, 251, 233, 152, 38, 197, 14, 90, 127, 16, 36, 185, 183, 157, 7, 198, 170, 215, 41, 248, 224, 235, 206, 18, 140, 33, 186, 

Нелінійність  = 96 

Алгебраїчний імунітет  = 3 

Дельта-рівномірність  = 12 

Лінійна збитковість = 0 



124, 13, 20, 41, 57, 140, 74, 14, 54, 137, 33, 170, 237, 27, 206, 142, 44, 64, 11, 160, 86, 207, 39, 6, 136, 127, 77, 31, 202, 110, 245, 243, 28, 61, 201, 125, 70, 192, 83, 80, 55, 182, 153, 226, 4, 253, 37, 175, 109, 149, 7, 12, 161, 215, 172, 30, 254, 247, 47, 63, 36, 114, 52, 235, 22, 174, 179, 229, 177, 141, 187, 194, 26, 101, 5, 230, 60, 223, 1, 248, 152, 244, 241, 198, 65, 176, 252, 53, 197, 49, 24, 88, 204, 21, 250, 145, 98, 48, 15, 58, 249, 10, 91, 19, 75, 84, 16, 56, 95, 184, 169, 108, 97, 59, 79, 208, 163, 119, 34, 222, 203, 85, 173, 117, 92, 50, 232, 218, 251, 238, 128, 242, 200, 3, 93, 239, 191, 107, 29, 246, 9, 120, 99, 72, 102, 205, 240, 104, 154, 158, 43, 68, 236, 0, 81, 183, 82, 219, 94, 105, 18, 45, 112, 132, 138, 185, 62, 156, 113, 168, 186, 225, 143, 76, 121, 122, 162, 123, 212, 165, 150, 234, 224, 227, 233, 199, 17, 35, 115, 89, 167, 118, 211, 116, 46, 213, 42, 178, 196, 231, 181, 217, 188, 73, 189, 2, 71, 23, 214, 51, 96, 40, 220, 130, 190, 66, 209, 103, 78, 131, 134, 171, 147, 90, 38, 159, 106, 69, 133, 146, 139, 8, 129, 193, 255, 111, 100, 151, 216, 228, 166, 195, 164, 157, 148, 221, 126, 67, 210, 25, 180, 144, 135, 155, 32, 87, 

Нелінійність  = 96 

Алгебраїчний імунітет  = 3 

Дельта-рівномірність  = 10 

Лінійна збитковість = 0 



134, 50, 209, 87, 178, 133, 84, 9, 60, 55, 5, 96, 11, 6, 22, 172, 70, 99, 137, 176, 189, 173, 33, 247, 161, 181, 132, 234, 200, 151, 193, 23, 4, 203, 222, 103, 25, 125, 180, 150, 225, 0, 227, 248, 182, 139, 165, 93, 56, 202, 243, 237, 111, 217, 113, 108, 233, 47, 24, 66, 168, 81, 205, 121, 29, 197, 32, 120, 46, 154, 153, 36, 71, 51, 19, 179, 206, 254, 7, 53, 184, 159, 123, 39, 144, 232, 131, 63, 235, 126, 117, 86, 64, 26, 41, 97, 42, 124, 54, 83, 13, 27, 12, 40, 49, 156, 10, 88, 82, 115, 210, 43, 34, 220, 177, 252, 169, 122, 251, 215, 214, 101, 207, 188, 116, 245, 21, 44, 95, 94, 185, 57, 250, 104, 212, 119, 68, 231, 109, 244, 174, 118, 216, 249, 16, 45, 72, 192, 89, 92, 107, 170, 138, 58, 14, 114, 246, 30, 76, 195, 167, 62, 240, 80, 2, 37, 211, 229, 164, 160, 3, 31, 110, 17, 8, 152, 162, 238, 196, 128, 223, 78, 130, 204, 149, 52, 61, 221, 253, 143, 230, 228, 100, 35, 187, 158, 74, 163, 218, 102, 106, 255, 171, 213, 77, 73, 242, 155, 142, 136, 175, 38, 141, 48, 226, 59, 224, 18, 191, 148, 85, 166, 65, 199, 69, 79, 1, 15, 135, 198, 186, 127, 239, 75, 91, 190, 236, 98, 20, 129, 67, 146, 201, 241, 90, 208, 147, 140, 145, 219, 194, 28, 157, 112, 105, 183, 

Нелінійність  = 96 

Алгебраїчний імунітет  = 3 

Дельта-рівномірність  = 12 

Лінійна збитковість = 0 



63, 252, 205, 17, 135, 80, 52, 109, 139, 210, 74, 15, 164, 168, 140, 182, 70, 0, 51, 248, 171, 254, 19, 240, 246, 73, 112, 62, 187, 16, 45, 111, 27, 65, 122, 3, 57, 33, 221, 82, 86, 144, 222, 129, 12, 229, 242, 58, 146, 49, 42, 5, 43, 95, 145, 174, 238, 251, 56, 11, 46, 141, 77, 24, 152, 136, 204, 173, 214, 253, 199, 54, 41, 59, 98, 102, 231, 163, 156, 206, 228, 237, 125, 44, 35, 189, 13, 215, 203, 193, 160, 20, 165, 226, 30, 166, 39, 151, 107, 185, 25, 198, 96, 201, 245, 66, 117, 232, 75, 119, 217, 92, 21, 1, 124, 213, 247, 233, 191, 88, 147, 219, 53, 8, 180, 87, 169, 38, 100, 31, 194, 103, 243, 9, 14, 195, 18, 170, 142, 202, 150, 69, 212, 2, 101, 128, 131, 90, 47, 183, 230, 91, 186, 97, 127, 29, 188, 159, 123, 181, 71, 130, 67, 89, 121, 207, 94, 85, 28, 224, 10, 244, 113, 104, 118, 216, 81, 200, 255, 115, 225, 99, 235, 236, 239, 7, 60, 192, 134, 176, 108, 37, 22, 78, 64, 116, 218, 175, 50, 161, 179, 55, 196, 48, 211, 4, 153, 6, 249, 227, 93, 172, 223, 34, 120, 241, 32, 26, 76, 143, 177, 132, 178, 23, 110, 36, 220, 157, 83, 234, 158, 106, 72, 126, 148, 184, 208, 114, 209, 162, 133, 105, 137, 190, 79, 40, 167, 250, 149, 154, 84, 61, 138, 197, 155, 68, 

Нелінійність  = 96 

Алгебраїчний імунітет  = 3 

Дельта-рівномірність  = 12 

Лінійна збитковість = 0 



107, 77, 126, 183, 209, 97, 180, 252, 225, 18, 86, 53, 10, 143, 67, 22, 73, 71, 98, 20, 149, 144, 227, 47, 199, 33, 210, 141, 226, 28, 82, 158, 1, 79, 156, 250, 208, 230, 109, 80, 37, 190, 164, 129, 214, 24, 15, 220, 8, 75, 99, 40, 175, 43, 160, 245, 139, 56, 133, 147, 44, 2, 218, 161, 42, 241, 182, 254, 41, 253, 166, 185, 249, 186, 242, 110, 150, 153, 96, 145, 12, 116, 123, 105, 179, 243, 60, 155, 163, 31, 19, 203, 95, 94, 114, 84, 154, 17, 174, 90, 6, 57, 124, 66, 0, 72, 229, 140, 177, 11, 202, 205, 197, 76, 233, 111, 63, 159, 169, 231, 172, 196, 247, 142, 21, 131, 130, 148, 120, 87, 34, 48, 85, 228, 181, 39, 236, 49, 223, 132, 238, 211, 128, 125, 69, 45, 52, 134, 78, 119, 251, 244, 168, 188, 92, 62, 25, 167, 138, 16, 117, 32, 113, 68, 14, 89, 191, 222, 115, 224, 235, 102, 65, 51, 13, 232, 30, 100, 36, 192, 246, 239, 201, 104, 221, 213, 240, 9, 237, 59, 26, 70, 4, 162, 74, 112, 152, 219, 101, 64, 173, 200, 118, 108, 81, 234, 151, 195, 46, 23, 198, 146, 193, 248, 54, 103, 3, 27, 5, 55, 217, 61, 176, 137, 136, 38, 29, 171, 93, 106, 88, 184, 206, 165, 50, 135, 91, 83, 58, 204, 212, 178, 216, 7, 170, 255, 35, 207, 157, 127, 194, 187, 215, 189, 122, 121, 

Нелінійність  = 96 

Алгебраїчний імунітет  = 3 

Дельта-рівномірність  = 10 

Лінійна збитковість = 0 



1, 238, 36, 100, 88, 68, 150, 176, 216, 37, 50, 145, 14, 218, 181, 162, 17, 49, 52, 197, 24, 109, 98, 253, 104, 45, 165, 13, 230, 29, 47, 74, 161, 90, 59, 237, 129, 204, 62, 112, 222, 190, 236, 51, 10, 28, 127, 116, 41, 148, 20, 183, 22, 96, 111, 114, 4, 82, 89, 137, 9, 188, 142, 201, 26, 6, 35, 247, 224, 75, 154, 91, 93, 108, 121, 178, 77, 12, 60, 202, 245, 84, 198, 110, 225, 120, 173, 226, 30, 53, 248, 144, 139, 125, 87, 177, 156, 152, 209, 151, 223, 113, 175, 169, 254, 58, 166, 78, 255, 221, 210, 56, 141, 34, 66, 40, 157, 105, 106, 43, 153, 158, 103, 231, 235, 189, 160, 215, 163, 5, 234, 27, 46, 70, 44, 23, 119, 32, 130, 11, 117, 63, 174, 205, 55, 167, 39, 42, 227, 79, 147, 182, 64, 101, 185, 69, 38, 19, 232, 171, 168, 131, 48, 206, 243, 92, 219, 250, 240, 195, 207, 246, 15, 71, 191, 244, 102, 140, 200, 94, 252, 99, 138, 3, 67, 212, 193, 72, 213, 184, 107, 199, 18, 81, 239, 229, 194, 233, 115, 159, 220, 85, 126, 132, 25, 83, 170, 61, 16, 217, 97, 133, 134, 135, 203, 149, 7, 54, 242, 128, 73, 86, 8, 0, 186, 180, 136, 155, 251, 122, 187, 31, 76, 249, 124, 196, 211, 57, 214, 2, 241, 208, 228, 21, 33, 164, 192, 172, 118, 80, 95, 65, 143, 123, 146, 179, 

Нелінійність  = 96 

Алгебраїчний імунітет  = 3 

Дельта-рівномірність  = 10 

Лінійна збитковість = 0 



100, 125, 120, 124, 242, 108, 73, 201, 39, 2, 104, 44, 255, 154, 172, 178, 203, 66, 148, 126, 251, 90, 72, 241, 174, 213, 163, 106, 157, 221, 115, 193, 123, 254, 245, 40, 55, 46, 96, 240, 53, 202, 230, 249, 114, 217, 200, 161, 5, 121, 36, 196, 25, 151, 6, 155, 8, 19, 129, 237, 236, 133, 179, 118, 69, 132, 117, 27, 28, 111, 91, 127, 83, 60, 215, 180, 42, 228, 48, 56, 84, 210, 1, 103, 33, 252, 13, 92, 162, 204, 191, 7, 75, 77, 89, 208, 209, 37, 171, 146, 68, 78, 51, 134, 70, 94, 3, 128, 81, 61, 160, 169, 82, 164, 65, 144, 147, 158, 57, 246, 189, 183, 219, 34, 17, 0, 244, 211, 206, 235, 20, 184, 109, 152, 87, 24, 197, 168, 135, 62, 101, 194, 26, 116, 97, 153, 80, 50, 35, 43, 145, 137, 71, 239, 185, 21, 223, 95, 12, 220, 225, 139, 59, 11, 67, 234, 54, 93, 195, 212, 173, 99, 74, 150, 229, 122, 232, 86, 14, 110, 142, 214, 79, 170, 58, 112, 186, 224, 102, 216, 175, 9, 187, 167, 38, 47, 29, 15, 181, 199, 233, 222, 218, 88, 76, 190, 140, 136, 10, 63, 182, 45, 177, 18, 247, 85, 98, 131, 250, 22, 166, 30, 107, 159, 226, 31, 205, 41, 176, 130, 143, 149, 156, 188, 49, 238, 207, 4, 198, 113, 141, 231, 138, 23, 192, 16, 165, 105, 32, 52, 243, 227, 248, 119, 64, 253, 

Нелінійність  = 96 

Алгебраїчний імунітет  = 3 

Дельта-рівномірність  = 10 

Лінійна збитковість = 0 



112, 41, 246, 73, 134, 108, 67, 84, 33, 54, 21, 168, 254, 40, 14, 205, 39, 89, 90, 218, 158, 210, 32, 80, 150, 171, 125, 17, 237, 151, 230, 5, 239, 141, 1, 137, 34, 178, 126, 160, 248, 241, 220, 47, 244, 87, 179, 132, 94, 193, 16, 49, 165, 155, 140, 95, 189, 238, 20, 174, 142, 119, 110, 231, 255, 216, 169, 194, 77, 196, 180, 213, 60, 148, 170, 9, 123, 65, 219, 53, 191, 192, 200, 69, 48, 206, 223, 64, 229, 120, 118, 143, 202, 15, 27, 203, 122, 57, 75, 152, 138, 13, 162, 221, 46, 147, 250, 101, 106, 59, 91, 6, 38, 209, 52, 62, 66, 175, 224, 208, 184, 217, 211, 227, 19, 79, 252, 204, 88, 61, 234, 121, 153, 228, 68, 129, 247, 78, 100, 83, 225, 182, 135, 103, 185, 198, 72, 190, 86, 107, 113, 85, 215, 63, 116, 2, 18, 44, 177, 56, 96, 114, 240, 242, 43, 92, 251, 139, 8, 102, 195, 226, 166, 23, 28, 161, 98, 245, 199, 163, 136, 249, 12, 3, 74, 236, 115, 35, 109, 81, 172, 183, 42, 82, 93, 25, 235, 146, 36, 176, 55, 50, 111, 144, 76, 127, 181, 253, 30, 212, 243, 232, 167, 51, 104, 133, 233, 97, 99, 187, 128, 154, 188, 157, 159, 22, 29, 10, 45, 4, 37, 173, 0, 11, 201, 26, 197, 105, 131, 124, 149, 7, 130, 186, 58, 164, 71, 117, 31, 156, 70, 24, 145, 207, 214, 222, 

Нелінійність  = 96 

Алгебраїчний імунітет  = 3 

Дельта-рівномірність  = 12 

Лінійна збитковість = 0 



36, 38, 61, 90, 139, 96, 121, 163, 169, 40, 73, 124, 173, 45, 20, 247, 127, 105, 143, 25, 133, 91, 43, 125, 166, 174, 147, 66, 244, 214, 92, 128, 30, 203, 82, 172, 115, 51, 138, 219, 254, 232, 9, 142, 11, 248, 135, 196, 42, 211, 12, 157, 241, 165, 86, 2, 225, 112, 99, 190, 144, 224, 233, 129, 18, 21, 251, 164, 239, 50, 120, 111, 185, 243, 140, 205, 34, 118, 44, 231, 32, 158, 75, 198, 187, 107, 16, 234, 235, 167, 155, 178, 215, 114, 84, 237, 242, 252, 201, 19, 5, 141, 182, 240, 184, 102, 108, 65, 193, 132, 53, 83, 150, 152, 14, 29, 186, 137, 8, 110, 39, 204, 188, 194, 230, 7, 229, 13, 213, 246, 80, 55, 10, 74, 93, 47, 134, 117, 101, 255, 72, 78, 161, 236, 130, 81, 63, 4, 220, 94, 119, 192, 77, 162, 122, 56, 218, 46, 189, 238, 223, 17, 33, 206, 26, 49, 69, 226, 64, 57, 1, 70, 87, 123, 199, 183, 207, 210, 209, 76, 131, 0, 6, 88, 35, 191, 212, 197, 24, 253, 145, 160, 136, 175, 168, 217, 176, 216, 148, 67, 179, 153, 170, 149, 41, 221, 228, 146, 103, 195, 31, 15, 79, 154, 59, 97, 222, 68, 28, 48, 71, 171, 113, 151, 3, 208, 227, 22, 62, 104, 52, 60, 37, 58, 126, 245, 116, 23, 54, 200, 250, 202, 98, 100, 109, 89, 180, 95, 177, 181, 27, 249, 85, 106, 159, 156, 

Нелінійність  = 96 

Алгебраїчний імунітет  = 3 

Дельта-рівномірність  = 10 

Лінійна збитковість = 0 



95, 225, 232, 30, 222, 91, 69, 188, 120, 148, 89, 220, 250, 236, 180, 167, 147, 244, 106, 57, 68, 119, 43, 7, 71, 139, 136, 151, 210, 15, 88, 221, 126, 107, 137, 138, 40, 22, 42, 164, 46, 168, 219, 63, 65, 218, 173, 11, 186, 146, 41, 93, 181, 96, 92, 205, 1, 237, 72, 62, 203, 140, 134, 45, 86, 163, 161, 174, 245, 31, 159, 118, 50, 16, 152, 121, 196, 177, 143, 9, 224, 192, 103, 144, 10, 51, 12, 207, 231, 112, 179, 114, 157, 223, 191, 171, 202, 208, 154, 187, 21, 204, 110, 234, 111, 243, 217, 165, 49, 67, 241, 253, 142, 80, 56, 246, 229, 235, 170, 129, 211, 39, 101, 33, 102, 153, 38, 197, 25, 132, 109, 27, 133, 195, 13, 169, 59, 213, 125, 190, 75, 160, 198, 34, 79, 193, 175, 115, 61, 194, 247, 60, 14, 5, 29, 209, 226, 94, 58, 99, 19, 85, 113, 44, 201, 37, 73, 64, 108, 76, 248, 4, 20, 200, 104, 251, 155, 26, 100, 130, 150, 141, 131, 87, 128, 52, 82, 48, 145, 53, 70, 215, 240, 17, 189, 156, 97, 8, 47, 182, 162, 24, 230, 166, 54, 28, 122, 185, 90, 117, 239, 35, 23, 127, 233, 123, 6, 228, 0, 214, 77, 212, 81, 83, 254, 176, 84, 252, 116, 172, 74, 105, 3, 238, 18, 149, 199, 2, 227, 158, 36, 249, 255, 98, 124, 135, 66, 184, 55, 216, 206, 78, 183, 32, 178, 242, 

Нелінійність  = 96 

Алгебраїчний імунітет  = 3 

Дельта-рівномірність  = 12 

Лінійна збитковість = 0 



12, 245, 243, 17, 246, 227, 235, 161, 135, 62, 234, 44, 216, 97, 9, 42, 98, 111, 175, 11, 164, 4, 162, 197, 200, 184, 19, 127, 91, 2, 132, 148, 95, 225, 199, 163, 160, 222, 251, 224, 186, 101, 86, 173, 141, 178, 204, 116, 46, 236, 114, 250, 21, 189, 66, 253, 188, 60, 89, 239, 27, 38, 107, 233, 72, 50, 158, 167, 241, 69, 71, 47, 6, 219, 149, 182, 229, 187, 54, 29, 137, 120, 30, 49, 48, 215, 122, 223, 7, 23, 143, 63, 138, 244, 83, 165, 171, 35, 217, 191, 126, 232, 36, 249, 231, 15, 79, 106, 77, 32, 103, 3, 87, 198, 181, 131, 129, 117, 209, 180, 40, 25, 202, 134, 156, 144, 113, 185, 207, 59, 168, 128, 196, 112, 102, 152, 194, 177, 28, 147, 64, 123, 153, 90, 247, 121, 57, 76, 80, 13, 67, 16, 252, 203, 169, 70, 151, 84, 110, 145, 183, 18, 221, 43, 133, 94, 140, 130, 212, 237, 20, 1, 118, 119, 214, 220, 226, 170, 81, 85, 150, 154, 41, 159, 218, 73, 100, 205, 172, 210, 14, 139, 93, 211, 31, 206, 104, 124, 55, 78, 0, 238, 157, 53, 99, 201, 56, 213, 51, 10, 195, 58, 82, 115, 255, 8, 166, 208, 254, 125, 45, 174, 193, 228, 65, 240, 22, 190, 74, 33, 5, 92, 230, 146, 136, 105, 68, 155, 75, 248, 61, 26, 176, 109, 37, 108, 52, 34, 179, 242, 24, 192, 88, 39, 96, 142, 

Нелінійність  = 96 

Алгебраїчний імунітет  = 3 

Дельта-рівномірність  = 10 

Лінійна збитковість = 0 



128, 54, 55, 65, 142, 126, 115, 107, 35, 249, 81, 254, 119, 63, 46, 221, 102, 151, 42, 205, 77, 236, 25, 5, 226, 203, 164, 253, 234, 103, 146, 62, 106, 213, 79, 176, 214, 112, 208, 223, 238, 60, 240, 113, 156, 21, 93, 153, 97, 26, 67, 40, 144, 50, 41, 91, 3, 201, 252, 69, 187, 105, 210, 132, 245, 231, 68, 167, 15, 138, 141, 34, 111, 96, 90, 49, 44, 150, 23, 108, 85, 239, 94, 84, 32, 195, 10, 191, 171, 163, 43, 233, 216, 17, 131, 232, 184, 127, 186, 237, 13, 11, 36, 178, 53, 159, 7, 52, 219, 86, 242, 109, 224, 116, 2, 241, 123, 83, 255, 196, 229, 170, 177, 169, 18, 28, 220, 202, 57, 58, 117, 200, 155, 22, 192, 147, 8, 71, 110, 165, 152, 199, 244, 12, 101, 137, 246, 188, 193, 122, 14, 173, 129, 215, 243, 45, 27, 92, 56, 250, 148, 175, 48, 124, 134, 162, 30, 217, 118, 204, 227, 198, 168, 209, 130, 19, 235, 183, 248, 31, 189, 251, 222, 59, 87, 212, 197, 149, 29, 206, 89, 194, 172, 61, 125, 211, 1, 225, 140, 70, 0, 99, 9, 38, 24, 47, 33, 158, 135, 4, 39, 80, 104, 6, 166, 76, 88, 73, 139, 143, 154, 145, 218, 190, 179, 74, 66, 180, 98, 185, 114, 95, 78, 133, 161, 37, 75, 136, 100, 181, 20, 182, 157, 247, 121, 51, 174, 16, 207, 82, 120, 230, 72, 64, 228, 160, 

Нелінійність  = 96 

Алгебраїчний імунітет  = 3 

Дельта-рівномірність  = 12 

Лінійна збитковість = 0 



70, 134, 57, 40, 229, 118, 190, 7, 80, 113, 35, 156, 220, 174, 238, 11, 223, 98, 13, 221, 212, 200, 151, 143, 125, 255, 168, 60, 198, 30, 123, 104, 175, 172, 34, 10, 32, 169, 20, 124, 74, 82, 77, 122, 29, 12, 226, 66, 171, 244, 8, 178, 144, 158, 211, 184, 23, 79, 91, 133, 142, 154, 193, 42, 230, 111, 88, 55, 140, 41, 127, 137, 150, 39, 97, 27, 241, 165, 245, 159, 69, 176, 131, 19, 152, 201, 248, 6, 43, 132, 199, 50, 155, 64, 51, 95, 37, 252, 90, 83, 207, 204, 136, 75, 101, 3, 185, 218, 246, 187, 16, 253, 87, 116, 63, 181, 228, 213, 167, 21, 209, 180, 84, 15, 217, 85, 26, 71, 119, 224, 203, 196, 251, 216, 25, 205, 102, 115, 89, 9, 234, 237, 117, 110, 45, 186, 227, 96, 183, 22, 53, 231, 139, 86, 202, 149, 141, 67, 254, 210, 47, 18, 242, 106, 182, 129, 121, 225, 58, 164, 194, 44, 214, 31, 135, 146, 14, 76, 173, 78, 145, 170, 2, 177, 219, 191, 247, 179, 157, 109, 38, 72, 24, 99, 107, 114, 222, 4, 54, 235, 120, 68, 46, 36, 65, 197, 17, 240, 239, 52, 112, 73, 56, 148, 192, 49, 62, 147, 48, 166, 138, 236, 1, 130, 126, 100, 5, 215, 92, 208, 153, 232, 103, 128, 243, 105, 81, 33, 59, 163, 188, 160, 250, 233, 161, 162, 206, 28, 0, 195, 249, 61, 108, 189, 93, 94, 

Нелінійність  = 96 

Алгебраїчний імунітет  = 3 

Дельта-рівномірність  = 12 

Лінійна збитковість = 0 



69, 244, 116, 111, 3, 103, 185, 23, 216, 245, 90, 109, 25, 40, 42, 123, 126, 195, 204, 98, 163, 136, 84, 179, 1, 171, 148, 2, 38, 24, 117, 133, 26, 101, 65, 141, 139, 212, 68, 151, 248, 88, 236, 27, 93, 249, 228, 102, 159, 36, 96, 156, 240, 153, 81, 30, 127, 11, 99, 7, 55, 22, 149, 132, 134, 253, 32, 54, 168, 189, 129, 79, 182, 235, 164, 178, 147, 251, 58, 5, 114, 144, 70, 130, 135, 246, 71, 143, 137, 237, 173, 217, 226, 78, 51, 176, 34, 86, 125, 121, 4, 115, 145, 44, 191, 29, 97, 82, 188, 234, 205, 175, 45, 158, 165, 140, 146, 231, 16, 124, 14, 64, 211, 110, 73, 243, 197, 154, 252, 128, 67, 160, 192, 169, 220, 207, 227, 186, 222, 13, 230, 198, 72, 17, 215, 74, 63, 170, 20, 118, 193, 181, 162, 172, 174, 105, 150, 37, 15, 43, 208, 120, 229, 187, 131, 41, 52, 138, 152, 21, 28, 89, 107, 0, 233, 242, 56, 255, 223, 196, 202, 241, 18, 201, 35, 19, 254, 48, 39, 180, 247, 104, 177, 76, 190, 166, 157, 8, 80, 225, 184, 250, 218, 94, 83, 206, 142, 9, 232, 12, 167, 203, 50, 77, 224, 53, 209, 33, 210, 200, 221, 91, 95, 60, 85, 87, 108, 61, 113, 183, 62, 155, 119, 59, 47, 75, 57, 46, 238, 100, 92, 106, 219, 194, 199, 10, 49, 239, 161, 213, 31, 66, 122, 214, 112, 6, 

Нелінійність  = 94 

Алгебраїчний імунітет  = 3 

Дельта-рівномірність  = 12 

Лінійна збитковість = 0 



61, 255, 189, 249, 101, 77, 67, 88, 156, 224, 71, 218, 133, 137, 116, 172, 72, 248, 64, 2, 160, 205, 27, 229, 215, 75, 113, 43, 162, 231, 53, 193, 14, 250, 74, 206, 68, 60, 191, 80, 54, 130, 219, 103, 17, 232, 234, 31, 12, 34, 49, 16, 253, 65, 138, 147, 3, 221, 58, 236, 110, 148, 81, 1, 153, 154, 181, 158, 212, 6, 192, 48, 73, 85, 108, 106, 222, 173, 98, 174, 211, 217, 86, 44, 50, 245, 237, 207, 195, 199, 159, 198, 175, 204, 190, 239, 25, 134, 102, 76, 240, 186, 70, 149, 243, 131, 84, 210, 89, 141, 214, 208, 246, 30, 220, 200, 180, 197, 167, 209, 121, 194, 66, 23, 135, 120, 150, 161, 247, 8, 144, 105, 241, 99, 45, 46, 19, 21, 155, 176, 122, 151, 196, 223, 230, 114, 117, 47, 41, 142, 227, 104, 184, 166, 242, 233, 15, 42, 225, 128, 129, 132, 165, 201, 168, 57, 87, 13, 123, 185, 20, 82, 226, 177, 228, 0, 10, 39, 112, 124, 18, 115, 107, 5, 40, 69, 63, 163, 126, 59, 125, 100, 183, 244, 169, 238, 182, 152, 11, 56, 146, 235, 109, 55, 29, 251, 78, 62, 119, 52, 118, 179, 51, 136, 213, 202, 7, 216, 140, 37, 91, 4, 170, 26, 187, 139, 38, 188, 90, 145, 157, 92, 33, 254, 36, 83, 94, 143, 127, 97, 24, 111, 93, 22, 79, 35, 96, 164, 178, 203, 252, 171, 9, 95, 32, 28, 

Нелінійність  = 94 

Алгебраїчний імунітет  = 3 

Дельта-рівномірність  = 10 

Лінійна збитковість = 0 



98, 10, 5, 215, 1, 58, 210, 82, 0, 237, 64, 226, 77, 181, 62, 166, 186, 32, 37, 89, 122, 150, 4, 184, 135, 218, 160, 126, 209, 198, 203, 146, 188, 53, 171, 223, 88, 151, 60, 80, 38, 123, 153, 162, 157, 113, 36, 178, 230, 54, 213, 254, 189, 79, 222, 234, 202, 228, 86, 190, 21, 242, 248, 208, 217, 121, 165, 103, 27, 250, 199, 167, 152, 105, 65, 195, 57, 129, 76, 90, 229, 112, 127, 139, 47, 196, 232, 182, 94, 158, 92, 173, 59, 69, 204, 187, 193, 145, 172, 252, 81, 16, 23, 71, 44, 101, 236, 6, 84, 128, 169, 2, 28, 168, 118, 35, 19, 132, 241, 251, 212, 42, 52, 201, 227, 15, 61, 31, 148, 174, 176, 245, 175, 191, 238, 163, 51, 114, 161, 134, 49, 14, 225, 39, 30, 8, 115, 131, 255, 179, 116, 87, 170, 24, 130, 102, 117, 142, 104, 177, 106, 133, 147, 211, 149, 108, 141, 156, 140, 143, 99, 91, 33, 34, 72, 26, 120, 144, 13, 235, 185, 224, 207, 97, 70, 246, 124, 50, 221, 66, 29, 17, 67, 253, 25, 155, 68, 180, 119, 125, 216, 46, 96, 154, 220, 12, 164, 45, 200, 244, 138, 240, 7, 83, 95, 78, 197, 48, 243, 233, 110, 239, 74, 43, 136, 73, 9, 219, 111, 75, 22, 85, 41, 231, 40, 206, 183, 247, 249, 93, 205, 63, 194, 192, 55, 107, 109, 137, 18, 3, 20, 11, 100, 159, 214, 56, 

Нелінійність  = 94 

Алгебраїчний імунітет  = 3 

Дельта-рівномірність  = 10 

Лінійна збитковість = 0 



20, 181, 101, 143, 105, 6, 53, 91, 171, 141, 197, 116, 209, 80, 39, 34, 155, 137, 16, 126, 30, 252, 212, 254, 247, 11, 133, 58, 230, 54, 189, 232, 136, 188, 246, 198, 81, 127, 35, 123, 206, 222, 32, 203, 14, 115, 166, 220, 190, 3, 221, 38, 77, 170, 211, 227, 8, 70, 29, 69, 47, 158, 62, 153, 240, 46, 179, 139, 83, 18, 44, 142, 121, 67, 98, 37, 201, 151, 235, 79, 52, 219, 238, 89, 103, 120, 85, 112, 241, 244, 56, 117, 73, 27, 180, 4, 19, 88, 36, 97, 164, 66, 145, 165, 163, 17, 194, 5, 132, 186, 43, 111, 192, 86, 202, 13, 223, 144, 159, 93, 216, 191, 106, 156, 218, 182, 231, 76, 25, 75, 87, 168, 92, 108, 55, 21, 122, 217, 100, 104, 95, 175, 102, 96, 178, 84, 57, 161, 49, 176, 187, 210, 242, 177, 12, 233, 174, 41, 128, 224, 237, 78, 65, 42, 26, 245, 167, 234, 135, 82, 68, 249, 236, 64, 150, 131, 226, 138, 113, 119, 149, 40, 124, 173, 130, 118, 94, 59, 146, 24, 50, 250, 114, 110, 134, 2, 195, 33, 157, 185, 225, 243, 99, 10, 71, 61, 204, 147, 154, 22, 229, 193, 28, 228, 109, 72, 253, 251, 31, 184, 51, 160, 125, 48, 1, 214, 248, 162, 74, 152, 140, 196, 129, 199, 0, 9, 45, 208, 60, 215, 107, 23, 207, 205, 200, 239, 7, 213, 255, 63, 169, 148, 172, 90, 15, 183, 

Нелінійність  = 94 

Алгебраїчний імунітет  = 3 

Дельта-рівномірність  = 12 

Лінійна збитковість = 0 



12, 144, 226, 5, 219, 223, 153, 91, 123, 41, 157, 34, 88, 224, 242, 90, 33, 58, 169, 8, 93, 234, 250, 213, 21, 200, 134, 243, 211, 70, 163, 113, 237, 103, 148, 133, 229, 61, 16, 120, 177, 106, 85, 78, 7, 104, 68, 149, 164, 119, 62, 218, 239, 126, 43, 154, 208, 110, 1, 35, 69, 109, 80, 75, 215, 150, 190, 246, 94, 130, 4, 135, 131, 227, 195, 183, 189, 221, 249, 49, 132, 184, 182, 25, 115, 203, 225, 186, 102, 77, 99, 151, 29, 178, 165, 67, 238, 17, 152, 13, 92, 121, 19, 2, 156, 254, 52, 6, 205, 11, 56, 192, 158, 112, 82, 42, 108, 45, 240, 170, 0, 199, 247, 155, 63, 47, 217, 84, 187, 36, 81, 105, 139, 117, 162, 216, 87, 101, 138, 147, 54, 209, 214, 31, 51, 24, 74, 20, 181, 168, 185, 196, 201, 244, 10, 22, 116, 253, 176, 245, 76, 100, 23, 141, 37, 38, 194, 179, 172, 86, 48, 66, 235, 122, 175, 125, 193, 9, 248, 72, 241, 159, 191, 129, 46, 204, 136, 124, 89, 40, 231, 228, 251, 173, 230, 27, 26, 65, 59, 188, 128, 167, 50, 143, 15, 255, 53, 160, 98, 83, 79, 232, 14, 161, 252, 146, 202, 44, 3, 180, 28, 137, 95, 145, 60, 140, 30, 206, 212, 111, 142, 198, 222, 127, 96, 236, 55, 97, 57, 18, 171, 71, 174, 107, 64, 210, 118, 39, 166, 32, 233, 197, 73, 220, 207, 114, 

Нелінійність  = 94 

Алгебраїчний імунітет  = 3 

Дельта-рівномірність  = 12 

Лінійна збитковість = 0 



Час виконання: 1934.628000 секунд

Блок з необхідними параметрами знайдено

Кількість виконаних ітерацій = 7 
_______________________________________________________________________________________________
