
Початкове число ітерацій = 200
N = 40
PSO S-boxes:
99, 124, 119, 123, 242, 107, 111, 197, 48, 1, 103, 43, 254, 215, 171, 118, 202, 130, 201, 125, 250, 89, 71, 240, 173, 212, 162, 175, 156, 164, 114, 192, 183, 253, 147, 38, 54, 63, 247, 204, 52, 165, 229, 241, 113, 216, 49, 21, 4, 199, 35, 195, 24, 150, 5, 154, 7, 18, 128, 226, 235, 39, 178, 117, 9, 131, 44, 26, 27, 110, 90, 160, 82, 59, 214, 179, 41, 227, 47, 132, 83, 209, 0, 237, 32, 252, 177, 91, 106, 203, 190, 57, 74, 76, 88, 207, 208, 239, 170, 251, 67, 77, 51, 133, 69, 249, 2, 127, 80, 60, 159, 168, 81, 163, 64, 143, 146, 157, 56, 245, 188, 182, 218, 33, 16, 255, 243, 210, 205, 12, 19, 236, 95, 151, 68, 23, 196, 167, 126, 61, 100, 93, 25, 115, 96, 129, 79, 220, 34, 42, 144, 136, 70, 238, 184, 20, 222, 94, 11, 219, 224, 50, 58, 10, 73, 6, 36, 92, 194, 211, 172, 98, 145, 149, 228, 121, 231, 200, 55, 109, 141, 213, 78, 169, 108, 86, 244, 234, 101, 122, 174, 8, 186, 120, 37, 46, 28, 166, 180, 198, 232, 221, 116, 31, 75, 189, 139, 138, 112, 62, 181, 102, 72, 3, 246, 14, 97, 53, 87, 185, 134, 193, 29, 158, 225, 248, 152, 17, 105, 217, 142, 148, 155, 30, 135, 233, 206, 85, 40, 223, 140, 161, 137, 13, 191, 230, 66, 104, 65, 153, 45, 15, 176, 84, 187, 22, 

Нелінійність  = 112 

Алгебраїчний імунітет  = 2 

Дельта-рівномірність  = 4 

Лінійна збитковість = 255 



99, 124, 119, 123, 242, 107, 111, 197, 48, 1, 103, 43, 254, 215, 171, 118, 202, 130, 201, 125, 250, 89, 71, 240, 173, 212, 162, 175, 156, 164, 114, 192, 183, 253, 147, 38, 54, 63, 204, 247, 52, 165, 229, 241, 113, 216, 49, 21, 4, 199, 35, 195, 24, 150, 5, 154, 7, 18, 128, 226, 235, 39, 178, 117, 9, 131, 44, 26, 27, 110, 90, 160, 82, 59, 214, 179, 41, 227, 47, 132, 83, 209, 0, 237, 32, 252, 177, 91, 106, 203, 190, 57, 74, 76, 88, 207, 208, 239, 170, 251, 67, 77, 51, 133, 69, 249, 2, 127, 80, 60, 159, 168, 81, 163, 64, 143, 146, 157, 56, 245, 188, 182, 218, 33, 16, 255, 243, 210, 205, 12, 19, 236, 95, 151, 68, 23, 196, 167, 126, 61, 100, 93, 25, 115, 96, 129, 79, 220, 34, 42, 144, 136, 70, 238, 184, 20, 222, 94, 11, 219, 224, 50, 58, 10, 73, 6, 36, 92, 194, 211, 172, 98, 145, 149, 228, 121, 231, 200, 55, 109, 141, 213, 78, 169, 108, 86, 244, 234, 101, 122, 174, 8, 186, 120, 37, 46, 28, 166, 180, 198, 232, 221, 116, 31, 75, 189, 139, 138, 112, 62, 181, 102, 72, 3, 246, 14, 97, 53, 87, 185, 134, 193, 29, 158, 225, 248, 152, 17, 105, 217, 142, 148, 155, 30, 135, 233, 206, 85, 40, 223, 140, 161, 137, 13, 191, 230, 66, 104, 65, 153, 45, 15, 176, 84, 187, 22, 

Нелінійність  = 110 

Алгебраїчний імунітет  = 2 

Дельта-рівномірність  = 6 

Лінійна збитковість = 126 



99, 124, 119, 123, 242, 107, 57, 201, 130, 1, 103, 43, 254, 72, 171, 112, 202, 48, 129, 125, 250, 89, 71, 240, 173, 212, 162, 21, 156, 44, 114, 192, 105, 253, 147, 38, 54, 31, 225, 227, 52, 204, 229, 249, 113, 216, 155, 175, 4, 199, 35, 195, 24, 150, 5, 154, 7, 18, 128, 226, 235, 39, 178, 117, 9, 131, 164, 26, 27, 110, 90, 160, 82, 59, 214, 179, 41, 40, 47, 132, 83, 209, 0, 237, 32, 252, 177, 91, 165, 203, 190, 111, 74, 76, 88, 207, 208, 239, 170, 251, 67, 77, 51, 133, 69, 241, 2, 127, 80, 60, 159, 168, 81, 163, 64, 143, 146, 157, 56, 245, 188, 182, 218, 33, 16, 255, 243, 210, 205, 12, 19, 236, 95, 151, 68, 23, 196, 167, 126, 61, 100, 93, 25, 115, 96, 197, 79, 220, 34, 42, 144, 136, 70, 238, 184, 20, 222, 94, 11, 219, 224, 50, 58, 10, 73, 6, 36, 92, 194, 211, 172, 98, 145, 149, 228, 121, 231, 200, 55, 109, 141, 213, 78, 169, 108, 86, 244, 234, 101, 122, 174, 8, 186, 120, 37, 46, 28, 166, 180, 198, 232, 221, 116, 63, 75, 189, 139, 138, 118, 62, 181, 102, 215, 3, 246, 14, 97, 53, 87, 185, 134, 193, 29, 158, 217, 248, 152, 17, 183, 49, 142, 148, 191, 30, 135, 233, 206, 85, 15, 223, 140, 161, 137, 13, 187, 230, 66, 104, 65, 153, 45, 247, 176, 84, 106, 22, 

Нелінійність  = 102 

Алгебраїчний імунітет  = 3 

Дельта-рівномірність  = 8 

Лінійна збитковість = 0 



122, 255, 133, 125, 241, 204, 218, 33, 145, 215, 1, 159, 200, 190, 76, 48, 211, 184, 178, 61, 68, 8, 172, 118, 222, 154, 84, 210, 193, 56, 105, 175, 127, 249, 53, 96, 207, 185, 247, 187, 34, 134, 35, 183, 129, 194, 166, 243, 179, 65, 46, 36, 81, 208, 192, 69, 113, 117, 149, 225, 83, 39, 132, 197, 90, 5, 119, 102, 167, 80, 253, 37, 18, 23, 6, 73, 77, 22, 227, 99, 108, 124, 63, 32, 94, 251, 97, 100, 11, 147, 162, 19, 0, 242, 152, 24, 245, 109, 173, 72, 177, 223, 51, 38, 135, 216, 142, 40, 202, 57, 75, 201, 199, 74, 236, 31, 136, 47, 110, 168, 219, 21, 114, 87, 244, 181, 254, 64, 146, 188, 2, 92, 42, 121, 186, 155, 115, 16, 9, 198, 232, 25, 66, 41, 174, 176, 62, 13, 189, 49, 101, 111, 137, 164, 230, 248, 98, 148, 156, 91, 220, 10, 59, 67, 214, 52, 7, 79, 126, 107, 213, 45, 93, 191, 171, 224, 206, 85, 158, 50, 238, 29, 106, 252, 229, 195, 180, 112, 240, 95, 234, 153, 237, 104, 26, 20, 239, 58, 89, 71, 70, 88, 169, 143, 161, 139, 203, 228, 123, 233, 120, 196, 27, 163, 205, 246, 151, 130, 128, 165, 60, 30, 209, 212, 141, 250, 157, 226, 4, 140, 217, 116, 170, 54, 103, 15, 235, 12, 182, 43, 150, 221, 14, 231, 17, 3, 138, 55, 78, 44, 86, 160, 28, 144, 131, 82, 

Нелінійність  = 96 

Алгебраїчний імунітет  = 3 

Дельта-рівномірність  = 14 

Лінійна збитковість = 0 



122, 255, 133, 125, 241, 204, 218, 33, 145, 215, 1, 159, 200, 190, 76, 48, 211, 184, 178, 61, 68, 8, 172, 118, 222, 154, 84, 210, 193, 56, 105, 175, 127, 249, 53, 96, 207, 185, 247, 187, 34, 134, 35, 183, 129, 194, 166, 243, 179, 65, 46, 36, 81, 208, 192, 69, 113, 117, 149, 225, 83, 39, 132, 197, 90, 5, 119, 102, 167, 80, 253, 37, 18, 23, 6, 73, 77, 22, 227, 99, 108, 124, 63, 32, 94, 251, 97, 100, 11, 147, 162, 19, 0, 242, 152, 24, 245, 109, 173, 72, 177, 223, 51, 38, 135, 216, 142, 40, 202, 57, 75, 201, 199, 74, 236, 31, 136, 47, 110, 168, 219, 21, 114, 87, 244, 181, 254, 64, 146, 188, 2, 92, 42, 121, 186, 155, 115, 16, 9, 198, 232, 25, 66, 41, 174, 176, 62, 13, 189, 49, 101, 111, 137, 164, 230, 248, 98, 148, 156, 91, 220, 10, 59, 67, 214, 52, 7, 79, 126, 107, 213, 45, 93, 191, 171, 224, 206, 85, 158, 50, 238, 29, 106, 252, 229, 195, 180, 112, 240, 95, 234, 153, 237, 104, 26, 20, 239, 58, 89, 71, 70, 88, 169, 143, 161, 139, 203, 228, 123, 233, 120, 196, 27, 163, 205, 246, 151, 130, 128, 165, 60, 30, 209, 212, 141, 250, 157, 226, 4, 140, 217, 116, 170, 54, 103, 15, 235, 12, 182, 43, 150, 221, 14, 231, 17, 3, 138, 55, 78, 44, 86, 160, 28, 144, 131, 82, 

Нелінійність  = 96 

Алгебраїчний імунітет  = 3 

Дельта-рівномірність  = 14 

Лінійна збитковість = 0 



50, 193, 153, 64, 108, 168, 113, 197, 72, 79, 116, 207, 127, 67, 225, 86, 53, 180, 130, 250, 134, 144, 230, 236, 182, 224, 238, 22, 69, 11, 16, 14, 143, 122, 87, 19, 188, 216, 213, 152, 88, 227, 129, 131, 45, 179, 43, 212, 183, 39, 104, 5, 120, 232, 234, 161, 58, 75, 219, 8, 126, 160, 62, 70, 165, 173, 240, 17, 145, 255, 112, 15, 89, 176, 10, 28, 102, 228, 164, 147, 246, 162, 135, 214, 136, 106, 220, 138, 151, 237, 223, 139, 41, 215, 55, 158, 198, 59, 141, 47, 23, 195, 184, 74, 221, 110, 208, 248, 217, 186, 204, 175, 82, 170, 92, 174, 99, 84, 247, 203, 254, 25, 140, 107, 105, 155, 149, 242, 34, 123, 211, 46, 40, 80, 181, 243, 154, 71, 96, 33, 56, 121, 66, 146, 202, 137, 185, 26, 233, 4, 52, 31, 77, 167, 94, 196, 49, 24, 148, 57, 21, 32, 60, 0, 42, 114, 157, 209, 91, 18, 93, 156, 128, 210, 101, 7, 118, 249, 38, 29, 150, 187, 83, 222, 163, 201, 191, 100, 190, 171, 103, 245, 95, 90, 119, 97, 218, 115, 132, 253, 63, 9, 98, 81, 205, 51, 133, 169, 235, 36, 65, 172, 178, 35, 30, 231, 76, 166, 199, 73, 1, 37, 54, 2, 189, 48, 78, 27, 6, 12, 239, 244, 206, 44, 241, 229, 159, 251, 117, 192, 3, 13, 125, 252, 20, 194, 61, 85, 124, 109, 68, 226, 200, 111, 177, 142, 

Нелінійність  = 96 

Алгебраїчний імунітет  = 3 

Дельта-рівномірність  = 12 

Лінійна збитковість = 0 



120, 136, 241, 60, 190, 46, 212, 144, 37, 147, 75, 184, 47, 65, 213, 149, 23, 155, 70, 245, 145, 17, 188, 133, 254, 187, 33, 224, 78, 63, 100, 177, 107, 86, 162, 130, 186, 229, 142, 148, 25, 173, 132, 255, 234, 8, 80, 111, 62, 66, 19, 216, 84, 29, 13, 206, 202, 12, 87, 252, 122, 42, 32, 189, 101, 11, 41, 209, 26, 4, 219, 5, 10, 129, 48, 109, 54, 243, 57, 236, 45, 79, 51, 89, 196, 153, 201, 124, 208, 179, 163, 126, 134, 110, 92, 125, 253, 205, 58, 218, 88, 223, 182, 217, 72, 215, 211, 40, 180, 91, 16, 128, 90, 56, 14, 35, 250, 28, 123, 178, 139, 198, 83, 52, 99, 157, 39, 199, 104, 74, 183, 151, 228, 15, 106, 116, 34, 1, 117, 195, 71, 171, 105, 203, 233, 181, 96, 0, 103, 9, 31, 200, 231, 143, 249, 168, 242, 20, 27, 248, 164, 3, 49, 55, 150, 207, 175, 76, 121, 2, 176, 246, 146, 238, 227, 93, 240, 81, 44, 36, 30, 141, 237, 127, 251, 50, 230, 244, 169, 221, 95, 247, 113, 166, 165, 194, 98, 131, 204, 38, 193, 115, 137, 154, 210, 43, 118, 222, 77, 82, 21, 174, 61, 220, 161, 67, 24, 59, 172, 170, 6, 167, 239, 152, 226, 192, 102, 69, 185, 235, 53, 114, 18, 159, 119, 108, 156, 22, 197, 140, 64, 68, 112, 7, 135, 138, 94, 225, 97, 73, 158, 191, 85, 232, 214, 160, 

Нелінійність  = 96 

Алгебраїчний імунітет  = 3 

Дельта-рівномірність  = 12 

Лінійна збитковість = 0 



122, 255, 133, 125, 241, 204, 218, 33, 145, 215, 1, 159, 200, 190, 76, 48, 211, 184, 178, 61, 68, 8, 172, 118, 222, 154, 84, 210, 193, 56, 105, 175, 127, 249, 53, 96, 207, 185, 247, 187, 34, 134, 35, 183, 129, 194, 166, 243, 179, 65, 46, 36, 81, 208, 192, 69, 113, 117, 149, 225, 83, 39, 132, 197, 90, 5, 119, 102, 167, 80, 253, 37, 18, 23, 6, 73, 77, 22, 227, 99, 108, 124, 63, 32, 94, 251, 97, 100, 11, 147, 162, 19, 0, 242, 152, 24, 245, 109, 173, 72, 177, 223, 51, 38, 135, 216, 142, 40, 202, 57, 75, 201, 199, 74, 236, 31, 136, 47, 110, 168, 219, 21, 114, 87, 244, 181, 254, 64, 146, 188, 2, 92, 42, 121, 186, 155, 115, 16, 9, 198, 232, 25, 66, 41, 174, 176, 62, 13, 189, 49, 101, 111, 137, 164, 230, 248, 98, 148, 156, 91, 220, 10, 59, 67, 214, 52, 7, 79, 126, 107, 213, 45, 93, 191, 171, 224, 206, 85, 158, 50, 238, 29, 106, 252, 229, 195, 180, 112, 240, 95, 234, 153, 237, 104, 26, 20, 239, 58, 89, 71, 70, 88, 169, 143, 161, 139, 203, 228, 123, 233, 120, 196, 27, 163, 205, 246, 151, 130, 128, 165, 60, 30, 209, 212, 141, 250, 157, 226, 4, 140, 217, 116, 170, 54, 103, 15, 235, 12, 182, 43, 150, 221, 14, 231, 17, 3, 138, 55, 78, 44, 86, 160, 28, 144, 131, 82, 

Нелінійність  = 96 

Алгебраїчний імунітет  = 3 

Дельта-рівномірність  = 14 

Лінійна збитковість = 0 



101, 130, 117, 119, 247, 106, 103, 198, 27, 226, 105, 43, 1, 224, 182, 102, 221, 139, 214, 111, 10, 81, 50, 13, 175, 234, 176, 178, 148, 179, 45, 71, 174, 21, 147, 17, 34, 46, 156, 74, 52, 165, 240, 97, 109, 212, 25, 253, 167, 203, 28, 155, 3, 164, 244, 173, 237, 163, 222, 160, 251, 14, 177, 114, 6, 191, 26, 66, 202, 80, 84, 199, 63, 42, 69, 187, 83, 236, 38, 145, 91, 72, 249, 233, 15, 255, 190, 100, 126, 197, 110, 40, 73, 161, 96, 225, 210, 241, 171, 11, 70, 79, 44, 144, 75, 250, 232, 124, 35, 39, 157, 185, 67, 235, 98, 154, 137, 22, 95, 201, 195, 181, 215, 19, 56, 16, 5, 169, 216, 9, 248, 243, 86, 87, 30, 188, 204, 206, 116, 53, 125, 82, 123, 68, 94, 146, 47, 78, 54, 31, 132, 128, 48, 196, 208, 76, 242, 92, 150, 239, 134, 217, 108, 254, 189, 238, 51, 245, 23, 64, 2, 99, 140, 194, 230, 127, 205, 200, 58, 115, 186, 209, 143, 168, 55, 18, 129, 227, 41, 133, 184, 207, 33, 166, 29, 90, 219, 89, 231, 213, 85, 107, 246, 24, 193, 183, 135, 218, 36, 60, 32, 113, 77, 49, 131, 170, 152, 20, 88, 7, 8, 172, 59, 229, 159, 149, 57, 252, 65, 220, 153, 93, 120, 180, 61, 62, 104, 0, 158, 141, 112, 136, 122, 142, 4, 211, 12, 37, 151, 121, 228, 162, 223, 118, 192, 138, 

Нелінійність  = 96 

Алгебраїчний імунітет  = 3 

Дельта-рівномірність  = 10 

Лінійна збитковість = 0 



110, 117, 122, 121, 4, 120, 119, 211, 33, 240, 92, 34, 212, 233, 188, 129, 208, 130, 225, 125, 23, 69, 54, 239, 164, 238, 166, 190, 147, 179, 105, 187, 189, 6, 135, 18, 51, 55, 19, 215, 85, 158, 255, 246, 126, 229, 35, 252, 237, 224, 12, 216, 159, 148, 235, 145, 7, 220, 141, 247, 3, 24, 193, 113, 236, 142, 27, 42, 20, 197, 96, 163, 78, 58, 104, 198, 21, 88, 227, 139, 87, 74, 226, 0, 251, 13, 214, 89, 150, 53, 107, 50, 75, 83, 77, 169, 112, 1, 232, 15, 63, 79, 40, 228, 124, 73, 234, 143, 245, 44, 174, 176, 67, 173, 47, 160, 137, 48, 43, 9, 185, 181, 204, 154, 2, 118, 195, 59, 99, 206, 11, 114, 38, 157, 70, 156, 41, 161, 31, 56, 101, 52, 16, 65, 86, 102, 82, 128, 138, 25, 72, 127, 49, 167, 242, 249, 115, 60, 253, 219, 223, 8, 170, 108, 151, 222, 91, 149, 202, 132, 186, 165, 134, 168, 97, 205, 26, 14, 203, 217, 140, 57, 184, 64, 106, 81, 221, 218, 28, 192, 175, 172, 196, 152, 94, 162, 103, 183, 244, 200, 230, 231, 100, 39, 76, 62, 131, 136, 66, 68, 5, 243, 22, 95, 84, 32, 116, 109, 71, 30, 45, 144, 17, 93, 254, 36, 210, 182, 171, 178, 241, 133, 46, 209, 153, 29, 98, 213, 180, 61, 194, 248, 199, 37, 155, 250, 201, 80, 146, 123, 111, 90, 177, 191, 10, 207, 

Нелінійність  = 96 

Алгебраїчний імунітет  = 3 

Дельта-рівномірність  = 10 

Лінійна збитковість = 0 



102, 135, 105, 122, 241, 95, 109, 219, 38, 244, 94, 39, 0, 242, 176, 104, 223, 134, 227, 121, 18, 87, 74, 243, 193, 211, 181, 171, 148, 173, 108, 204, 187, 253, 149, 24, 50, 61, 19, 220, 209, 158, 79, 4, 111, 217, 54, 53, 5, 222, 150, 196, 66, 140, 169, 153, 229, 245, 137, 247, 6, 34, 177, 127, 16, 146, 36, 3, 110, 119, 77, 157, 85, 52, 238, 184, 31, 240, 28, 139, 73, 208, 231, 118, 114, 26, 97, 99, 103, 214, 186, 224, 192, 46, 195, 210, 207, 252, 30, 9, 60, 57, 58, 129, 71, 23, 236, 232, 83, 67, 156, 143, 126, 162, 51, 174, 63, 161, 86, 234, 182, 43, 125, 22, 155, 78, 7, 233, 33, 35, 82, 248, 101, 168, 130, 251, 201, 163, 133, 45, 100, 37, 2, 107, 64, 226, 62, 237, 11, 47, 142, 29, 49, 225, 32, 80, 154, 194, 13, 216, 235, 98, 190, 55, 124, 93, 10, 215, 84, 218, 250, 12, 147, 141, 144, 200, 115, 203, 40, 1, 152, 166, 138, 178, 96, 14, 8, 68, 117, 56, 112, 205, 132, 116, 128, 27, 172, 160, 180, 197, 90, 254, 21, 249, 25, 191, 164, 206, 42, 183, 136, 48, 75, 246, 198, 202, 212, 113, 175, 255, 76, 91, 92, 15, 199, 228, 159, 20, 81, 41, 221, 165, 145, 230, 70, 167, 72, 89, 65, 131, 59, 170, 17, 69, 106, 185, 88, 239, 188, 213, 120, 44, 151, 179, 189, 123, 

Нелінійність  = 96 

Алгебраїчний імунітет  = 3 

Дельта-рівномірність  = 12 

Лінійна збитковість = 0 



29, 91, 151, 66, 181, 149, 153, 150, 173, 52, 108, 79, 192, 214, 226, 142, 30, 73, 140, 98, 90, 198, 185, 122, 76, 123, 141, 250, 236, 70, 105, 83, 161, 189, 132, 180, 205, 136, 163, 124, 194, 164, 97, 93, 118, 184, 69, 138, 190, 100, 221, 211, 131, 146, 55, 195, 106, 85, 42, 156, 197, 47, 135, 157, 209, 26, 110, 245, 159, 96, 87, 240, 200, 179, 172, 199, 16, 227, 183, 133, 78, 230, 171, 82, 191, 178, 235, 210, 218, 175, 177, 155, 88, 145, 128, 127, 220, 71, 81, 22, 203, 114, 41, 89, 5, 51, 168, 62, 201, 120, 154, 186, 213, 107, 99, 65, 13, 74, 176, 130, 32, 196, 207, 38, 10, 215, 216, 6, 119, 4, 162, 241, 116, 121, 18, 224, 115, 84, 231, 112, 137, 228, 103, 206, 27, 152, 160, 54, 169, 144, 212, 117, 92, 102, 60, 59, 253, 1, 202, 232, 72, 126, 77, 58, 143, 80, 165, 234, 225, 125, 148, 254, 31, 174, 139, 0, 14, 8, 249, 25, 104, 7, 48, 86, 37, 15, 204, 50, 129, 33, 12, 158, 222, 95, 219, 61, 94, 247, 243, 182, 255, 111, 223, 187, 109, 252, 229, 45, 17, 57, 166, 193, 233, 170, 9, 248, 147, 23, 43, 35, 36, 46, 208, 40, 49, 2, 19, 63, 20, 113, 68, 239, 134, 75, 167, 237, 242, 246, 24, 188, 244, 56, 251, 44, 67, 101, 34, 39, 238, 53, 21, 217, 64, 11, 3, 28, 

Нелінійність  = 96 

Алгебраїчний імунітет  = 3 

Дельта-рівномірність  = 10 

Лінійна збитковість = 0 



90, 83, 140, 155, 205, 116, 177, 190, 216, 246, 91, 49, 231, 150, 88, 251, 54, 60, 100, 236, 129, 159, 239, 19, 163, 47, 55, 154, 226, 23, 94, 147, 255, 71, 151, 206, 217, 202, 254, 75, 58, 172, 143, 201, 149, 248, 244, 214, 31, 175, 93, 62, 191, 46, 141, 5, 218, 64, 221, 87, 113, 240, 192, 144, 37, 4, 187, 131, 48, 108, 139, 29, 235, 198, 230, 117, 161, 158, 122, 35, 26, 121, 59, 115, 173, 229, 80, 27, 119, 252, 20, 195, 82, 105, 28, 73, 197, 224, 168, 128, 17, 65, 107, 51, 22, 30, 207, 152, 138, 232, 176, 41, 193, 76, 212, 63, 223, 253, 183, 156, 137, 196, 242, 146, 24, 124, 103, 97, 125, 40, 233, 184, 170, 211, 77, 33, 136, 50, 208, 126, 32, 180, 145, 106, 114, 2, 18, 132, 96, 130, 243, 204, 44, 194, 69, 247, 66, 181, 148, 67, 133, 7, 112, 109, 13, 200, 160, 219, 118, 165, 153, 95, 186, 57, 220, 78, 142, 203, 38, 68, 162, 225, 169, 179, 213, 215, 72, 15, 52, 39, 99, 25, 1, 237, 101, 10, 178, 14, 199, 123, 84, 102, 42, 174, 8, 238, 245, 45, 135, 79, 36, 120, 34, 43, 127, 188, 9, 85, 241, 222, 189, 0, 234, 12, 61, 21, 16, 182, 164, 70, 56, 89, 166, 98, 53, 228, 81, 111, 227, 110, 167, 210, 86, 74, 104, 157, 250, 92, 6, 3, 249, 209, 11, 171, 185, 134, 

Нелінійність  = 94 

Алгебраїчний імунітет  = 3 

Дельта-рівномірність  = 12 

Лінійна збитковість = 0 



242, 201, 159, 34, 75, 78, 207, 185, 225, 116, 94, 1, 140, 86, 232, 93, 209, 131, 165, 69, 177, 246, 194, 99, 171, 228, 70, 154, 199, 189, 80, 60, 250, 182, 144, 151, 241, 87, 100, 4, 183, 23, 252, 253, 25, 3, 179, 126, 68, 134, 195, 90, 218, 27, 57, 190, 222, 149, 143, 6, 184, 192, 198, 238, 55, 239, 114, 81, 254, 89, 36, 14, 37, 33, 56, 135, 213, 148, 203, 217, 124, 2, 88, 216, 113, 233, 255, 101, 146, 43, 142, 103, 188, 73, 175, 191, 123, 46, 84, 173, 247, 202, 214, 102, 138, 51, 166, 109, 119, 64, 145, 115, 244, 107, 163, 150, 193, 18, 221, 0, 136, 160, 17, 155, 62, 40, 223, 117, 49, 83, 229, 13, 118, 147, 54, 132, 7, 245, 226, 227, 63, 12, 161, 208, 9, 24, 121, 156, 48, 237, 157, 112, 235, 204, 15, 104, 71, 176, 67, 215, 219, 95, 120, 168, 79, 110, 251, 169, 22, 44, 122, 231, 197, 58, 76, 230, 139, 137, 97, 59, 128, 74, 186, 248, 11, 162, 66, 111, 133, 52, 19, 29, 42, 236, 98, 39, 10, 172, 181, 240, 45, 105, 206, 61, 16, 65, 85, 130, 205, 92, 47, 125, 167, 153, 180, 50, 243, 174, 127, 41, 234, 249, 152, 106, 28, 96, 196, 108, 38, 129, 5, 170, 26, 77, 178, 82, 31, 32, 20, 210, 21, 141, 91, 8, 158, 187, 72, 164, 211, 53, 35, 220, 30, 200, 224, 212, 

Нелінійність  = 94 

Алгебраїчний імунітет  = 3 

Дельта-рівномірність  = 12 

Лінійна збитковість = 0 



104, 199, 191, 245, 175, 52, 228, 189, 220, 165, 42, 127, 16, 226, 128, 40, 28, 118, 252, 155, 97, 32, 91, 219, 10, 84, 243, 48, 105, 101, 129, 250, 251, 33, 247, 233, 136, 47, 31, 99, 75, 13, 148, 242, 62, 218, 22, 63, 12, 86, 119, 227, 9, 5, 41, 0, 146, 21, 110, 20, 244, 123, 152, 138, 174, 131, 230, 205, 65, 181, 126, 125, 163, 143, 100, 92, 134, 56, 61, 246, 4, 130, 213, 103, 43, 30, 140, 106, 157, 202, 78, 54, 178, 197, 236, 81, 209, 24, 132, 14, 77, 183, 68, 57, 124, 238, 156, 83, 185, 177, 50, 249, 38, 76, 141, 172, 49, 139, 74, 192, 188, 161, 69, 59, 46, 95, 214, 11, 102, 117, 223, 66, 17, 29, 72, 80, 167, 162, 2, 51, 170, 153, 15, 196, 121, 166, 208, 112, 1, 116, 90, 222, 254, 171, 19, 204, 158, 179, 142, 64, 60, 144, 212, 135, 108, 58, 55, 87, 225, 248, 111, 88, 194, 18, 221, 137, 149, 229, 215, 23, 53, 173, 186, 145, 8, 67, 150, 190, 187, 184, 168, 206, 109, 79, 36, 107, 207, 193, 7, 39, 96, 239, 94, 151, 164, 253, 176, 45, 122, 198, 26, 70, 200, 182, 115, 113, 44, 133, 34, 35, 180, 224, 160, 169, 237, 85, 71, 73, 240, 211, 154, 241, 89, 216, 93, 120, 235, 203, 25, 6, 210, 159, 82, 114, 3, 217, 37, 27, 255, 231, 232, 147, 201, 195, 98, 234, 

Нелінійність  = 94 

Алгебраїчний імунітет  = 3 

Дельта-рівномірність  = 12 

Лінійна збитковість = 0 



41, 246, 183, 142, 237, 158, 163, 112, 44, 109, 122, 73, 110, 186, 16, 231, 141, 175, 208, 49, 30, 157, 61, 226, 78, 167, 52, 132, 146, 219, 99, 191, 255, 197, 160, 27, 221, 193, 48, 214, 215, 11, 213, 95, 185, 172, 98, 77, 248, 238, 235, 21, 174, 154, 224, 250, 205, 83, 116, 115, 178, 20, 43, 239, 143, 105, 244, 26, 147, 151, 243, 182, 53, 194, 253, 28, 140, 144, 119, 210, 135, 234, 145, 5, 209, 181, 254, 123, 29, 138, 228, 201, 71, 202, 207, 103, 0, 252, 6, 128, 101, 165, 79, 17, 247, 251, 58, 55, 153, 217, 199, 85, 65, 170, 42, 189, 50, 7, 245, 200, 81, 184, 240, 46, 8, 76, 118, 121, 22, 212, 56, 38, 92, 32, 25, 57, 130, 67, 242, 125, 10, 129, 204, 86, 164, 155, 91, 9, 31, 89, 187, 148, 14, 96, 15, 93, 51, 168, 1, 223, 227, 12, 117, 80, 133, 179, 206, 218, 23, 19, 88, 139, 195, 34, 198, 13, 45, 203, 152, 108, 66, 24, 124, 18, 166, 225, 134, 176, 159, 68, 64, 69, 63, 126, 104, 54, 35, 102, 192, 33, 2, 229, 72, 233, 169, 60, 161, 220, 131, 40, 177, 74, 162, 136, 75, 137, 211, 82, 59, 190, 84, 188, 37, 127, 156, 149, 232, 62, 100, 230, 222, 39, 107, 180, 173, 150, 113, 36, 94, 241, 97, 4, 216, 120, 70, 106, 111, 114, 236, 196, 90, 171, 87, 47, 249, 3, 

Нелінійність  = 94 

Алгебраїчний імунітет  = 3 

Дельта-рівномірність  = 12 

Лінійна збитковість = 0 



20, 181, 101, 143, 105, 6, 53, 91, 171, 141, 197, 116, 209, 80, 39, 34, 155, 137, 16, 126, 30, 252, 212, 254, 247, 11, 133, 58, 230, 54, 189, 232, 136, 188, 246, 198, 81, 127, 35, 123, 206, 222, 32, 203, 14, 115, 166, 220, 190, 3, 221, 38, 77, 170, 211, 227, 8, 70, 29, 69, 47, 158, 62, 153, 240, 46, 179, 139, 83, 18, 44, 142, 121, 67, 98, 37, 201, 151, 235, 79, 52, 219, 238, 89, 103, 120, 85, 112, 241, 244, 56, 117, 73, 27, 180, 4, 19, 88, 36, 97, 164, 66, 145, 165, 163, 17, 194, 5, 132, 186, 43, 111, 192, 86, 202, 13, 223, 144, 159, 93, 216, 191, 106, 156, 218, 182, 231, 76, 25, 75, 87, 168, 92, 108, 55, 21, 122, 217, 100, 104, 95, 175, 102, 96, 178, 84, 57, 161, 49, 176, 187, 210, 242, 177, 12, 233, 174, 41, 128, 224, 237, 78, 65, 42, 26, 245, 167, 234, 135, 82, 68, 249, 236, 64, 150, 131, 226, 138, 113, 119, 149, 40, 124, 173, 130, 118, 94, 59, 146, 24, 50, 250, 114, 110, 134, 2, 195, 33, 157, 185, 225, 243, 99, 10, 71, 61, 204, 147, 154, 22, 229, 193, 28, 228, 109, 72, 253, 251, 31, 184, 51, 160, 125, 48, 1, 214, 248, 162, 74, 152, 140, 196, 129, 199, 0, 9, 45, 208, 60, 215, 107, 23, 207, 205, 200, 239, 7, 213, 255, 63, 169, 148, 172, 90, 15, 183, 

Нелінійність  = 94 

Алгебраїчний імунітет  = 3 

Дельта-рівномірність  = 12 

Лінійна збитковість = 0 



206, 240, 195, 253, 177, 203, 168, 76, 146, 66, 245, 49, 161, 251, 222, 228, 18, 90, 80, 227, 8, 30, 182, 175, 189, 69, 219, 33, 91, 218, 153, 144, 34, 59, 190, 194, 123, 233, 170, 151, 213, 89, 152, 120, 102, 109, 225, 166, 138, 140, 98, 188, 23, 197, 107, 192, 164, 84, 36, 154, 208, 16, 13, 215, 81, 246, 181, 193, 252, 101, 28, 46, 255, 200, 67, 122, 75, 133, 74, 139, 130, 88, 186, 241, 68, 134, 72, 196, 7, 176, 51, 112, 124, 132, 26, 247, 61, 231, 202, 77, 55, 212, 19, 86, 237, 165, 113, 111, 96, 27, 4, 187, 128, 12, 104, 41, 155, 249, 223, 85, 0, 239, 37, 143, 217, 45, 1, 114, 105, 31, 248, 47, 145, 244, 100, 44, 167, 131, 235, 229, 22, 95, 158, 238, 250, 92, 38, 39, 135, 48, 60, 2, 79, 62, 63, 106, 232, 201, 147, 149, 83, 56, 209, 78, 116, 5, 6, 205, 178, 14, 160, 43, 141, 15, 173, 174, 126, 214, 226, 9, 54, 21, 210, 157, 183, 82, 242, 94, 204, 127, 199, 211, 20, 220, 171, 156, 58, 25, 198, 115, 216, 150, 108, 103, 129, 207, 87, 57, 73, 243, 148, 236, 224, 169, 10, 11, 97, 234, 53, 64, 71, 32, 142, 118, 52, 184, 24, 40, 172, 163, 93, 99, 179, 185, 3, 191, 110, 136, 254, 162, 221, 159, 230, 29, 117, 35, 50, 65, 42, 17, 70, 119, 137, 121, 125, 180, 

Нелінійність  = 94 

Алгебраїчний імунітет  = 3 

Дельта-рівномірність  = 12 

Лінійна збитковість = 0 



72, 67, 68, 107, 189, 235, 163, 243, 96, 102, 93, 224, 229, 101, 215, 152, 204, 222, 0, 131, 126, 244, 46, 193, 217, 64, 43, 187, 181, 228, 210, 221, 70, 6, 122, 164, 156, 39, 245, 172, 239, 237, 160, 192, 91, 167, 135, 9, 97, 207, 158, 50, 177, 203, 66, 145, 86, 194, 42, 254, 179, 240, 90, 38, 144, 208, 130, 117, 166, 139, 120, 59, 185, 53, 44, 115, 75, 150, 73, 143, 176, 116, 137, 227, 255, 129, 89, 47, 238, 3, 151, 242, 188, 209, 79, 231, 8, 214, 31, 200, 52, 87, 63, 230, 219, 11, 20, 213, 35, 170, 161, 108, 250, 132, 123, 212, 121, 140, 169, 36, 78, 196, 146, 25, 118, 232, 5, 28, 211, 220, 65, 112, 128, 45, 141, 119, 19, 32, 162, 92, 216, 69, 24, 218, 186, 54, 2, 76, 110, 241, 29, 56, 171, 14, 183, 147, 233, 182, 201, 103, 149, 81, 58, 246, 226, 82, 40, 17, 175, 159, 155, 114, 248, 251, 1, 125, 142, 74, 136, 197, 100, 133, 157, 109, 199, 94, 180, 198, 191, 80, 178, 16, 34, 234, 62, 12, 60, 48, 23, 27, 71, 85, 148, 124, 206, 168, 88, 225, 30, 22, 61, 165, 205, 154, 173, 13, 249, 247, 83, 98, 153, 104, 57, 49, 84, 4, 10, 77, 21, 252, 51, 33, 95, 202, 99, 37, 184, 18, 190, 195, 7, 138, 127, 134, 253, 236, 111, 174, 223, 55, 106, 113, 105, 26, 41, 15, 

Нелінійність  = 94 

Алгебраїчний імунітет  = 3 

Дельта-рівномірність  = 12 

Лінійна збитковість = 0 



242, 201, 159, 34, 75, 78, 207, 185, 225, 116, 94, 1, 140, 86, 232, 93, 209, 131, 165, 69, 177, 246, 194, 99, 171, 228, 70, 154, 199, 189, 80, 60, 250, 182, 144, 151, 241, 87, 100, 4, 183, 23, 252, 253, 25, 3, 179, 126, 68, 134, 195, 90, 218, 27, 57, 190, 222, 149, 143, 6, 184, 192, 198, 238, 55, 239, 114, 81, 254, 89, 36, 14, 37, 33, 56, 135, 213, 148, 203, 217, 124, 2, 88, 216, 113, 233, 255, 101, 146, 43, 142, 103, 188, 73, 175, 191, 123, 46, 84, 173, 247, 202, 214, 102, 138, 51, 166, 109, 119, 64, 145, 115, 244, 107, 163, 150, 193, 18, 221, 0, 136, 160, 17, 155, 62, 40, 223, 117, 49, 83, 229, 13, 118, 147, 54, 132, 7, 245, 226, 227, 63, 12, 161, 208, 9, 24, 121, 156, 48, 237, 157, 112, 235, 204, 15, 104, 71, 176, 67, 215, 219, 95, 120, 168, 79, 110, 251, 169, 22, 44, 122, 231, 197, 58, 76, 230, 139, 137, 97, 59, 128, 74, 186, 248, 11, 162, 66, 111, 133, 52, 19, 29, 42, 236, 98, 39, 10, 172, 181, 240, 45, 105, 206, 61, 16, 65, 85, 130, 205, 92, 47, 125, 167, 153, 180, 50, 243, 174, 127, 41, 234, 249, 152, 106, 28, 96, 196, 108, 38, 129, 5, 170, 26, 77, 178, 82, 31, 32, 20, 210, 21, 141, 91, 8, 158, 187, 72, 164, 211, 53, 35, 220, 30, 200, 224, 212, 

Нелінійність  = 94 

Алгебраїчний імунітет  = 3 

Дельта-рівномірність  = 12 

Лінійна збитковість = 0 



36, 6, 51, 87, 76, 66, 125, 175, 225, 16, 49, 89, 247, 194, 188, 150, 3, 58, 63, 177, 38, 132, 114, 1, 111, 31, 143, 253, 227, 13, 12, 29, 28, 219, 64, 232, 151, 186, 251, 85, 223, 160, 74, 72, 195, 235, 67, 122, 236, 33, 81, 165, 19, 147, 70, 202, 4, 61, 62, 106, 27, 196, 146, 211, 220, 35, 11, 228, 238, 39, 141, 233, 245, 96, 104, 166, 102, 119, 84, 207, 2, 252, 152, 97, 213, 130, 206, 210, 42, 168, 229, 139, 145, 116, 65, 173, 198, 82, 189, 0, 22, 95, 158, 155, 17, 10, 249, 79, 204, 201, 199, 57, 164, 90, 78, 52, 161, 86, 113, 23, 112, 124, 120, 191, 69, 154, 163, 107, 24, 243, 240, 234, 55, 75, 73, 230, 94, 44, 80, 41, 212, 242, 178, 208, 8, 254, 48, 46, 169, 108, 200, 21, 56, 100, 83, 77, 255, 231, 214, 172, 18, 126, 117, 53, 221, 99, 118, 131, 237, 135, 226, 246, 93, 129, 50, 241, 71, 179, 176, 149, 30, 88, 148, 115, 98, 37, 26, 123, 203, 47, 162, 174, 9, 68, 224, 205, 127, 187, 54, 218, 171, 183, 197, 244, 20, 209, 217, 105, 25, 140, 193, 133, 91, 159, 239, 43, 7, 136, 59, 153, 110, 128, 103, 34, 181, 222, 144, 5, 101, 45, 134, 248, 137, 156, 15, 190, 170, 192, 92, 215, 185, 167, 184, 109, 60, 40, 216, 14, 182, 138, 121, 180, 32, 142, 250, 157, 

Нелінійність  = 94 

Алгебраїчний імунітет  = 3 

Дельта-рівномірність  = 12 

Лінійна збитковість = 0 



12, 144, 226, 5, 219, 223, 153, 91, 123, 41, 157, 34, 88, 224, 242, 90, 33, 58, 169, 8, 93, 234, 250, 213, 21, 200, 134, 243, 211, 70, 163, 113, 237, 103, 148, 133, 229, 61, 16, 120, 177, 106, 85, 78, 7, 104, 68, 149, 164, 119, 62, 218, 239, 126, 43, 154, 208, 110, 1, 35, 69, 109, 80, 75, 215, 150, 190, 246, 94, 130, 4, 135, 131, 227, 195, 183, 189, 221, 249, 49, 132, 184, 182, 25, 115, 203, 225, 186, 102, 77, 99, 151, 29, 178, 165, 67, 238, 17, 152, 13, 92, 121, 19, 2, 156, 254, 52, 6, 205, 11, 56, 192, 158, 112, 82, 42, 108, 45, 240, 170, 0, 199, 247, 155, 63, 47, 217, 84, 187, 36, 81, 105, 139, 117, 162, 216, 87, 101, 138, 147, 54, 209, 214, 31, 51, 24, 74, 20, 181, 168, 185, 196, 201, 244, 10, 22, 116, 253, 176, 245, 76, 100, 23, 141, 37, 38, 194, 179, 172, 86, 48, 66, 235, 122, 175, 125, 193, 9, 248, 72, 241, 159, 191, 129, 46, 204, 136, 124, 89, 40, 231, 228, 251, 173, 230, 27, 26, 65, 59, 188, 128, 167, 50, 143, 15, 255, 53, 160, 98, 83, 79, 232, 14, 161, 252, 146, 202, 44, 3, 180, 28, 137, 95, 145, 60, 140, 30, 206, 212, 111, 142, 198, 222, 127, 96, 236, 55, 97, 57, 18, 171, 71, 174, 107, 64, 210, 118, 39, 166, 32, 233, 197, 73, 220, 207, 114, 

Нелінійність  = 94 

Алгебраїчний імунітет  = 3 

Дельта-рівномірність  = 12 

Лінійна збитковість = 0 



20, 181, 101, 143, 105, 6, 53, 91, 171, 141, 197, 116, 209, 80, 39, 34, 155, 137, 16, 126, 30, 252, 212, 254, 247, 11, 133, 58, 230, 54, 189, 232, 136, 188, 246, 198, 81, 127, 35, 123, 206, 222, 32, 203, 14, 115, 166, 220, 190, 3, 221, 38, 77, 170, 211, 227, 8, 70, 29, 69, 47, 158, 62, 153, 240, 46, 179, 139, 83, 18, 44, 142, 121, 67, 98, 37, 201, 151, 235, 79, 52, 219, 238, 89, 103, 120, 85, 112, 241, 244, 56, 117, 73, 27, 180, 4, 19, 88, 36, 97, 164, 66, 145, 165, 163, 17, 194, 5, 132, 186, 43, 111, 192, 86, 202, 13, 223, 144, 159, 93, 216, 191, 106, 156, 218, 182, 231, 76, 25, 75, 87, 168, 92, 108, 55, 21, 122, 217, 100, 104, 95, 175, 102, 96, 178, 84, 57, 161, 49, 176, 187, 210, 242, 177, 12, 233, 174, 41, 128, 224, 237, 78, 65, 42, 26, 245, 167, 234, 135, 82, 68, 249, 236, 64, 150, 131, 226, 138, 113, 119, 149, 40, 124, 173, 130, 118, 94, 59, 146, 24, 50, 250, 114, 110, 134, 2, 195, 33, 157, 185, 225, 243, 99, 10, 71, 61, 204, 147, 154, 22, 229, 193, 28, 228, 109, 72, 253, 251, 31, 184, 51, 160, 125, 48, 1, 214, 248, 162, 74, 152, 140, 196, 129, 199, 0, 9, 45, 208, 60, 215, 107, 23, 207, 205, 200, 239, 7, 213, 255, 63, 169, 148, 172, 90, 15, 183, 

Нелінійність  = 94 

Алгебраїчний імунітет  = 3 

Дельта-рівномірність  = 12 

Лінійна збитковість = 0 



241, 187, 173, 86, 78, 40, 4, 146, 44, 120, 239, 52, 248, 20, 219, 181, 199, 124, 214, 10, 224, 227, 14, 100, 61, 97, 83, 41, 37, 101, 3, 110, 175, 194, 115, 80, 30, 131, 159, 99, 67, 22, 166, 223, 165, 56, 123, 244, 1, 128, 79, 92, 151, 202, 24, 246, 191, 138, 155, 74, 249, 113, 148, 143, 45, 242, 38, 174, 228, 28, 0, 172, 133, 104, 53, 232, 39, 65, 217, 50, 90, 54, 203, 48, 176, 117, 200, 171, 107, 225, 71, 137, 250, 91, 35, 19, 82, 149, 220, 46, 55, 12, 153, 141, 192, 87, 230, 139, 98, 127, 103, 66, 29, 69, 6, 13, 93, 177, 26, 156, 126, 58, 129, 142, 198, 9, 235, 27, 130, 15, 21, 251, 119, 51, 112, 253, 161, 105, 108, 5, 70, 72, 42, 252, 140, 7, 89, 25, 23, 8, 122, 109, 36, 184, 95, 168, 136, 96, 207, 68, 215, 247, 43, 238, 81, 255, 193, 216, 170, 152, 243, 162, 60, 160, 164, 205, 2, 237, 254, 77, 212, 118, 111, 229, 17, 188, 116, 64, 121, 204, 221, 234, 190, 145, 157, 167, 132, 178, 18, 197, 31, 231, 195, 94, 222, 213, 210, 206, 150, 63, 134, 144, 245, 59, 186, 189, 218, 201, 88, 125, 208, 33, 236, 84, 185, 76, 226, 102, 62, 180, 47, 11, 49, 182, 179, 163, 158, 147, 135, 114, 240, 196, 211, 233, 85, 16, 106, 34, 154, 73, 169, 209, 183, 57, 75, 32, 

Нелінійність  = 94 

Алгебраїчний імунітет  = 3 

Дельта-рівномірність  = 12 

Лінійна збитковість = 0 



98, 10, 5, 215, 1, 58, 210, 82, 0, 237, 64, 226, 77, 181, 62, 166, 186, 32, 37, 89, 122, 150, 4, 184, 135, 218, 160, 126, 209, 198, 203, 146, 188, 53, 171, 223, 88, 151, 60, 80, 38, 123, 153, 162, 157, 113, 36, 178, 230, 54, 213, 254, 189, 79, 222, 234, 202, 228, 86, 190, 21, 242, 248, 208, 217, 121, 165, 103, 27, 250, 199, 167, 152, 105, 65, 195, 57, 129, 76, 90, 229, 112, 127, 139, 47, 196, 232, 182, 94, 158, 92, 173, 59, 69, 204, 187, 193, 145, 172, 252, 81, 16, 23, 71, 44, 101, 236, 6, 84, 128, 169, 2, 28, 168, 118, 35, 19, 132, 241, 251, 212, 42, 52, 201, 227, 15, 61, 31, 148, 174, 176, 245, 175, 191, 238, 163, 51, 114, 161, 134, 49, 14, 225, 39, 30, 8, 115, 131, 255, 179, 116, 87, 170, 24, 130, 102, 117, 142, 104, 177, 106, 133, 147, 211, 149, 108, 141, 156, 140, 143, 99, 91, 33, 34, 72, 26, 120, 144, 13, 235, 185, 224, 207, 97, 70, 246, 124, 50, 221, 66, 29, 17, 67, 253, 25, 155, 68, 180, 119, 125, 216, 46, 96, 154, 220, 12, 164, 45, 200, 244, 138, 240, 7, 83, 95, 78, 197, 48, 243, 233, 110, 239, 74, 43, 136, 73, 9, 219, 111, 75, 22, 85, 41, 231, 40, 206, 183, 247, 249, 93, 205, 63, 194, 192, 55, 107, 109, 137, 18, 3, 20, 11, 100, 159, 214, 56, 

Нелінійність  = 94 

Алгебраїчний імунітет  = 3 

Дельта-рівномірність  = 10 

Лінійна збитковість = 0 



234, 237, 33, 212, 185, 115, 93, 71, 174, 80, 48, 186, 117, 105, 156, 144, 211, 160, 129, 196, 173, 168, 50, 4, 242, 158, 73, 194, 236, 238, 112, 21, 188, 18, 81, 103, 40, 55, 157, 75, 26, 82, 39, 83, 183, 88, 215, 45, 86, 222, 145, 241, 10, 42, 8, 46, 195, 17, 213, 243, 65, 58, 44, 206, 132, 137, 14, 139, 170, 198, 87, 19, 219, 128, 124, 95, 72, 61, 231, 190, 200, 29, 94, 224, 254, 106, 159, 36, 53, 37, 98, 79, 97, 41, 111, 255, 131, 138, 120, 154, 0, 24, 223, 177, 116, 133, 47, 104, 99, 165, 163, 101, 147, 172, 1, 161, 204, 143, 153, 76, 141, 230, 152, 92, 63, 205, 203, 240, 23, 6, 247, 2, 110, 134, 31, 135, 169, 175, 248, 218, 249, 192, 233, 246, 13, 12, 155, 162, 180, 108, 150, 146, 167, 35, 123, 78, 221, 245, 34, 96, 51, 216, 90, 142, 118, 136, 59, 5, 25, 227, 52, 151, 208, 202, 148, 62, 119, 130, 64, 114, 43, 251, 68, 100, 113, 179, 57, 182, 122, 3, 187, 229, 199, 176, 9, 28, 121, 70, 49, 77, 15, 54, 220, 89, 244, 166, 239, 225, 217, 32, 85, 20, 232, 91, 16, 27, 11, 164, 74, 207, 84, 250, 7, 109, 189, 102, 171, 140, 127, 125, 235, 226, 30, 209, 107, 69, 193, 252, 22, 66, 38, 126, 67, 181, 201, 184, 197, 191, 178, 210, 56, 228, 149, 214, 253, 60, 

Нелінійність  = 94 

Алгебраїчний імунітет  = 3 

Дельта-рівномірність  = 10 

Лінійна збитковість = 0 



10, 38, 15, 73, 29, 60, 212, 95, 150, 24, 105, 149, 3, 103, 205, 187, 159, 31, 176, 111, 107, 94, 34, 74, 96, 225, 90, 175, 99, 181, 186, 130, 20, 217, 35, 147, 86, 53, 151, 67, 156, 45, 43, 240, 219, 138, 92, 144, 231, 246, 5, 188, 6, 108, 145, 110, 203, 199, 81, 152, 235, 126, 157, 223, 161, 61, 0, 132, 30, 113, 206, 66, 251, 68, 169, 55, 127, 1, 213, 80, 208, 196, 85, 134, 82, 84, 4, 204, 27, 119, 177, 155, 182, 57, 131, 136, 172, 28, 164, 77, 242, 21, 167, 41, 109, 220, 71, 26, 171, 248, 89, 120, 230, 253, 123, 238, 178, 124, 16, 215, 207, 154, 195, 228, 247, 141, 254, 62, 91, 170, 183, 18, 229, 140, 255, 39, 209, 76, 180, 125, 168, 160, 244, 37, 211, 87, 232, 58, 198, 97, 22, 8, 189, 112, 190, 42, 237, 158, 51, 201, 115, 192, 101, 13, 226, 143, 40, 185, 214, 49, 241, 184, 165, 200, 33, 56, 25, 224, 139, 63, 17, 46, 129, 162, 210, 2, 19, 221, 250, 191, 32, 116, 166, 44, 233, 252, 12, 117, 7, 146, 236, 100, 197, 227, 133, 75, 163, 70, 239, 88, 202, 153, 234, 78, 64, 222, 79, 72, 243, 36, 83, 93, 194, 118, 23, 216, 137, 69, 142, 114, 14, 102, 106, 122, 52, 245, 65, 98, 50, 47, 59, 54, 174, 148, 249, 135, 11, 48, 193, 173, 121, 179, 128, 218, 104, 9, 

Нелінійність  = 94 

Алгебраїчний імунітет  = 3 

Дельта-рівномірність  = 12 

Лінійна збитковість = 0 



157, 217, 49, 151, 172, 40, 214, 203, 179, 65, 226, 91, 5, 6, 90, 155, 197, 20, 198, 9, 16, 22, 190, 254, 232, 244, 209, 113, 183, 180, 69, 131, 143, 2, 124, 165, 229, 50, 111, 251, 85, 240, 123, 33, 82, 149, 213, 71, 32, 44, 225, 27, 26, 106, 8, 118, 252, 47, 99, 176, 119, 247, 175, 223, 241, 236, 100, 182, 56, 10, 78, 248, 58, 196, 12, 83, 239, 60, 200, 122, 237, 81, 129, 142, 64, 17, 103, 73, 253, 249, 156, 3, 67, 29, 185, 101, 39, 147, 105, 57, 199, 204, 153, 141, 37, 51, 163, 192, 7, 222, 169, 144, 43, 205, 114, 13, 23, 112, 211, 11, 19, 186, 25, 187, 189, 242, 48, 218, 92, 110, 104, 135, 219, 14, 68, 167, 235, 138, 161, 128, 177, 184, 77, 158, 24, 230, 93, 134, 255, 59, 108, 250, 1, 97, 30, 201, 66, 70, 0, 228, 160, 146, 139, 188, 220, 193, 76, 74, 35, 125, 96, 89, 137, 136, 233, 55, 84, 54, 215, 80, 221, 86, 117, 150, 216, 94, 246, 191, 102, 194, 168, 120, 98, 4, 234, 63, 130, 72, 245, 52, 195, 75, 127, 15, 28, 126, 109, 178, 38, 154, 206, 42, 115, 243, 133, 210, 174, 132, 107, 87, 212, 53, 46, 238, 171, 79, 231, 164, 18, 166, 148, 202, 34, 173, 224, 162, 61, 181, 36, 207, 116, 159, 145, 208, 88, 62, 21, 121, 31, 227, 95, 170, 45, 140, 41, 152, 

Нелінійність  = 94 

Алгебраїчний імунітет  = 3 

Дельта-рівномірність  = 10 

Лінійна збитковість = 0 



97, 108, 118, 123, 243, 95, 98, 218, 36, 230, 117, 29, 5, 219, 184, 127, 201, 124, 204, 134, 18, 100, 59, 0, 167, 220, 172, 171, 152, 178, 116, 195, 191, 254, 159, 31, 35, 48, 247, 207, 55, 169, 251, 249, 111, 70, 149, 83, 238, 217, 34, 216, 17, 143, 200, 165, 250, 6, 126, 227, 255, 39, 133, 107, 214, 148, 58, 158, 10, 114, 136, 176, 91, 64, 241, 193, 37, 16, 25, 137, 80, 49, 248, 8, 138, 253, 188, 90, 119, 211, 194, 62, 84, 77, 246, 231, 192, 235, 170, 63, 53, 166, 51, 146, 61, 225, 57, 139, 65, 15, 196, 164, 66, 175, 43, 102, 131, 81, 50, 140, 185, 203, 232, 27, 24, 9, 242, 229, 213, 7, 22, 78, 122, 155, 73, 147, 11, 187, 141, 44, 3, 209, 20, 125, 87, 89, 82, 154, 239, 42, 150, 120, 112, 208, 179, 132, 92, 88, 105, 236, 205, 56, 221, 101, 210, 1, 40, 94, 74, 86, 237, 4, 12, 144, 199, 104, 177, 215, 202, 181, 129, 228, 75, 244, 93, 13, 115, 2, 198, 226, 180, 157, 186, 197, 222, 190, 106, 109, 103, 21, 68, 163, 110, 72, 52, 168, 67, 121, 240, 41, 189, 28, 252, 233, 99, 161, 183, 128, 69, 212, 79, 71, 85, 223, 182, 76, 23, 156, 45, 33, 113, 153, 234, 38, 14, 47, 46, 142, 19, 145, 54, 173, 245, 224, 206, 30, 160, 135, 32, 60, 151, 130, 26, 174, 162, 96, 

Нелінійність  = 94 

Алгебраїчний імунітет  = 3 

Дельта-рівномірність  = 12 

Лінійна збитковість = 0 



97, 108, 118, 123, 243, 95, 98, 218, 36, 230, 117, 29, 5, 219, 184, 127, 201, 124, 204, 134, 18, 100, 59, 0, 167, 220, 172, 171, 152, 178, 116, 195, 191, 254, 159, 31, 35, 48, 247, 207, 55, 169, 166, 249, 111, 189, 26, 143, 238, 217, 34, 216, 17, 223, 188, 165, 250, 6, 126, 227, 255, 39, 81, 107, 93, 148, 47, 208, 10, 114, 70, 176, 91, 64, 241, 193, 37, 174, 25, 137, 80, 106, 248, 8, 130, 253, 162, 90, 119, 211, 194, 62, 84, 96, 16, 231, 212, 120, 170, 14, 53, 30, 51, 146, 61, 168, 87, 139, 65, 155, 20, 164, 66, 175, 43, 158, 203, 142, 50, 71, 185, 233, 232, 27, 101, 9, 242, 229, 213, 246, 22, 160, 102, 68, 1, 7, 11, 187, 141, 44, 23, 4, 42, 125, 252, 57, 82, 180, 15, 38, 150, 140, 179, 58, 161, 79, 224, 88, 163, 236, 225, 56, 60, 3, 83, 76, 40, 94, 200, 19, 69, 105, 45, 144, 240, 209, 235, 215, 131, 2, 129, 237, 75, 89, 99, 73, 49, 41, 205, 92, 183, 12, 214, 78, 74, 199, 103, 112, 192, 67, 190, 52, 110, 173, 157, 196, 33, 86, 145, 147, 133, 206, 210, 239, 128, 186, 138, 226, 135, 13, 202, 46, 251, 24, 104, 222, 245, 121, 28, 136, 197, 153, 154, 54, 63, 156, 115, 221, 234, 85, 132, 21, 72, 32, 177, 228, 198, 181, 77, 182, 149, 122, 244, 151, 113, 109, 

Нелінійність  = 94 

Алгебраїчний імунітет  = 3 

Дельта-рівномірність  = 12 

Лінійна збитковість = 0 



99, 115, 110, 108, 251, 34, 97, 199, 27, 237, 111, 33, 29, 214, 177, 128, 225, 132, 195, 122, 14, 25, 69, 243, 194, 229, 152, 192, 163, 173, 113, 185, 175, 26, 135, 240, 44, 66, 19, 218, 50, 60, 106, 241, 120, 216, 53, 16, 3, 75, 168, 191, 36, 169, 1, 174, 246, 18, 131, 253, 234, 142, 182, 154, 244, 121, 21, 4, 23, 101, 86, 165, 72, 49, 238, 249, 30, 83, 46, 118, 94, 220, 197, 255, 31, 235, 148, 90, 100, 204, 205, 58, 61, 211, 70, 224, 208, 11, 91, 187, 39, 64, 82, 143, 62, 151, 239, 133, 67, 129, 236, 158, 87, 73, 55, 140, 159, 160, 54, 252, 188, 176, 65, 96, 13, 20, 247, 88, 219, 138, 15, 2, 105, 167, 68, 123, 200, 80, 250, 63, 92, 149, 170, 134, 93, 125, 102, 190, 153, 226, 210, 126, 47, 137, 206, 74, 231, 84, 57, 78, 245, 213, 162, 89, 28, 0, 56, 166, 22, 207, 180, 79, 139, 215, 24, 119, 242, 217, 35, 223, 222, 144, 230, 37, 147, 42, 52, 48, 193, 136, 77, 5, 196, 221, 38, 201, 6, 76, 203, 95, 103, 40, 71, 109, 227, 181, 172, 150, 233, 45, 145, 107, 51, 112, 7, 81, 104, 43, 161, 98, 117, 212, 186, 157, 116, 198, 155, 10, 184, 171, 141, 8, 164, 124, 114, 248, 209, 32, 202, 127, 189, 228, 179, 178, 9, 232, 254, 183, 41, 156, 85, 17, 59, 12, 146, 130, 

Нелінійність  = 94 

Алгебраїчний імунітет  = 3 

Дельта-рівномірність  = 12 

Лінійна збитковість = 0 



108, 140, 128, 192, 8, 113, 110, 200, 26, 0, 141, 38, 255, 218, 169, 114, 228, 90, 219, 119, 22, 84, 66, 15, 181, 236, 165, 166, 147, 184, 139, 213, 203, 2, 158, 14, 42, 48, 247, 220, 31, 143, 249, 7, 103, 214, 47, 9, 231, 221, 30, 199, 25, 151, 253, 148, 69, 13, 137, 242, 6, 19, 183, 106, 239, 144, 49, 1, 100, 120, 20, 197, 62, 55, 229, 224, 34, 241, 43, 123, 94, 204, 237, 235, 23, 12, 174, 76, 115, 208, 186, 60, 65, 71, 91, 212, 210, 4, 168, 28, 73, 75, 132, 131, 122, 24, 227, 134, 171, 150, 154, 33, 70, 173, 63, 155, 145, 167, 190, 18, 198, 136, 61, 126, 10, 135, 254, 3, 112, 163, 45, 83, 101, 161, 68, 89, 111, 206, 194, 64, 86, 97, 57, 104, 152, 156, 32, 243, 17, 195, 50, 77, 72, 172, 80, 232, 238, 82, 133, 225, 251, 41, 51, 5, 175, 182, 193, 88, 189, 217, 16, 35, 207, 211, 96, 160, 252, 44, 40, 130, 230, 118, 149, 176, 125, 93, 46, 117, 233, 159, 138, 245, 209, 127, 153, 248, 105, 164, 99, 196, 240, 226, 36, 142, 162, 187, 191, 234, 124, 53, 180, 85, 39, 246, 223, 11, 109, 92, 216, 170, 250, 202, 157, 37, 107, 121, 146, 29, 95, 78, 59, 177, 215, 205, 188, 201, 87, 58, 178, 102, 67, 129, 52, 185, 116, 244, 179, 56, 222, 27, 79, 81, 21, 74, 54, 98, 

Нелінійність  = 94 

Алгебраїчний імунітет  = 3 

Дельта-рівномірність  = 12 

Лінійна збитковість = 0 



82, 110, 130, 112, 250, 106, 114, 214, 32, 247, 111, 25, 16, 230, 173, 115, 201, 127, 211, 116, 4, 79, 74, 15, 165, 219, 174, 8, 146, 155, 141, 129, 183, 27, 156, 30, 56, 65, 3, 221, 49, 176, 254, 6, 105, 233, 28, 18, 180, 197, 21, 190, 26, 164, 5, 168, 240, 19, 118, 224, 1, 37, 196, 139, 31, 131, 48, 12, 9, 99, 91, 178, 189, 51, 226, 78, 38, 249, 24, 125, 69, 232, 245, 239, 61, 170, 215, 205, 113, 225, 202, 55, 72, 81, 86, 14, 218, 252, 177, 45, 76, 84, 248, 128, 64, 89, 253, 243, 87, 47, 159, 20, 73, 162, 192, 251, 161, 143, 44, 11, 194, 22, 227, 42, 212, 95, 152, 207, 229, 13, 246, 10, 94, 154, 185, 255, 200, 166, 103, 41, 7, 182, 158, 195, 107, 144, 70, 228, 142, 34, 132, 135, 58, 88, 236, 122, 223, 75, 150, 235, 53, 29, 54, 0, 68, 90, 52, 104, 216, 209, 188, 92, 137, 175, 124, 123, 163, 213, 208, 109, 59, 138, 80, 181, 108, 136, 77, 241, 97, 67, 172, 198, 133, 237, 153, 50, 17, 179, 234, 93, 193, 157, 66, 60, 100, 244, 210, 186, 39, 120, 147, 220, 184, 187, 160, 102, 134, 36, 62, 217, 23, 117, 71, 231, 46, 148, 206, 2, 119, 167, 199, 126, 171, 33, 145, 121, 140, 151, 43, 57, 40, 238, 96, 98, 149, 35, 169, 63, 101, 83, 204, 85, 242, 222, 203, 191, 

Нелінійність  = 94 

Алгебраїчний імунітет  = 3 

Дельта-рівномірність  = 12 

Лінійна збитковість = 0 



111, 135, 133, 130, 14, 113, 99, 211, 35, 255, 103, 30, 31, 230, 167, 110, 208, 143, 205, 127, 13, 89, 76, 6, 183, 207, 172, 175, 164, 162, 105, 200, 204, 2, 80, 25, 50, 65, 4, 222, 39, 181, 253, 242, 100, 226, 44, 235, 232, 194, 116, 196, 27, 156, 244, 160, 239, 251, 134, 236, 11, 28, 168, 104, 246, 140, 119, 126, 86, 176, 128, 60, 61, 58, 220, 195, 21, 0, 26, 139, 68, 52, 53, 101, 12, 18, 189, 77, 117, 214, 192, 45, 146, 79, 83, 217, 213, 10, 171, 252, 129, 85, 37, 145, 64, 169, 250, 121, 69, 32, 240, 49, 63, 152, 57, 131, 142, 141, 62, 249, 186, 185, 221, 9, 243, 120, 173, 229, 184, 248, 245, 8, 78, 153, 70, 19, 43, 179, 223, 97, 92, 112, 254, 125, 82, 54, 23, 241, 91, 42, 122, 108, 55, 34, 33, 247, 227, 38, 190, 155, 238, 1, 87, 212, 59, 165, 36, 81, 224, 150, 199, 88, 225, 56, 210, 132, 67, 197, 107, 115, 157, 95, 72, 170, 106, 123, 17, 201, 73, 114, 193, 3, 234, 198, 154, 20, 203, 96, 163, 22, 93, 237, 191, 7, 228, 178, 136, 147, 219, 215, 206, 148, 40, 149, 161, 109, 48, 51, 177, 187, 98, 158, 188, 75, 144, 5, 84, 209, 94, 231, 159, 118, 182, 151, 180, 137, 46, 24, 233, 202, 138, 218, 66, 124, 47, 166, 74, 174, 15, 41, 90, 71, 102, 29, 216, 16, 

Нелінійність  = 94 

Алгебраїчний імунітет  = 3 

Дельта-рівномірність  = 12 

Лінійна збитковість = 0 



110, 118, 105, 137, 5, 113, 123, 205, 34, 247, 88, 43, 26, 230, 181, 108, 222, 133, 195, 120, 20, 97, 49, 12, 169, 207, 158, 185, 145, 163, 122, 190, 203, 24, 135, 42, 52, 58, 2, 209, 27, 168, 231, 9, 15, 223, 167, 249, 248, 197, 25, 193, 11, 211, 241, 73, 245, 251, 143, 253, 6, 28, 174, 119, 152, 117, 40, 18, 8, 61, 80, 157, 87, 60, 17, 173, 215, 228, 187, 104, 67, 219, 232, 7, 180, 191, 183, 82, 71, 252, 79, 31, 142, 77, 144, 213, 226, 254, 161, 0, 54, 86, 129, 16, 76, 160, 239, 131, 233, 57, 170, 159, 35, 184, 63, 166, 149, 165, 50, 243, 204, 148, 121, 85, 14, 128, 1, 210, 111, 106, 84, 177, 90, 220, 45, 103, 64, 171, 66, 55, 235, 140, 23, 100, 101, 199, 112, 234, 216, 91, 10, 75, 68, 125, 189, 255, 56, 114, 44, 21, 242, 39, 22, 238, 69, 151, 98, 96, 95, 227, 186, 217, 107, 229, 208, 246, 41, 134, 198, 236, 153, 48, 70, 206, 94, 175, 72, 116, 102, 47, 188, 109, 147, 179, 62, 250, 3, 146, 115, 182, 164, 221, 130, 139, 36, 150, 29, 126, 124, 212, 136, 176, 78, 59, 200, 19, 99, 32, 237, 178, 244, 192, 127, 38, 196, 13, 53, 65, 89, 132, 156, 172, 155, 33, 51, 46, 83, 154, 37, 224, 162, 141, 240, 202, 201, 214, 93, 225, 194, 218, 81, 92, 4, 74, 30, 138, 

Нелінійність  = 94 

Алгебраїчний імунітет  = 3 

Дельта-рівномірність  = 12 

Лінійна збитковість = 0 



91, 113, 117, 135, 2, 119, 116, 200, 27, 251, 97, 48, 25, 229, 164, 106, 213, 129, 226, 141, 17, 89, 49, 254, 166, 183, 178, 190, 174, 155, 103, 192, 62, 7, 158, 35, 56, 42, 6, 211, 241, 173, 233, 15, 107, 243, 43, 16, 255, 204, 37, 203, 253, 145, 239, 171, 248, 193, 133, 31, 81, 36, 172, 115, 237, 186, 66, 10, 64, 234, 70, 236, 88, 63, 228, 184, 28, 246, 21, 147, 83, 199, 242, 9, 8, 72, 65, 79, 96, 206, 202, 39, 80, 127, 60, 227, 207, 142, 214, 53, 82, 188, 44, 143, 77, 12, 238, 124, 68, 150, 149, 185, 76, 180, 41, 157, 152, 169, 51, 215, 197, 132, 218, 33, 250, 26, 18, 30, 130, 235, 67, 245, 85, 146, 45, 177, 156, 162, 131, 69, 111, 78, 209, 74, 99, 136, 95, 108, 23, 120, 144, 98, 73, 118, 187, 86, 102, 19, 196, 22, 105, 84, 55, 4, 61, 159, 20, 154, 194, 222, 100, 191, 92, 139, 57, 58, 1, 221, 34, 220, 148, 195, 252, 231, 114, 181, 14, 137, 216, 5, 210, 0, 179, 123, 24, 3, 212, 161, 94, 93, 168, 153, 230, 138, 217, 224, 126, 32, 247, 205, 176, 90, 50, 122, 249, 46, 125, 54, 121, 219, 112, 104, 170, 244, 208, 52, 128, 38, 101, 40, 11, 175, 160, 13, 165, 223, 59, 47, 182, 189, 140, 225, 71, 134, 75, 163, 198, 29, 109, 240, 201, 232, 167, 87, 151, 110, 

Нелінійність  = 94 

Алгебраїчний імунітет  = 3 

Дельта-рівномірність  = 10 

Лінійна збитковість = 0 



90, 117, 103, 121, 17, 119, 126, 196, 51, 233, 95, 39, 15, 229, 179, 147, 219, 81, 207, 133, 23, 69, 80, 11, 166, 74, 49, 190, 174, 159, 100, 175, 203, 13, 143, 24, 37, 72, 14, 217, 47, 144, 1, 248, 101, 232, 149, 31, 242, 222, 65, 216, 0, 40, 238, 43, 235, 213, 132, 226, 240, 8, 169, 186, 250, 253, 21, 135, 249, 155, 76, 104, 224, 48, 220, 181, 44, 225, 27, 164, 70, 230, 112, 34, 32, 12, 182, 73, 92, 84, 197, 130, 53, 71, 231, 173, 16, 239, 185, 195, 61, 75, 38, 128, 82, 111, 254, 141, 46, 57, 151, 189, 58, 178, 246, 160, 154, 161, 56, 3, 98, 9, 201, 18, 251, 228, 247, 210, 227, 171, 42, 5, 41, 156, 168, 252, 202, 108, 139, 223, 176, 113, 2, 118, 198, 125, 62, 243, 20, 208, 153, 165, 67, 152, 115, 85, 87, 105, 255, 110, 236, 33, 83, 97, 50, 162, 94, 89, 206, 163, 177, 26, 244, 54, 157, 131, 36, 215, 194, 122, 45, 64, 138, 183, 91, 234, 142, 68, 120, 127, 30, 10, 93, 187, 150, 106, 212, 52, 188, 221, 245, 211, 136, 6, 28, 180, 129, 140, 145, 218, 109, 7, 209, 170, 123, 214, 192, 60, 158, 167, 19, 25, 77, 148, 78, 191, 199, 22, 172, 59, 134, 102, 96, 114, 124, 66, 88, 204, 146, 184, 35, 107, 193, 4, 237, 86, 137, 200, 29, 241, 63, 79, 55, 116, 205, 99, 

Нелінійність  = 94 

Алгебраїчний імунітет  = 3 

Дельта-рівномірність  = 12 

Лінійна збитковість = 0 



110, 135, 131, 122, 12, 112, 125, 202, 40, 241, 89, 33, 17, 223, 167, 129, 208, 128, 225, 98, 251, 85, 51, 239, 165, 213, 180, 190, 160, 184, 100, 217, 201, 26, 137, 20, 205, 113, 252, 206, 55, 175, 249, 247, 108, 221, 48, 81, 0, 246, 34, 219, 254, 143, 102, 152, 35, 11, 117, 233, 234, 22, 198, 83, 96, 120, 47, 204, 14, 116, 72, 181, 193, 231, 220, 186, 43, 245, 44, 142, 93, 161, 229, 209, 130, 9, 187, 73, 218, 214, 64, 53, 75, 65, 91, 210, 32, 255, 177, 145, 62, 56, 31, 119, 5, 88, 227, 126, 185, 24, 155, 196, 92, 174, 111, 136, 158, 162, 3, 86, 195, 244, 237, 28, 16, 67, 2, 216, 82, 242, 118, 215, 107, 141, 58, 253, 194, 77, 127, 69, 10, 171, 157, 97, 101, 170, 163, 243, 13, 37, 147, 192, 61, 250, 166, 63, 238, 103, 49, 60, 235, 42, 54, 109, 78, 183, 25, 87, 159, 207, 80, 211, 169, 95, 19, 106, 123, 212, 153, 236, 70, 45, 79, 50, 114, 41, 4, 7, 90, 154, 149, 6, 38, 226, 18, 121, 99, 172, 224, 179, 240, 59, 52, 151, 105, 132, 29, 134, 199, 197, 178, 148, 176, 94, 1, 228, 200, 140, 27, 189, 146, 71, 15, 150, 230, 182, 68, 248, 115, 222, 133, 139, 104, 232, 21, 23, 57, 66, 8, 124, 191, 156, 144, 39, 164, 203, 173, 84, 168, 46, 30, 74, 188, 138, 36, 76, 

Нелінійність  = 94 

Алгебраїчний імунітет  = 3 

Дельта-рівномірність  = 10 

Лінійна збитковість = 0 



87, 130, 108, 135, 255, 115, 94, 195, 31, 239, 56, 18, 13, 215, 164, 107, 199, 140, 211, 124, 16, 97, 62, 6, 168, 73, 154, 185, 146, 181, 121, 200, 192, 22, 165, 40, 59, 47, 19, 212, 36, 162, 1, 2, 101, 241, 32, 86, 48, 193, 23, 196, 136, 150, 234, 163, 12, 9, 112, 243, 166, 0, 170, 119, 4, 142, 27, 216, 123, 95, 92, 173, 88, 51, 230, 197, 38, 44, 7, 126, 70, 10, 247, 157, 24, 28, 189, 222, 111, 210, 187, 37, 80, 66, 67, 225, 224, 176, 235, 99, 190, 204, 84, 134, 63, 17, 240, 141, 79, 171, 155, 188, 71, 45, 65, 139, 77, 175, 33, 20, 177, 125, 26, 202, 245, 221, 206, 217, 231, 244, 250, 5, 98, 152, 69, 41, 58, 174, 11, 145, 89, 220, 236, 127, 242, 118, 21, 201, 104, 191, 184, 144, 78, 213, 172, 194, 219, 100, 91, 93, 227, 72, 252, 160, 53, 103, 131, 96, 57, 214, 233, 81, 149, 120, 186, 232, 253, 151, 50, 203, 132, 180, 74, 114, 64, 178, 3, 158, 105, 156, 143, 8, 248, 110, 249, 60, 246, 237, 147, 209, 113, 169, 76, 29, 167, 251, 129, 183, 43, 226, 117, 52, 198, 49, 15, 14, 138, 75, 82, 30, 68, 128, 25, 116, 39, 102, 106, 109, 90, 208, 61, 153, 46, 85, 55, 218, 223, 133, 83, 42, 179, 159, 148, 238, 35, 229, 207, 228, 161, 137, 54, 122, 205, 182, 254, 34, 

Нелінійність  = 94 

Алгебраїчний імунітет  = 3 

Дельта-рівномірність  = 12 

Лінійна збитковість = 0 



109, 119, 126, 115, 2, 101, 107, 211, 36, 0, 93, 31, 13, 221, 182, 110, 200, 120, 208, 215, 12, 71, 52, 20, 47, 236, 176, 188, 158, 113, 122, 213, 205, 9, 144, 41, 55, 49, 252, 199, 38, 166, 244, 245, 102, 212, 50, 226, 114, 194, 28, 210, 3, 163, 157, 156, 103, 91, 139, 143, 8, 56, 97, 130, 51, 72, 44, 185, 148, 140, 75, 33, 81, 99, 216, 159, 198, 229, 45, 125, 98, 95, 224, 240, 73, 19, 169, 87, 86, 219, 111, 242, 32, 80, 60, 46, 228, 246, 129, 25, 59, 69, 29, 147, 5, 253, 232, 138, 247, 57, 23, 160, 84, 171, 54, 151, 161, 238, 173, 16, 209, 251, 241, 6, 203, 10, 248, 217, 218, 14, 255, 235, 106, 154, 62, 172, 191, 186, 112, 65, 108, 30, 53, 17, 76, 96, 77, 225, 24, 121, 142, 128, 63, 192, 189, 220, 207, 40, 116, 123, 223, 92, 39, 230, 15, 88, 100, 190, 90, 201, 254, 177, 162, 202, 164, 134, 18, 135, 70, 64, 137, 204, 181, 167, 67, 214, 227, 146, 152, 4, 34, 155, 175, 131, 165, 150, 1, 132, 168, 250, 153, 85, 26, 184, 127, 239, 105, 124, 180, 68, 195, 21, 174, 82, 78, 79, 133, 58, 27, 193, 237, 66, 206, 7, 74, 83, 37, 117, 22, 89, 104, 42, 196, 183, 233, 149, 145, 179, 178, 48, 136, 249, 243, 11, 141, 187, 231, 170, 197, 222, 94, 118, 35, 234, 43, 61, 

Нелінійність  = 94 

Алгебраїчний імунітет  = 3 

Дельта-рівномірність  = 12 

Лінійна збитковість = 0 



Час виконання: 128.825000 секунд

Блок з необхідними параметрами знайдено

Кількість виконаних ітерацій = 2 
_______________________________________________________________________________________________
