
Початкове число ітерацій = 50
N = 10
PSO S-boxes:
99, 124, 119, 123, 242, 107, 111, 197, 48, 1, 103, 43, 254, 215, 171, 118, 202, 130, 201, 125, 250, 89, 71, 240, 173, 212, 162, 175, 156, 164, 114, 192, 183, 253, 147, 38, 54, 63, 247, 204, 52, 165, 229, 241, 113, 216, 49, 21, 4, 199, 35, 195, 24, 150, 5, 154, 7, 18, 128, 226, 235, 39, 178, 117, 9, 131, 44, 26, 27, 110, 90, 160, 82, 59, 214, 179, 41, 227, 47, 132, 83, 209, 0, 237, 32, 252, 177, 91, 106, 203, 190, 57, 74, 76, 88, 207, 208, 239, 170, 251, 67, 77, 51, 133, 69, 249, 2, 127, 80, 60, 159, 168, 81, 163, 64, 143, 146, 157, 56, 245, 188, 182, 218, 33, 16, 255, 243, 210, 205, 12, 19, 236, 95, 151, 68, 23, 196, 167, 126, 61, 100, 93, 25, 115, 96, 129, 79, 220, 34, 42, 144, 136, 70, 238, 184, 20, 222, 94, 11, 219, 224, 50, 58, 10, 73, 6, 36, 92, 194, 211, 172, 98, 145, 149, 228, 121, 231, 200, 55, 109, 141, 213, 78, 169, 108, 86, 244, 234, 101, 122, 174, 8, 186, 120, 37, 46, 28, 166, 180, 198, 232, 221, 116, 31, 75, 189, 139, 138, 112, 62, 181, 102, 72, 3, 246, 14, 97, 53, 87, 185, 134, 193, 29, 158, 225, 248, 152, 17, 105, 217, 142, 148, 155, 30, 135, 233, 206, 85, 40, 223, 140, 161, 137, 13, 191, 230, 66, 104, 65, 153, 45, 15, 176, 84, 187, 22, 

Нелінійність  = 112 

Алгебраїчний імунітет  = 2 

Дельта-рівномірність  = 4 

Лінійна збитковість = 255 



99, 124, 119, 123, 242, 107, 111, 197, 48, 1, 103, 43, 254, 215, 171, 118, 202, 130, 201, 125, 250, 89, 71, 240, 173, 212, 162, 175, 156, 164, 114, 192, 183, 253, 147, 38, 54, 63, 204, 247, 52, 165, 229, 241, 113, 216, 49, 21, 4, 199, 35, 195, 24, 150, 5, 154, 7, 18, 128, 226, 235, 39, 178, 117, 9, 131, 44, 26, 27, 110, 90, 160, 82, 59, 214, 179, 41, 227, 47, 132, 83, 209, 0, 237, 32, 252, 177, 91, 106, 203, 190, 57, 74, 76, 88, 207, 208, 239, 170, 251, 67, 77, 51, 133, 69, 249, 2, 127, 80, 60, 159, 168, 81, 163, 64, 143, 146, 157, 56, 245, 188, 182, 218, 33, 16, 255, 243, 210, 205, 12, 19, 236, 95, 151, 68, 23, 196, 167, 126, 61, 100, 93, 25, 115, 96, 129, 79, 220, 34, 42, 144, 136, 70, 238, 184, 20, 222, 94, 11, 219, 224, 50, 58, 10, 73, 6, 36, 92, 194, 211, 172, 98, 145, 149, 228, 121, 231, 200, 55, 109, 141, 213, 78, 169, 108, 86, 244, 234, 101, 122, 174, 8, 186, 120, 37, 46, 28, 166, 180, 198, 232, 221, 116, 31, 75, 189, 139, 138, 112, 62, 181, 102, 72, 3, 246, 14, 97, 53, 87, 185, 134, 193, 29, 158, 225, 248, 152, 17, 105, 217, 142, 148, 155, 30, 135, 233, 206, 85, 40, 223, 140, 161, 137, 13, 191, 230, 66, 104, 65, 153, 45, 15, 176, 84, 187, 22, 

Нелінійність  = 110 

Алгебраїчний імунітет  = 2 

Дельта-рівномірність  = 6 

Лінійна збитковість = 126 



99, 124, 119, 123, 242, 107, 111, 202, 80, 1, 103, 43, 254, 215, 171, 118, 197, 235, 201, 92, 250, 89, 71, 240, 173, 212, 224, 175, 156, 164, 114, 192, 183, 253, 48, 38, 54, 246, 63, 19, 52, 165, 229, 241, 113, 216, 49, 142, 145, 199, 35, 195, 24, 150, 5, 154, 7, 18, 128, 226, 130, 39, 178, 117, 9, 131, 44, 26, 27, 110, 90, 160, 82, 59, 214, 179, 41, 227, 47, 132, 83, 209, 0, 237, 32, 252, 177, 91, 106, 203, 190, 57, 74, 76, 88, 207, 208, 239, 170, 251, 67, 77, 51, 133, 69, 249, 2, 127, 147, 60, 159, 168, 81, 163, 64, 143, 146, 157, 56, 245, 188, 182, 218, 33, 16, 255, 243, 210, 205, 12, 105, 236, 95, 151, 68, 23, 196, 167, 126, 61, 100, 93, 25, 115, 96, 129, 79, 220, 34, 42, 144, 136, 70, 238, 184, 20, 222, 94, 11, 219, 204, 50, 58, 10, 73, 6, 36, 125, 194, 211, 172, 98, 4, 149, 228, 121, 231, 200, 55, 109, 141, 213, 78, 169, 108, 86, 244, 234, 101, 122, 174, 8, 186, 120, 37, 46, 28, 166, 180, 198, 232, 221, 116, 31, 75, 189, 139, 138, 112, 62, 181, 102, 72, 3, 97, 14, 22, 53, 87, 185, 134, 193, 29, 158, 225, 248, 152, 17, 191, 217, 21, 148, 155, 30, 135, 233, 206, 85, 40, 223, 140, 161, 137, 13, 15, 230, 66, 104, 65, 153, 45, 162, 176, 84, 187, 247, 

Нелінійність  = 102 

Алгебраїчний імунітет  = 2 

Дельта-рівномірність  = 8 

Лінійна збитковість = 0 



57, 124, 119, 123, 242, 81, 99, 197, 48, 22, 103, 26, 254, 21, 171, 118, 202, 68, 201, 125, 250, 89, 34, 240, 173, 233, 162, 175, 156, 164, 114, 192, 105, 253, 230, 38, 54, 63, 232, 79, 52, 165, 229, 241, 113, 216, 49, 142, 209, 199, 35, 195, 24, 150, 5, 154, 7, 18, 128, 226, 235, 39, 178, 117, 9, 131, 44, 43, 27, 110, 90, 160, 82, 59, 214, 179, 41, 227, 47, 132, 83, 4, 0, 237, 32, 252, 177, 91, 106, 203, 190, 111, 74, 76, 88, 207, 208, 239, 170, 251, 67, 77, 51, 133, 69, 249, 2, 127, 80, 60, 159, 168, 107, 163, 64, 143, 146, 157, 56, 245, 188, 182, 218, 33, 16, 255, 243, 210, 205, 46, 19, 236, 95, 151, 130, 23, 196, 167, 126, 61, 100, 93, 25, 115, 96, 129, 12, 220, 71, 42, 144, 136, 70, 238, 184, 20, 222, 94, 11, 219, 224, 50, 58, 10, 73, 6, 36, 92, 194, 211, 172, 98, 145, 149, 228, 121, 231, 200, 55, 109, 141, 213, 78, 169, 108, 86, 244, 234, 101, 122, 174, 8, 186, 120, 37, 139, 28, 166, 180, 198, 176, 221, 116, 31, 75, 189, 248, 138, 112, 62, 181, 102, 72, 3, 246, 14, 97, 53, 87, 185, 134, 193, 29, 158, 225, 191, 152, 17, 183, 217, 215, 148, 155, 30, 135, 212, 206, 85, 40, 223, 140, 161, 137, 13, 247, 147, 66, 104, 65, 153, 45, 15, 84, 1, 187, 204, 

Нелінійність  = 102 

Алгебраїчний імунітет  = 3 

Дельта-рівномірність  = 8 

Лінійна збитковість = 0 



99, 124, 119, 123, 242, 107, 57, 201, 130, 1, 103, 43, 254, 72, 171, 112, 202, 48, 129, 125, 250, 89, 71, 240, 173, 212, 162, 21, 156, 44, 114, 192, 105, 253, 147, 38, 54, 181, 222, 230, 52, 247, 229, 249, 113, 216, 217, 175, 4, 199, 35, 195, 24, 150, 5, 154, 7, 18, 128, 226, 235, 39, 178, 117, 9, 131, 164, 26, 27, 110, 90, 160, 82, 59, 214, 179, 41, 227, 47, 132, 83, 209, 0, 237, 32, 252, 177, 91, 165, 203, 190, 111, 74, 76, 88, 207, 208, 239, 170, 251, 67, 77, 51, 133, 69, 241, 2, 127, 80, 60, 159, 168, 81, 163, 64, 143, 146, 157, 56, 245, 188, 182, 218, 33, 16, 255, 243, 210, 205, 12, 19, 236, 95, 151, 68, 23, 196, 167, 126, 61, 100, 93, 25, 115, 96, 197, 79, 220, 34, 42, 144, 136, 70, 238, 184, 20, 31, 94, 11, 219, 224, 50, 58, 10, 73, 6, 36, 92, 194, 211, 172, 98, 145, 149, 228, 121, 231, 200, 55, 109, 141, 213, 78, 169, 108, 86, 244, 234, 101, 122, 174, 8, 186, 120, 37, 46, 28, 166, 180, 198, 232, 221, 116, 63, 75, 189, 139, 138, 118, 62, 233, 102, 215, 3, 246, 14, 97, 53, 87, 185, 134, 193, 29, 158, 225, 248, 152, 17, 183, 49, 142, 148, 155, 30, 135, 137, 206, 85, 40, 223, 140, 161, 191, 13, 176, 15, 66, 104, 65, 153, 45, 187, 84, 204, 106, 22, 

Нелінійність  = 100 

Алгебраїчний імунітет  = 3 

Дельта-рівномірність  = 8 

Лінійна збитковість = 0 



118, 23, 211, 58, 95, 83, 157, 66, 176, 88, 22, 120, 171, 154, 244, 147, 89, 179, 167, 131, 96, 212, 178, 227, 20, 219, 151, 123, 60, 136, 246, 133, 107, 63, 145, 78, 73, 137, 142, 2, 30, 84, 43, 214, 241, 191, 109, 48, 51, 186, 6, 153, 210, 59, 221, 55, 46, 80, 141, 27, 204, 231, 86, 72, 198, 65, 26, 207, 201, 44, 67, 183, 218, 248, 182, 9, 194, 126, 159, 41, 24, 94, 56, 135, 199, 18, 104, 206, 189, 139, 165, 249, 52, 166, 61, 164, 4, 28, 49, 103, 180, 192, 114, 85, 250, 50, 122, 32, 93, 138, 238, 197, 233, 111, 54, 230, 10, 8, 190, 193, 98, 236, 160, 39, 234, 62, 11, 29, 19, 25, 150, 127, 21, 188, 184, 132, 220, 226, 148, 242, 229, 213, 225, 116, 77, 110, 101, 36, 13, 173, 128, 14, 143, 203, 205, 92, 217, 155, 35, 115, 91, 228, 162, 53, 76, 33, 170, 40, 161, 202, 69, 1, 144, 251, 208, 181, 64, 169, 222, 232, 100, 247, 108, 47, 172, 17, 174, 140, 240, 124, 237, 3, 209, 5, 195, 90, 74, 99, 168, 243, 253, 134, 82, 163, 105, 97, 239, 187, 185, 7, 125, 149, 70, 235, 121, 255, 45, 113, 196, 245, 117, 224, 16, 254, 37, 129, 119, 106, 158, 112, 15, 38, 175, 42, 200, 130, 156, 146, 12, 252, 68, 34, 71, 57, 102, 79, 0, 223, 216, 215, 87, 152, 75, 177, 81, 31, 

Нелінійність  = 96 

Алгебраїчний імунітет  = 3 

Дельта-рівномірність  = 12 

Лінійна збитковість = 0 



167, 152, 131, 157, 125, 58, 164, 110, 18, 85, 71, 249, 134, 244, 36, 74, 151, 216, 96, 173, 106, 89, 196, 108, 169, 232, 163, 41, 65, 144, 250, 90, 82, 77, 156, 209, 101, 55, 234, 137, 159, 245, 205, 105, 54, 114, 226, 57, 238, 211, 113, 68, 34, 166, 223, 251, 115, 158, 27, 67, 154, 6, 194, 21, 9, 14, 78, 127, 201, 46, 117, 145, 43, 35, 20, 180, 235, 193, 215, 7, 202, 123, 185, 49, 150, 80, 172, 72, 69, 66, 19, 200, 38, 179, 199, 224, 222, 33, 143, 130, 3, 83, 225, 139, 126, 168, 146, 197, 51, 231, 93, 227, 53, 81, 30, 212, 248, 228, 2, 219, 147, 188, 252, 84, 92, 141, 98, 40, 52, 88, 230, 59, 13, 140, 62, 213, 237, 5, 192, 10, 165, 176, 208, 86, 246, 25, 175, 45, 221, 181, 8, 15, 103, 48, 99, 138, 229, 118, 239, 217, 91, 63, 24, 184, 29, 112, 204, 47, 128, 94, 198, 100, 160, 218, 135, 243, 95, 16, 255, 133, 122, 236, 206, 149, 76, 97, 191, 142, 39, 12, 79, 203, 171, 148, 240, 22, 162, 214, 28, 37, 4, 31, 32, 73, 124, 178, 50, 186, 241, 182, 120, 61, 177, 132, 1, 70, 109, 155, 254, 210, 233, 195, 242, 17, 253, 220, 207, 136, 26, 190, 64, 104, 129, 42, 170, 11, 102, 111, 116, 161, 107, 121, 187, 0, 153, 183, 60, 56, 189, 23, 87, 75, 119, 174, 247, 44, 

Нелінійність  = 96 

Алгебраїчний імунітет  = 3 

Дельта-рівномірність  = 12 

Лінійна збитковість = 0 



102, 160, 133, 161, 16, 111, 112, 232, 88, 10, 139, 51, 33, 198, 182, 126, 233, 181, 197, 110, 23, 105, 82, 244, 204, 213, 235, 29, 191, 151, 129, 193, 170, 24, 97, 44, 56, 221, 172, 153, 94, 210, 1, 245, 128, 219, 114, 142, 203, 241, 76, 140, 45, 189, 28, 190, 12, 25, 130, 254, 185, 59, 214, 119, 30, 168, 2, 47, 46, 147, 131, 163, 98, 79, 216, 208, 61, 6, 58, 167, 84, 67, 144, 20, 52, 21, 218, 106, 120, 49, 231, 178, 115, 86, 123, 246, 236, 27, 206, 109, 8, 90, 18, 38, 37, 80, 15, 35, 116, 69, 171, 165, 99, 201, 73, 157, 93, 81, 70, 4, 223, 192, 169, 34, 39, 26, 239, 237, 200, 14, 77, 146, 103, 156, 212, 32, 199, 177, 40, 75, 96, 253, 43, 63, 234, 207, 101, 249, 134, 136, 150, 74, 78, 240, 54, 138, 83, 187, 0, 217, 248, 121, 9, 215, 183, 145, 72, 229, 64, 184, 60, 252, 48, 180, 108, 22, 7, 135, 148, 122, 55, 176, 220, 205, 13, 65, 194, 125, 127, 113, 155, 117, 11, 31, 255, 166, 173, 85, 222, 3, 95, 5, 186, 152, 124, 228, 19, 159, 50, 227, 243, 230, 179, 143, 175, 137, 250, 42, 158, 118, 100, 141, 71, 89, 195, 211, 154, 104, 225, 53, 174, 132, 62, 107, 36, 196, 87, 92, 209, 68, 41, 242, 238, 17, 224, 149, 247, 226, 91, 162, 188, 57, 202, 164, 66, 251, 

Нелінійність  = 96 

Алгебраїчний імунітет  = 3 

Дельта-рівномірність  = 12 

Лінійна збитковість = 0 



242, 201, 159, 34, 75, 78, 207, 185, 225, 116, 94, 1, 140, 86, 232, 93, 209, 131, 165, 69, 177, 246, 194, 99, 171, 228, 70, 154, 199, 189, 80, 60, 250, 182, 144, 151, 241, 87, 100, 4, 183, 23, 252, 253, 25, 3, 179, 126, 68, 134, 195, 90, 218, 27, 57, 190, 222, 149, 143, 6, 184, 192, 198, 238, 55, 239, 114, 81, 254, 89, 36, 14, 37, 33, 56, 135, 213, 148, 203, 217, 124, 2, 88, 216, 113, 233, 255, 101, 146, 43, 142, 103, 188, 73, 175, 191, 123, 46, 84, 173, 247, 202, 214, 102, 138, 51, 166, 109, 119, 64, 145, 115, 244, 107, 163, 150, 193, 18, 221, 0, 136, 160, 17, 155, 62, 40, 223, 117, 49, 83, 229, 13, 118, 147, 54, 132, 7, 245, 226, 227, 63, 12, 161, 208, 9, 24, 121, 156, 48, 237, 157, 112, 235, 204, 15, 104, 71, 176, 67, 215, 219, 95, 120, 168, 79, 110, 251, 169, 22, 44, 122, 231, 197, 58, 76, 230, 139, 137, 97, 59, 128, 74, 186, 248, 11, 162, 66, 111, 133, 52, 19, 29, 42, 236, 98, 39, 10, 172, 181, 240, 45, 105, 206, 61, 16, 65, 85, 130, 205, 92, 47, 125, 167, 153, 180, 50, 243, 174, 127, 41, 234, 249, 152, 106, 28, 96, 196, 108, 38, 129, 5, 170, 26, 77, 178, 82, 31, 32, 20, 210, 21, 141, 91, 8, 158, 187, 72, 164, 211, 53, 35, 220, 30, 200, 224, 212, 

Нелінійність  = 94 

Алгебраїчний імунітет  = 3 

Дельта-рівномірність  = 12 

Лінійна збитковість = 0 



118, 26, 209, 60, 100, 84, 156, 70, 173, 86, 25, 108, 174, 33, 242, 147, 93, 178, 168, 131, 101, 104, 175, 228, 46, 219, 152, 125, 63, 137, 243, 135, 110, 69, 146, 77, 73, 52, 129, 8, 31, 87, 49, 215, 238, 192, 0, 48, 50, 187, 7, 155, 205, 62, 180, 58, 45, 79, 141, 229, 67, 226, 89, 74, 193, 92, 27, 202, 196, 103, 68, 183, 249, 160, 71, 14, 190, 24, 206, 44, 51, 98, 55, 138, 195, 21, 107, 203, 123, 124, 166, 244, 53, 164, 134, 65, 10, 35, 64, 97, 177, 189, 113, 230, 245, 56, 119, 128, 59, 136, 236, 197, 36, 80, 12, 185, 184, 13, 91, 132, 169, 235, 162, 39, 142, 76, 18, 126, 179, 151, 251, 148, 232, 153, 181, 95, 220, 225, 5, 237, 54, 210, 253, 116, 78, 111, 224, 42, 222, 170, 112, 96, 150, 85, 3, 90, 218, 154, 43, 127, 16, 223, 37, 17, 163, 140, 167, 161, 221, 255, 72, 4, 145, 182, 82, 40, 252, 34, 9, 172, 102, 247, 94, 22, 171, 19, 239, 143, 231, 240, 83, 99, 66, 198, 191, 32, 200, 2, 176, 214, 234, 11, 114, 115, 105, 211, 75, 186, 88, 199, 15, 6, 201, 29, 254, 188, 47, 144, 204, 117, 61, 217, 133, 30, 246, 149, 120, 157, 41, 109, 20, 1, 213, 130, 241, 233, 158, 227, 106, 139, 212, 38, 250, 81, 208, 165, 23, 159, 248, 216, 194, 122, 121, 207, 28, 57, 

Нелінійність  = 94 

Алгебраїчний імунітет  = 3 

Дельта-рівномірність  = 12 

Лінійна збитковість = 0 



Час виконання: 192.771000 секунд

Блок з необхідними параметрами знайдено

Кількість виконаних ітерацій = 4 
_______________________________________________________________________________________________
