
Початкове число ітерацій = 50
N = 5
PSO S-boxes:
99, 124, 119, 123, 242, 107, 111, 197, 48, 1, 103, 43, 254, 215, 171, 118, 202, 130, 201, 125, 250, 89, 71, 240, 173, 212, 162, 175, 156, 164, 114, 192, 183, 253, 147, 38, 54, 63, 247, 204, 52, 165, 229, 241, 113, 216, 49, 21, 4, 199, 35, 195, 24, 150, 5, 154, 7, 18, 128, 226, 235, 39, 178, 117, 9, 131, 44, 26, 27, 110, 90, 160, 82, 59, 214, 179, 41, 227, 47, 132, 83, 209, 0, 237, 32, 252, 177, 91, 106, 203, 190, 57, 74, 76, 88, 207, 208, 239, 170, 251, 67, 77, 51, 133, 69, 249, 2, 127, 80, 60, 159, 168, 81, 163, 64, 143, 146, 157, 56, 245, 188, 182, 218, 33, 16, 255, 243, 210, 205, 12, 19, 236, 95, 151, 68, 23, 196, 167, 126, 61, 100, 93, 25, 115, 96, 129, 79, 220, 34, 42, 144, 136, 70, 238, 184, 20, 222, 94, 11, 219, 224, 50, 58, 10, 73, 6, 36, 92, 194, 211, 172, 98, 145, 149, 228, 121, 231, 200, 55, 109, 141, 213, 78, 169, 108, 86, 244, 234, 101, 122, 174, 8, 186, 120, 37, 46, 28, 166, 180, 198, 232, 221, 116, 31, 75, 189, 139, 138, 112, 62, 181, 102, 72, 3, 246, 14, 97, 53, 87, 185, 134, 193, 29, 158, 225, 248, 152, 17, 105, 217, 142, 148, 155, 30, 135, 233, 206, 85, 40, 223, 140, 161, 137, 13, 191, 230, 66, 104, 65, 153, 45, 15, 176, 84, 187, 22, 

Нелінійність  = 112 

Алгебраїчний імунітет  = 2 

Дельта-рівномірність  = 4 

Лінійна збитковість = 255 



99, 124, 119, 123, 242, 107, 111, 197, 48, 1, 103, 43, 254, 215, 171, 118, 202, 130, 201, 125, 250, 89, 71, 240, 173, 212, 162, 175, 156, 164, 114, 192, 183, 253, 147, 38, 54, 63, 204, 247, 52, 165, 229, 241, 113, 216, 49, 21, 4, 199, 35, 195, 24, 150, 5, 154, 7, 18, 128, 226, 235, 39, 178, 117, 9, 131, 44, 26, 27, 110, 90, 160, 82, 59, 214, 179, 41, 227, 47, 132, 83, 209, 0, 237, 32, 252, 177, 91, 106, 203, 190, 57, 74, 76, 88, 207, 208, 239, 170, 251, 67, 77, 51, 133, 69, 249, 2, 127, 80, 60, 159, 168, 81, 163, 64, 143, 146, 157, 56, 245, 188, 182, 218, 33, 16, 255, 243, 210, 205, 12, 19, 236, 95, 151, 68, 23, 196, 167, 126, 61, 100, 93, 25, 115, 96, 129, 79, 220, 34, 42, 144, 136, 70, 238, 184, 20, 222, 94, 11, 219, 224, 50, 58, 10, 73, 6, 36, 92, 194, 211, 172, 98, 145, 149, 228, 121, 231, 200, 55, 109, 141, 213, 78, 169, 108, 86, 244, 234, 101, 122, 174, 8, 186, 120, 37, 46, 28, 166, 180, 198, 232, 221, 116, 31, 75, 189, 139, 138, 112, 62, 181, 102, 72, 3, 246, 14, 97, 53, 87, 185, 134, 193, 29, 158, 225, 248, 152, 17, 105, 217, 142, 148, 155, 30, 135, 233, 206, 85, 40, 223, 140, 161, 137, 13, 191, 230, 66, 104, 65, 153, 45, 15, 176, 84, 187, 22, 

Нелінійність  = 110 

Алгебраїчний імунітет  = 2 

Дельта-рівномірність  = 6 

Лінійна збитковість = 126 



99, 124, 119, 123, 242, 107, 57, 201, 130, 1, 103, 43, 254, 72, 171, 112, 202, 48, 129, 125, 250, 89, 71, 240, 173, 212, 162, 21, 156, 44, 114, 192, 105, 253, 147, 38, 54, 155, 232, 220, 52, 22, 229, 249, 113, 216, 217, 175, 4, 199, 35, 195, 24, 150, 5, 154, 7, 18, 128, 226, 235, 39, 178, 117, 9, 131, 164, 26, 27, 110, 90, 160, 82, 59, 214, 179, 41, 227, 47, 132, 83, 209, 0, 237, 32, 252, 177, 91, 165, 203, 190, 111, 74, 76, 88, 207, 208, 239, 170, 251, 67, 77, 51, 133, 69, 241, 2, 127, 80, 60, 159, 168, 81, 163, 64, 143, 146, 157, 56, 245, 188, 182, 218, 33, 16, 255, 243, 210, 205, 12, 19, 236, 95, 151, 68, 23, 196, 167, 126, 61, 100, 93, 25, 115, 96, 197, 79, 98, 34, 42, 144, 136, 70, 238, 184, 20, 222, 94, 11, 219, 224, 50, 58, 10, 73, 6, 36, 92, 194, 211, 172, 31, 145, 149, 228, 121, 231, 200, 55, 109, 141, 213, 78, 169, 108, 86, 244, 234, 101, 122, 174, 8, 186, 120, 37, 46, 28, 166, 180, 198, 65, 221, 116, 63, 75, 189, 139, 138, 118, 62, 181, 102, 215, 3, 246, 14, 97, 53, 87, 185, 134, 193, 29, 158, 225, 248, 152, 17, 183, 49, 142, 148, 85, 30, 135, 233, 206, 40, 187, 223, 140, 161, 137, 13, 191, 230, 66, 104, 84, 153, 45, 15, 176, 247, 106, 204, 

Нелінійність  = 102 

Алгебраїчний імунітет  = 3 

Дельта-рівномірність  = 8 

Лінійна збитковість = 0 



20, 55, 208, 223, 51, 79, 164, 172, 152, 127, 252, 121, 117, 159, 167, 64, 200, 11, 47, 109, 248, 125, 229, 250, 236, 26, 8, 134, 156, 239, 154, 25, 246, 67, 204, 214, 107, 235, 216, 192, 31, 97, 84, 92, 158, 184, 58, 93, 37, 56, 43, 21, 132, 1, 198, 224, 145, 168, 6, 146, 77, 251, 237, 157, 210, 80, 27, 24, 194, 66, 226, 120, 90, 202, 0, 133, 39, 99, 4, 150, 14, 129, 206, 182, 69, 71, 104, 232, 185, 122, 249, 94, 50, 162, 203, 33, 103, 123, 73, 254, 110, 240, 196, 238, 190, 76, 153, 142, 173, 35, 195, 234, 241, 88, 138, 143, 59, 140, 233, 221, 137, 136, 227, 38, 141, 130, 215, 171, 12, 211, 57, 175, 118, 242, 144, 165, 212, 74, 45, 7, 29, 247, 40, 100, 253, 116, 54, 197, 193, 83, 126, 213, 128, 209, 243, 166, 108, 131, 220, 181, 170, 41, 81, 139, 61, 114, 70, 9, 62, 149, 186, 112, 222, 111, 16, 148, 34, 13, 151, 176, 191, 225, 87, 217, 75, 119, 180, 17, 72, 49, 68, 82, 19, 101, 115, 231, 205, 18, 96, 174, 199, 63, 2, 155, 10, 160, 102, 3, 189, 86, 36, 78, 42, 219, 178, 23, 106, 44, 177, 95, 230, 105, 135, 30, 22, 5, 60, 218, 53, 48, 65, 183, 98, 52, 228, 124, 32, 91, 207, 15, 188, 147, 89, 179, 255, 161, 113, 163, 169, 85, 245, 244, 201, 187, 28, 46, 

Нелінійність  = 96 

Алгебраїчний імунітет  = 3 

Дельта-рівномірність  = 12 

Лінійна збитковість = 0 



189, 207, 145, 64, 109, 43, 146, 182, 237, 96, 131, 6, 86, 108, 231, 171, 169, 138, 71, 55, 116, 150, 223, 129, 208, 243, 54, 97, 89, 179, 184, 148, 210, 183, 123, 122, 82, 201, 127, 104, 81, 107, 221, 103, 174, 15, 126, 254, 140, 154, 142, 125, 106, 134, 135, 87, 180, 167, 111, 70, 84, 151, 218, 191, 92, 14, 76, 118, 236, 152, 198, 165, 194, 35, 94, 217, 161, 41, 0, 170, 119, 58, 195, 36, 25, 61, 38, 156, 117, 21, 37, 204, 172, 166, 17, 53, 186, 200, 28, 213, 242, 137, 31, 91, 59, 212, 112, 147, 157, 214, 101, 72, 240, 192, 206, 33, 162, 8, 120, 51, 133, 211, 57, 187, 44, 9, 100, 67, 56, 130, 226, 239, 219, 160, 176, 153, 164, 46, 141, 16, 190, 196, 32, 252, 42, 62, 113, 220, 193, 216, 232, 90, 175, 225, 66, 93, 12, 85, 202, 255, 181, 105, 155, 79, 136, 230, 177, 13, 185, 102, 205, 63, 2, 24, 73, 244, 47, 149, 173, 80, 124, 178, 83, 247, 7, 65, 48, 115, 128, 22, 235, 199, 227, 163, 39, 52, 250, 241, 95, 233, 121, 77, 158, 60, 114, 88, 30, 229, 10, 143, 49, 4, 159, 50, 3, 45, 144, 78, 248, 168, 132, 74, 11, 29, 215, 20, 245, 234, 26, 222, 5, 246, 253, 188, 203, 110, 75, 27, 40, 69, 197, 18, 224, 19, 251, 249, 23, 139, 238, 1, 99, 228, 98, 34, 68, 209, 

Нелінійність  = 96 

Алгебраїчний імунітет  = 3 

Дельта-рівномірність  = 12 

Лінійна збитковість = 0 



Час виконання: 16.771000 секунд

Блок з необхідними параметрами знайдено

Кількість виконаних ітерацій = 2 
_______________________________________________________________________________________________
