
Початкове число ітерацій = 100
N = 40
PSO S-boxes:
99, 124, 119, 123, 242, 107, 111, 197, 48, 1, 103, 43, 254, 215, 171, 118, 202, 130, 201, 125, 250, 89, 71, 240, 173, 212, 162, 175, 156, 164, 114, 192, 183, 253, 147, 38, 54, 63, 247, 204, 52, 165, 229, 241, 113, 216, 49, 21, 4, 199, 35, 195, 24, 150, 5, 154, 7, 18, 128, 226, 235, 39, 178, 117, 9, 131, 44, 26, 27, 110, 90, 160, 82, 59, 214, 179, 41, 227, 47, 132, 83, 209, 0, 237, 32, 252, 177, 91, 106, 203, 190, 57, 74, 76, 88, 207, 208, 239, 170, 251, 67, 77, 51, 133, 69, 249, 2, 127, 80, 60, 159, 168, 81, 163, 64, 143, 146, 157, 56, 245, 188, 182, 218, 33, 16, 255, 243, 210, 205, 12, 19, 236, 95, 151, 68, 23, 196, 167, 126, 61, 100, 93, 25, 115, 96, 129, 79, 220, 34, 42, 144, 136, 70, 238, 184, 20, 222, 94, 11, 219, 224, 50, 58, 10, 73, 6, 36, 92, 194, 211, 172, 98, 145, 149, 228, 121, 231, 200, 55, 109, 141, 213, 78, 169, 108, 86, 244, 234, 101, 122, 174, 8, 186, 120, 37, 46, 28, 166, 180, 198, 232, 221, 116, 31, 75, 189, 139, 138, 112, 62, 181, 102, 72, 3, 246, 14, 97, 53, 87, 185, 134, 193, 29, 158, 225, 248, 152, 17, 105, 217, 142, 148, 155, 30, 135, 233, 206, 85, 40, 223, 140, 161, 137, 13, 191, 230, 66, 104, 65, 153, 45, 15, 176, 84, 187, 22, 

Нелінійність  = 112 

Алгебраїчний імунітет  = 2 

Дельта-рівномірність  = 4 

Лінійна збитковість = 255 



99, 124, 119, 123, 242, 107, 111, 197, 48, 1, 103, 43, 254, 215, 171, 118, 202, 130, 201, 125, 250, 89, 71, 240, 173, 212, 162, 175, 156, 164, 114, 192, 183, 253, 147, 38, 54, 63, 204, 247, 52, 165, 229, 241, 113, 216, 49, 21, 4, 199, 35, 195, 24, 150, 5, 154, 7, 18, 128, 226, 235, 39, 178, 117, 9, 131, 44, 26, 27, 110, 90, 160, 82, 59, 214, 179, 41, 227, 47, 132, 83, 209, 0, 237, 32, 252, 177, 91, 106, 203, 190, 57, 74, 76, 88, 207, 208, 239, 170, 251, 67, 77, 51, 133, 69, 249, 2, 127, 80, 60, 159, 168, 81, 163, 64, 143, 146, 157, 56, 245, 188, 182, 218, 33, 16, 255, 243, 210, 205, 12, 19, 236, 95, 151, 68, 23, 196, 167, 126, 61, 100, 93, 25, 115, 96, 129, 79, 220, 34, 42, 144, 136, 70, 238, 184, 20, 222, 94, 11, 219, 224, 50, 58, 10, 73, 6, 36, 92, 194, 211, 172, 98, 145, 149, 228, 121, 231, 200, 55, 109, 141, 213, 78, 169, 108, 86, 244, 234, 101, 122, 174, 8, 186, 120, 37, 46, 28, 166, 180, 198, 232, 221, 116, 31, 75, 189, 139, 138, 112, 62, 181, 102, 72, 3, 246, 14, 97, 53, 87, 185, 134, 193, 29, 158, 225, 248, 152, 17, 105, 217, 142, 148, 155, 30, 135, 233, 206, 85, 40, 223, 140, 161, 137, 13, 191, 230, 66, 104, 65, 153, 45, 15, 176, 84, 187, 22, 

Нелінійність  = 110 

Алгебраїчний імунітет  = 2 

Дельта-рівномірність  = 6 

Лінійна збитковість = 126 



99, 124, 119, 123, 242, 107, 57, 201, 130, 1, 103, 43, 254, 72, 171, 112, 202, 48, 129, 125, 250, 89, 71, 240, 173, 212, 162, 21, 156, 44, 114, 192, 105, 253, 147, 38, 54, 31, 223, 229, 52, 247, 3, 249, 113, 216, 217, 175, 4, 199, 35, 195, 24, 150, 5, 154, 7, 18, 128, 226, 235, 39, 178, 117, 9, 131, 164, 26, 27, 110, 90, 160, 82, 59, 214, 179, 41, 227, 47, 132, 83, 209, 0, 237, 32, 252, 177, 91, 165, 203, 190, 111, 74, 76, 88, 207, 208, 239, 170, 251, 67, 77, 51, 133, 69, 241, 2, 127, 80, 60, 159, 168, 81, 163, 64, 143, 146, 157, 56, 245, 188, 182, 218, 33, 16, 255, 243, 210, 205, 12, 19, 236, 95, 151, 68, 23, 196, 167, 126, 61, 100, 93, 25, 115, 96, 197, 79, 220, 34, 42, 144, 136, 70, 238, 184, 20, 222, 94, 11, 219, 224, 50, 58, 10, 73, 6, 36, 92, 194, 211, 172, 98, 145, 149, 228, 121, 231, 200, 55, 109, 141, 213, 78, 169, 108, 86, 244, 234, 101, 122, 174, 8, 186, 120, 37, 46, 28, 166, 180, 198, 232, 221, 116, 63, 75, 189, 139, 138, 118, 62, 181, 102, 215, 135, 246, 14, 97, 53, 87, 185, 134, 193, 29, 158, 225, 248, 152, 17, 183, 49, 142, 148, 155, 30, 13, 233, 206, 85, 40, 84, 140, 161, 137, 104, 191, 230, 66, 22, 65, 153, 45, 15, 176, 187, 106, 204, 

Нелінійність  = 102 

Алгебраїчний імунітет  = 3 

Дельта-рівномірність  = 8 

Лінійна збитковість = 0 



122, 255, 133, 125, 241, 204, 218, 33, 145, 215, 1, 159, 200, 190, 76, 48, 211, 184, 178, 61, 68, 8, 172, 118, 222, 154, 84, 210, 193, 56, 105, 175, 127, 249, 53, 96, 207, 185, 247, 187, 34, 134, 35, 183, 129, 194, 166, 243, 179, 65, 46, 36, 81, 208, 192, 69, 113, 117, 149, 225, 83, 39, 132, 197, 90, 5, 119, 102, 167, 80, 253, 37, 18, 23, 6, 73, 77, 22, 227, 99, 108, 124, 63, 32, 94, 251, 97, 100, 11, 147, 162, 19, 0, 242, 152, 24, 245, 109, 173, 72, 177, 223, 51, 38, 135, 216, 142, 40, 202, 57, 75, 201, 199, 74, 236, 31, 136, 47, 110, 168, 219, 21, 114, 87, 244, 181, 254, 64, 146, 188, 2, 92, 42, 121, 186, 155, 115, 16, 9, 198, 232, 25, 66, 41, 174, 176, 62, 13, 189, 49, 101, 111, 137, 164, 230, 248, 98, 148, 156, 91, 220, 10, 59, 67, 214, 52, 7, 79, 126, 107, 213, 45, 93, 191, 171, 224, 206, 85, 158, 50, 238, 29, 106, 252, 229, 195, 180, 112, 240, 95, 234, 153, 237, 104, 26, 20, 239, 58, 89, 71, 70, 88, 169, 143, 161, 139, 203, 228, 123, 233, 120, 196, 27, 163, 205, 246, 151, 130, 128, 165, 60, 30, 209, 212, 141, 250, 157, 226, 4, 140, 217, 116, 170, 54, 103, 15, 235, 12, 182, 43, 150, 221, 14, 231, 17, 3, 138, 55, 78, 44, 86, 160, 28, 144, 131, 82, 

Нелінійність  = 96 

Алгебраїчний імунітет  = 3 

Дельта-рівномірність  = 14 

Лінійна збитковість = 0 



124, 43, 223, 49, 76, 148, 91, 232, 65, 155, 213, 171, 229, 234, 185, 126, 253, 75, 27, 144, 33, 142, 55, 237, 143, 125, 72, 243, 202, 96, 191, 197, 225, 80, 178, 120, 90, 194, 103, 87, 242, 174, 128, 217, 209, 16, 200, 192, 123, 130, 11, 196, 150, 212, 182, 28, 42, 6, 249, 149, 30, 68, 57, 231, 29, 110, 172, 215, 146, 132, 203, 168, 20, 85, 218, 169, 254, 184, 32, 1, 164, 60, 220, 163, 67, 183, 193, 53, 211, 56, 36, 77, 139, 51, 10, 118, 116, 45, 31, 24, 83, 39, 44, 239, 62, 95, 34, 48, 112, 151, 166, 15, 66, 175, 105, 177, 18, 117, 235, 156, 206, 159, 160, 241, 119, 250, 106, 188, 7, 13, 226, 136, 141, 162, 109, 5, 176, 73, 12, 52, 251, 104, 22, 64, 79, 86, 181, 82, 161, 247, 70, 46, 224, 233, 99, 122, 227, 41, 214, 158, 100, 38, 94, 93, 154, 61, 240, 81, 186, 0, 205, 74, 59, 238, 54, 138, 165, 198, 207, 89, 63, 17, 208, 244, 47, 199, 26, 246, 88, 121, 2, 19, 216, 222, 107, 14, 236, 25, 140, 204, 9, 190, 131, 157, 147, 195, 35, 170, 228, 187, 3, 210, 101, 127, 189, 98, 173, 58, 21, 133, 69, 102, 71, 40, 135, 180, 111, 97, 167, 230, 115, 201, 4, 255, 129, 252, 92, 221, 113, 50, 8, 134, 245, 153, 37, 179, 145, 219, 248, 23, 152, 84, 137, 108, 78, 114, 

Нелінійність  = 96 

Алгебраїчний імунітет  = 3 

Дельта-рівномірність  = 10 

Лінійна збитковість = 0 



122, 255, 133, 125, 241, 204, 218, 33, 145, 215, 1, 159, 200, 190, 76, 48, 211, 184, 178, 61, 68, 8, 172, 118, 222, 154, 84, 210, 193, 56, 105, 175, 127, 249, 53, 96, 207, 185, 247, 187, 34, 134, 35, 183, 129, 194, 166, 243, 179, 65, 46, 36, 81, 208, 192, 69, 113, 117, 149, 225, 83, 39, 132, 197, 90, 5, 119, 102, 167, 80, 253, 37, 18, 23, 6, 73, 77, 22, 227, 99, 108, 124, 63, 32, 94, 251, 97, 100, 11, 147, 162, 19, 0, 242, 152, 24, 245, 109, 173, 72, 177, 223, 51, 38, 135, 216, 142, 40, 202, 57, 75, 201, 199, 74, 236, 31, 136, 47, 110, 168, 219, 21, 114, 87, 244, 181, 254, 64, 146, 188, 2, 92, 42, 121, 186, 155, 115, 16, 9, 198, 232, 25, 66, 41, 174, 176, 62, 13, 189, 49, 101, 111, 137, 164, 230, 248, 98, 148, 156, 91, 220, 10, 59, 67, 214, 52, 7, 79, 126, 107, 213, 45, 93, 191, 171, 224, 206, 85, 158, 50, 238, 29, 106, 252, 229, 195, 180, 112, 240, 95, 234, 153, 237, 104, 26, 20, 239, 58, 89, 71, 70, 88, 169, 143, 161, 139, 203, 228, 123, 233, 120, 196, 27, 163, 205, 246, 151, 130, 128, 165, 60, 30, 209, 212, 141, 250, 157, 226, 4, 140, 217, 116, 170, 54, 103, 15, 235, 12, 182, 43, 150, 221, 14, 231, 17, 3, 138, 55, 78, 44, 86, 160, 28, 144, 131, 82, 

Нелінійність  = 96 

Алгебраїчний імунітет  = 3 

Дельта-рівномірність  = 14 

Лінійна збитковість = 0 



77, 216, 202, 110, 198, 215, 155, 236, 89, 86, 95, 196, 233, 120, 208, 147, 204, 251, 33, 131, 146, 220, 50, 201, 210, 88, 63, 186, 178, 218, 195, 217, 92, 46, 126, 144, 140, 43, 246, 47, 182, 226, 172, 200, 100, 175, 122, 11, 83, 206, 139, 74, 153, 174, 57, 17, 164, 166, 56, 250, 188, 203, 105, 51, 123, 113, 117, 103, 214, 135, 116, 76, 169, 54, 72, 158, 70, 163, 69, 142, 162, 16, 249, 229, 44, 149, 104, 55, 94, 35, 180, 213, 170, 194, 81, 228, 40, 150, 242, 209, 129, 244, 62, 159, 79, 133, 18, 199, 132, 3, 161, 118, 223, 137, 114, 4, 125, 143, 151, 65, 96, 173, 230, 27, 102, 8, 211, 58, 37, 187, 248, 145, 85, 138, 130, 227, 48, 30, 157, 124, 98, 73, 25, 177, 241, 66, 15, 134, 21, 60, 59, 32, 231, 112, 184, 127, 232, 168, 171, 29, 45, 167, 141, 1, 10, 0, 181, 13, 179, 90, 160, 165, 31, 235, 38, 222, 219, 111, 80, 183, 107, 185, 197, 119, 255, 93, 191, 34, 152, 87, 108, 193, 91, 22, 12, 24, 239, 67, 49, 78, 97, 121, 247, 64, 128, 154, 224, 212, 41, 101, 225, 192, 106, 71, 6, 14, 136, 240, 84, 189, 75, 26, 53, 9, 23, 221, 39, 68, 99, 207, 61, 52, 190, 245, 148, 20, 176, 254, 28, 252, 115, 205, 238, 234, 42, 156, 36, 253, 19, 7, 243, 2, 109, 5, 82, 237, 

Нелінійність  = 96 

Алгебраїчний імунітет  = 3 

Дельта-рівномірність  = 10 

Лінійна збитковість = 0 



25, 83, 166, 97, 110, 193, 33, 203, 75, 191, 48, 89, 117, 145, 221, 2, 118, 210, 81, 224, 177, 138, 176, 74, 38, 163, 156, 213, 79, 183, 95, 134, 56, 175, 35, 59, 186, 99, 240, 169, 114, 119, 241, 198, 107, 238, 12, 31, 140, 245, 101, 69, 248, 41, 86, 142, 113, 124, 201, 181, 94, 10, 226, 147, 3, 24, 151, 137, 39, 206, 55, 130, 192, 195, 159, 49, 54, 225, 207, 148, 178, 53, 22, 232, 219, 236, 184, 208, 215, 61, 179, 23, 185, 204, 8, 96, 73, 82, 34, 135, 190, 91, 67, 111, 37, 228, 46, 102, 143, 229, 231, 71, 40, 189, 26, 122, 121, 235, 141, 161, 144, 182, 246, 42, 44, 153, 27, 220, 202, 170, 233, 88, 223, 112, 172, 123, 154, 157, 218, 28, 239, 70, 63, 45, 165, 160, 104, 133, 129, 30, 20, 164, 19, 244, 152, 57, 150, 60, 50, 52, 0, 66, 76, 4, 214, 249, 105, 149, 16, 158, 205, 77, 230, 58, 84, 65, 155, 216, 6, 211, 188, 115, 162, 78, 64, 51, 116, 109, 212, 222, 47, 131, 36, 136, 21, 227, 14, 146, 127, 92, 253, 62, 197, 167, 194, 254, 43, 139, 250, 126, 29, 72, 17, 180, 80, 252, 196, 234, 187, 173, 85, 108, 90, 106, 13, 168, 209, 255, 174, 93, 120, 32, 18, 15, 98, 243, 100, 87, 237, 132, 103, 11, 125, 251, 5, 171, 247, 199, 128, 217, 200, 7, 68, 242, 1, 9, 

Нелінійність  = 96 

Алгебраїчний імунітет  = 3 

Дельта-рівномірність  = 12 

Лінійна збитковість = 0 



29, 166, 213, 34, 117, 74, 33, 145, 144, 71, 208, 45, 76, 120, 107, 189, 125, 115, 245, 162, 82, 40, 223, 58, 204, 246, 190, 112, 235, 173, 65, 211, 57, 78, 232, 17, 69, 98, 178, 175, 195, 146, 220, 87, 151, 172, 36, 210, 89, 215, 103, 209, 114, 101, 141, 72, 128, 244, 32, 53, 64, 116, 250, 109, 139, 225, 75, 80, 156, 165, 236, 183, 56, 59, 73, 222, 31, 27, 200, 119, 194, 104, 163, 68, 127, 153, 140, 154, 122, 193, 253, 212, 169, 199, 142, 18, 95, 147, 174, 37, 66, 20, 234, 60, 54, 228, 67, 102, 28, 185, 91, 229, 241, 30, 22, 26, 131, 99, 81, 108, 86, 90, 180, 201, 35, 136, 43, 84, 77, 48, 105, 49, 132, 177, 221, 83, 219, 25, 207, 198, 149, 187, 41, 179, 113, 55, 196, 134, 197, 93, 161, 148, 164, 238, 171, 159, 247, 21, 168, 137, 111, 129, 3, 19, 10, 231, 100, 70, 124, 218, 44, 61, 106, 46, 254, 97, 224, 158, 240, 152, 88, 16, 96, 24, 202, 160, 47, 239, 181, 150, 85, 38, 118, 14, 52, 94, 9, 216, 7, 217, 42, 15, 186, 123, 130, 62, 188, 2, 110, 23, 170, 11, 237, 79, 227, 248, 39, 233, 206, 226, 138, 205, 167, 252, 13, 51, 192, 133, 251, 126, 5, 214, 157, 249, 135, 121, 242, 255, 155, 1, 6, 4, 50, 0, 203, 191, 92, 184, 8, 230, 12, 63, 143, 243, 176, 182, 

Нелінійність  = 96 

Алгебраїчний імунітет  = 3 

Дельта-рівномірність  = 12 

Лінійна збитковість = 0 



76, 37, 64, 144, 224, 57, 164, 191, 173, 90, 77, 38, 114, 228, 45, 133, 158, 68, 140, 177, 216, 163, 46, 84, 106, 240, 139, 101, 27, 35, 136, 18, 148, 96, 178, 199, 73, 172, 170, 212, 138, 219, 209, 235, 102, 79, 60, 63, 113, 86, 125, 149, 198, 94, 162, 111, 142, 202, 87, 70, 227, 207, 137, 104, 59, 232, 78, 135, 153, 134, 184, 69, 132, 19, 12, 238, 103, 155, 115, 85, 156, 61, 151, 141, 41, 194, 237, 44, 206, 36, 80, 154, 28, 226, 105, 123, 109, 82, 95, 127, 197, 50, 204, 6, 169, 93, 181, 21, 33, 213, 208, 42, 23, 196, 13, 32, 231, 53, 62, 97, 55, 239, 146, 74, 215, 180, 120, 179, 221, 129, 112, 220, 223, 159, 254, 218, 110, 92, 167, 165, 29, 244, 4, 229, 222, 49, 25, 52, 98, 188, 1, 75, 100, 39, 17, 107, 174, 40, 22, 72, 210, 185, 3, 11, 255, 201, 128, 225, 119, 91, 186, 193, 83, 66, 242, 122, 189, 130, 81, 157, 182, 126, 168, 236, 5, 71, 166, 58, 56, 8, 214, 108, 183, 187, 131, 15, 233, 152, 147, 99, 117, 116, 89, 24, 47, 7, 248, 160, 190, 121, 251, 9, 211, 253, 241, 31, 124, 20, 234, 54, 0, 175, 145, 14, 65, 245, 176, 143, 217, 67, 252, 203, 88, 195, 51, 249, 171, 2, 230, 30, 34, 43, 26, 205, 247, 10, 250, 200, 243, 48, 16, 192, 161, 246, 118, 150, 

Нелінійність  = 96 

Алгебраїчний імунітет  = 3 

Дельта-рівномірність  = 12 

Лінійна збитковість = 0 



25, 83, 166, 97, 110, 193, 33, 203, 75, 191, 48, 89, 117, 145, 221, 179, 118, 210, 81, 224, 177, 86, 176, 74, 36, 163, 156, 213, 79, 183, 95, 134, 56, 175, 35, 59, 186, 38, 240, 169, 194, 119, 241, 198, 107, 238, 12, 31, 140, 245, 101, 69, 104, 41, 50, 142, 113, 124, 201, 181, 82, 105, 226, 90, 3, 24, 151, 137, 39, 108, 55, 168, 192, 122, 159, 49, 54, 225, 207, 148, 46, 53, 22, 232, 155, 236, 184, 15, 215, 235, 131, 23, 136, 76, 91, 228, 121, 230, 34, 244, 77, 154, 67, 111, 37, 88, 160, 130, 32, 85, 133, 29, 165, 189, 216, 150, 180, 185, 141, 204, 158, 182, 246, 42, 44, 153, 70, 220, 202, 252, 237, 190, 223, 112, 172, 123, 68, 219, 126, 28, 87, 57, 63, 144, 6, 93, 99, 255, 129, 30, 4, 164, 212, 14, 196, 251, 170, 60, 102, 162, 62, 66, 161, 217, 250, 2, 143, 178, 94, 242, 205, 98, 7, 58, 17, 199, 206, 115, 209, 200, 188, 138, 214, 78, 64, 157, 152, 109, 116, 222, 47, 197, 248, 125, 233, 227, 253, 132, 114, 65, 146, 10, 96, 27, 0, 187, 247, 52, 229, 13, 61, 249, 128, 135, 21, 84, 149, 147, 127, 239, 208, 51, 26, 167, 45, 254, 120, 195, 72, 139, 171, 103, 11, 92, 73, 18, 16, 100, 8, 211, 40, 231, 5, 43, 9, 19, 243, 173, 71, 20, 234, 106, 218, 80, 174, 1, 

Нелінійність  = 96 

Алгебраїчний імунітет  = 3 

Дельта-рівномірність  = 10 

Лінійна збитковість = 0 



29, 177, 9, 234, 73, 195, 181, 179, 154, 113, 248, 112, 133, 165, 182, 59, 168, 149, 53, 111, 74, 121, 212, 249, 228, 114, 170, 85, 145, 18, 15, 35, 71, 68, 214, 161, 151, 216, 220, 194, 33, 105, 101, 205, 153, 188, 57, 227, 163, 159, 42, 41, 202, 99, 44, 172, 91, 66, 186, 183, 245, 155, 51, 140, 222, 208, 27, 90, 152, 218, 211, 28, 89, 31, 180, 137, 115, 200, 12, 72, 60, 221, 7, 189, 36, 230, 63, 132, 64, 131, 45, 107, 232, 127, 250, 192, 24, 136, 130, 54, 70, 122, 75, 226, 52, 96, 50, 87, 135, 124, 191, 30, 79, 97, 129, 167, 69, 39, 213, 224, 143, 196, 162, 67, 21, 82, 106, 175, 93, 10, 34, 197, 22, 223, 174, 62, 210, 241, 86, 14, 37, 246, 193, 48, 171, 118, 92, 185, 164, 76, 128, 58, 125, 233, 46, 142, 134, 240, 116, 206, 215, 141, 123, 251, 148, 19, 236, 147, 117, 65, 184, 104, 150, 237, 120, 199, 80, 231, 190, 217, 235, 2, 108, 49, 102, 201, 109, 178, 6, 169, 43, 94, 187, 100, 160, 146, 47, 84, 77, 8, 244, 229, 173, 55, 95, 157, 219, 139, 23, 20, 203, 103, 225, 25, 176, 252, 56, 13, 98, 242, 255, 61, 5, 38, 110, 253, 17, 3, 207, 11, 138, 198, 239, 1, 78, 166, 156, 16, 119, 209, 0, 158, 144, 243, 238, 81, 26, 83, 32, 40, 4, 204, 126, 88, 247, 254, 

Нелінійність  = 96 

Алгебраїчний імунітет  = 3 

Дельта-рівномірність  = 12 

Лінійна збитковість = 0 



242, 201, 159, 34, 75, 78, 207, 185, 225, 116, 94, 1, 140, 86, 232, 93, 209, 131, 165, 69, 177, 246, 194, 99, 171, 228, 70, 154, 199, 189, 80, 60, 250, 182, 144, 151, 241, 87, 100, 4, 183, 23, 252, 253, 25, 3, 179, 126, 68, 134, 195, 90, 218, 27, 57, 190, 222, 149, 143, 6, 184, 192, 198, 238, 55, 239, 114, 81, 254, 89, 36, 14, 37, 33, 56, 135, 213, 148, 203, 217, 124, 2, 88, 216, 113, 233, 255, 101, 146, 43, 142, 103, 188, 73, 175, 191, 123, 46, 84, 173, 247, 202, 214, 102, 138, 51, 166, 109, 119, 64, 145, 115, 244, 107, 163, 150, 193, 18, 221, 0, 136, 160, 17, 155, 62, 40, 223, 117, 49, 83, 229, 13, 118, 147, 54, 132, 7, 245, 226, 227, 63, 12, 161, 208, 9, 24, 121, 156, 48, 237, 157, 112, 235, 204, 15, 104, 71, 176, 67, 215, 219, 95, 120, 168, 79, 110, 251, 169, 22, 44, 122, 231, 197, 58, 76, 230, 139, 137, 97, 59, 128, 74, 186, 248, 11, 162, 66, 111, 133, 52, 19, 29, 42, 236, 98, 39, 10, 172, 181, 240, 45, 105, 206, 61, 16, 65, 85, 130, 205, 92, 47, 125, 167, 153, 180, 50, 243, 174, 127, 41, 234, 249, 152, 106, 28, 96, 196, 108, 38, 129, 5, 170, 26, 77, 178, 82, 31, 32, 20, 210, 21, 141, 91, 8, 158, 187, 72, 164, 211, 53, 35, 220, 30, 200, 224, 212, 

Нелінійність  = 94 

Алгебраїчний імунітет  = 3 

Дельта-рівномірність  = 12 

Лінійна збитковість = 0 



72, 67, 68, 107, 189, 235, 163, 243, 96, 102, 93, 224, 229, 101, 215, 152, 204, 222, 0, 131, 126, 244, 46, 193, 217, 64, 43, 187, 181, 228, 210, 221, 70, 6, 122, 164, 156, 39, 245, 172, 239, 237, 160, 192, 91, 167, 135, 9, 97, 207, 158, 50, 177, 203, 66, 145, 86, 194, 42, 254, 179, 240, 90, 38, 144, 208, 130, 117, 166, 139, 120, 59, 185, 53, 44, 115, 75, 150, 73, 143, 176, 116, 137, 227, 255, 129, 89, 47, 238, 3, 151, 242, 188, 209, 79, 231, 8, 214, 31, 200, 52, 87, 63, 230, 219, 11, 20, 213, 35, 170, 161, 108, 250, 132, 123, 212, 121, 140, 169, 36, 78, 196, 146, 25, 118, 232, 5, 28, 211, 220, 65, 112, 128, 45, 141, 119, 19, 32, 162, 92, 216, 69, 24, 218, 186, 54, 2, 76, 110, 241, 29, 56, 171, 14, 183, 147, 233, 182, 201, 103, 149, 81, 58, 246, 226, 82, 40, 17, 175, 159, 155, 114, 248, 251, 1, 125, 142, 74, 136, 197, 100, 133, 157, 109, 199, 94, 180, 198, 191, 80, 178, 16, 34, 234, 62, 12, 60, 48, 23, 27, 71, 85, 148, 124, 206, 168, 88, 225, 30, 22, 61, 165, 205, 154, 173, 13, 249, 247, 83, 98, 153, 104, 57, 49, 84, 4, 10, 77, 21, 252, 51, 33, 95, 202, 99, 37, 184, 18, 190, 195, 7, 138, 127, 134, 253, 236, 111, 174, 223, 55, 106, 113, 105, 26, 41, 15, 

Нелінійність  = 94 

Алгебраїчний імунітет  = 3 

Дельта-рівномірність  = 12 

Лінійна збитковість = 0 



206, 240, 195, 253, 177, 203, 168, 76, 146, 66, 245, 49, 161, 251, 222, 228, 18, 90, 80, 227, 8, 30, 182, 175, 189, 69, 219, 33, 91, 218, 153, 144, 34, 59, 190, 194, 123, 233, 170, 151, 213, 89, 152, 120, 102, 109, 225, 166, 138, 140, 98, 188, 23, 197, 107, 192, 164, 84, 36, 154, 208, 16, 13, 215, 81, 246, 181, 193, 252, 101, 28, 46, 255, 200, 67, 122, 75, 133, 74, 139, 130, 88, 186, 241, 68, 134, 72, 196, 7, 176, 51, 112, 124, 132, 26, 247, 61, 231, 202, 77, 55, 212, 19, 86, 237, 165, 113, 111, 96, 27, 4, 187, 128, 12, 104, 41, 155, 249, 223, 85, 0, 239, 37, 143, 217, 45, 1, 114, 105, 31, 248, 47, 145, 244, 100, 44, 167, 131, 235, 229, 22, 95, 158, 238, 250, 92, 38, 39, 135, 48, 60, 2, 79, 62, 63, 106, 232, 201, 147, 149, 83, 56, 209, 78, 116, 5, 6, 205, 178, 14, 160, 43, 141, 15, 173, 174, 126, 214, 226, 9, 54, 21, 210, 157, 183, 82, 242, 94, 204, 127, 199, 211, 20, 220, 171, 156, 58, 25, 198, 115, 216, 150, 108, 103, 129, 207, 87, 57, 73, 243, 148, 236, 224, 169, 10, 11, 97, 234, 53, 64, 71, 32, 142, 118, 52, 184, 24, 40, 172, 163, 93, 99, 179, 185, 3, 191, 110, 136, 254, 162, 221, 159, 230, 29, 117, 35, 50, 65, 42, 17, 70, 119, 137, 121, 125, 180, 

Нелінійність  = 94 

Алгебраїчний імунітет  = 3 

Дельта-рівномірність  = 12 

Лінійна збитковість = 0 



20, 181, 101, 143, 105, 6, 53, 91, 171, 141, 197, 116, 209, 80, 39, 34, 155, 137, 16, 126, 30, 252, 212, 254, 247, 11, 133, 58, 230, 54, 189, 232, 136, 188, 246, 198, 81, 127, 35, 123, 206, 222, 32, 203, 14, 115, 166, 220, 190, 3, 221, 38, 77, 170, 211, 227, 8, 70, 29, 69, 47, 158, 62, 153, 240, 46, 179, 139, 83, 18, 44, 142, 121, 67, 98, 37, 201, 151, 235, 79, 52, 219, 238, 89, 103, 120, 85, 112, 241, 244, 56, 117, 73, 27, 180, 4, 19, 88, 36, 97, 164, 66, 145, 165, 163, 17, 194, 5, 132, 186, 43, 111, 192, 86, 202, 13, 223, 144, 159, 93, 216, 191, 106, 156, 218, 182, 231, 76, 25, 75, 87, 168, 92, 108, 55, 21, 122, 217, 100, 104, 95, 175, 102, 96, 178, 84, 57, 161, 49, 176, 187, 210, 242, 177, 12, 233, 174, 41, 128, 224, 237, 78, 65, 42, 26, 245, 167, 234, 135, 82, 68, 249, 236, 64, 150, 131, 226, 138, 113, 119, 149, 40, 124, 173, 130, 118, 94, 59, 146, 24, 50, 250, 114, 110, 134, 2, 195, 33, 157, 185, 225, 243, 99, 10, 71, 61, 204, 147, 154, 22, 229, 193, 28, 228, 109, 72, 253, 251, 31, 184, 51, 160, 125, 48, 1, 214, 248, 162, 74, 152, 140, 196, 129, 199, 0, 9, 45, 208, 60, 215, 107, 23, 207, 205, 200, 239, 7, 213, 255, 63, 169, 148, 172, 90, 15, 183, 

Нелінійність  = 94 

Алгебраїчний імунітет  = 3 

Дельта-рівномірність  = 12 

Лінійна збитковість = 0 



41, 246, 183, 142, 237, 158, 163, 112, 44, 109, 122, 73, 110, 186, 16, 231, 141, 175, 208, 49, 30, 157, 61, 226, 78, 167, 52, 132, 146, 219, 99, 191, 255, 197, 160, 27, 221, 193, 48, 214, 215, 11, 213, 95, 185, 172, 98, 77, 248, 238, 235, 21, 174, 154, 224, 250, 205, 83, 116, 115, 178, 20, 43, 239, 143, 105, 244, 26, 147, 151, 243, 182, 53, 194, 253, 28, 140, 144, 119, 210, 135, 234, 145, 5, 209, 181, 254, 123, 29, 138, 228, 201, 71, 202, 207, 103, 0, 252, 6, 128, 101, 165, 79, 17, 247, 251, 58, 55, 153, 217, 199, 85, 65, 170, 42, 189, 50, 7, 245, 200, 81, 184, 240, 46, 8, 76, 118, 121, 22, 212, 56, 38, 92, 32, 25, 57, 130, 67, 242, 125, 10, 129, 204, 86, 164, 155, 91, 9, 31, 89, 187, 148, 14, 96, 15, 93, 51, 168, 1, 223, 227, 12, 117, 80, 133, 179, 206, 218, 23, 19, 88, 139, 195, 34, 198, 13, 45, 203, 152, 108, 66, 24, 124, 18, 166, 225, 134, 176, 159, 68, 64, 69, 63, 126, 104, 54, 35, 102, 192, 33, 2, 229, 72, 233, 169, 60, 161, 220, 131, 40, 177, 74, 162, 136, 75, 137, 211, 82, 59, 190, 84, 188, 37, 127, 156, 149, 232, 62, 100, 230, 222, 39, 107, 180, 173, 150, 113, 36, 94, 241, 97, 4, 216, 120, 70, 106, 111, 114, 236, 196, 90, 171, 87, 47, 249, 3, 

Нелінійність  = 94 

Алгебраїчний імунітет  = 3 

Дельта-рівномірність  = 12 

Лінійна збитковість = 0 



104, 199, 191, 245, 175, 52, 228, 189, 220, 165, 42, 127, 16, 226, 128, 40, 28, 118, 252, 155, 97, 32, 91, 219, 10, 84, 243, 48, 105, 101, 129, 250, 251, 33, 247, 233, 136, 47, 31, 99, 75, 13, 148, 242, 62, 218, 22, 63, 12, 86, 119, 227, 9, 5, 41, 0, 146, 21, 110, 20, 244, 123, 152, 138, 174, 131, 230, 205, 65, 181, 126, 125, 163, 143, 100, 92, 134, 56, 61, 246, 4, 130, 213, 103, 43, 30, 140, 106, 157, 202, 78, 54, 178, 197, 236, 81, 209, 24, 132, 14, 77, 183, 68, 57, 124, 238, 156, 83, 185, 177, 50, 249, 38, 76, 141, 172, 49, 139, 74, 192, 188, 161, 69, 59, 46, 95, 214, 11, 102, 117, 223, 66, 17, 29, 72, 80, 167, 162, 2, 51, 170, 153, 15, 196, 121, 166, 208, 112, 1, 116, 90, 222, 254, 171, 19, 204, 158, 179, 142, 64, 60, 144, 212, 135, 108, 58, 55, 87, 225, 248, 111, 88, 194, 18, 221, 137, 149, 229, 215, 23, 53, 173, 186, 145, 8, 67, 150, 190, 187, 184, 168, 206, 109, 79, 36, 107, 207, 193, 7, 39, 96, 239, 94, 151, 164, 253, 176, 45, 122, 198, 26, 70, 200, 182, 115, 113, 44, 133, 34, 35, 180, 224, 160, 169, 237, 85, 71, 73, 240, 211, 154, 241, 89, 216, 93, 120, 235, 203, 25, 6, 210, 159, 82, 114, 3, 217, 37, 27, 255, 231, 232, 147, 201, 195, 98, 234, 

Нелінійність  = 94 

Алгебраїчний імунітет  = 3 

Дельта-рівномірність  = 12 

Лінійна збитковість = 0 



242, 201, 159, 34, 75, 78, 207, 185, 225, 116, 94, 1, 140, 86, 232, 93, 209, 131, 165, 69, 177, 246, 194, 99, 171, 228, 70, 154, 199, 189, 80, 60, 250, 182, 144, 151, 241, 87, 100, 4, 183, 23, 252, 253, 25, 3, 179, 126, 68, 134, 195, 90, 218, 27, 57, 190, 222, 149, 143, 6, 184, 192, 198, 238, 55, 239, 114, 81, 254, 89, 36, 14, 37, 33, 56, 135, 213, 148, 203, 217, 124, 2, 88, 216, 113, 233, 255, 101, 146, 43, 142, 103, 188, 73, 175, 191, 123, 46, 84, 173, 247, 202, 214, 102, 138, 51, 166, 109, 119, 64, 145, 115, 244, 107, 163, 150, 193, 18, 221, 0, 136, 160, 17, 155, 62, 40, 223, 117, 49, 83, 229, 13, 118, 147, 54, 132, 7, 245, 226, 227, 63, 12, 161, 208, 9, 24, 121, 156, 48, 237, 157, 112, 235, 204, 15, 104, 71, 176, 67, 215, 219, 95, 120, 168, 79, 110, 251, 169, 22, 44, 122, 231, 197, 58, 76, 230, 139, 137, 97, 59, 128, 74, 186, 248, 11, 162, 66, 111, 133, 52, 19, 29, 42, 236, 98, 39, 10, 172, 181, 240, 45, 105, 206, 61, 16, 65, 85, 130, 205, 92, 47, 125, 167, 153, 180, 50, 243, 174, 127, 41, 234, 249, 152, 106, 28, 96, 196, 108, 38, 129, 5, 170, 26, 77, 178, 82, 31, 32, 20, 210, 21, 141, 91, 8, 158, 187, 72, 164, 211, 53, 35, 220, 30, 200, 224, 212, 

Нелінійність  = 94 

Алгебраїчний імунітет  = 3 

Дельта-рівномірність  = 12 

Лінійна збитковість = 0 



90, 83, 140, 155, 205, 116, 177, 190, 216, 246, 91, 49, 231, 150, 88, 251, 54, 60, 100, 236, 129, 159, 239, 19, 163, 47, 55, 154, 226, 23, 94, 147, 255, 71, 151, 206, 217, 202, 254, 75, 58, 172, 143, 201, 149, 248, 244, 214, 31, 175, 93, 62, 191, 46, 141, 5, 218, 64, 221, 87, 113, 240, 192, 144, 37, 4, 187, 131, 48, 108, 139, 29, 235, 198, 230, 117, 161, 158, 122, 35, 26, 121, 59, 115, 173, 229, 80, 27, 119, 252, 20, 195, 82, 105, 28, 73, 197, 224, 168, 128, 17, 65, 107, 51, 22, 30, 207, 152, 138, 232, 176, 41, 193, 76, 212, 63, 223, 253, 183, 156, 137, 196, 242, 146, 24, 124, 103, 97, 125, 40, 233, 184, 170, 211, 77, 33, 136, 50, 208, 126, 32, 180, 145, 106, 114, 2, 18, 132, 96, 130, 243, 204, 44, 194, 69, 247, 66, 181, 148, 67, 133, 7, 112, 109, 13, 200, 160, 219, 118, 165, 153, 95, 186, 57, 220, 78, 142, 203, 38, 68, 162, 225, 169, 179, 213, 215, 72, 15, 52, 39, 99, 25, 1, 237, 101, 10, 178, 14, 199, 123, 84, 102, 42, 174, 8, 238, 245, 45, 135, 79, 36, 120, 34, 43, 127, 188, 9, 85, 241, 222, 189, 0, 234, 12, 61, 21, 16, 182, 164, 70, 56, 89, 166, 98, 53, 228, 81, 111, 227, 110, 167, 210, 86, 74, 104, 157, 250, 92, 6, 3, 249, 209, 11, 171, 185, 134, 

Нелінійність  = 94 

Алгебраїчний імунітет  = 3 

Дельта-рівномірність  = 12 

Лінійна збитковість = 0 



12, 144, 226, 5, 219, 223, 153, 91, 123, 41, 157, 34, 88, 224, 242, 90, 33, 58, 169, 8, 93, 234, 250, 213, 21, 200, 134, 243, 211, 70, 163, 113, 237, 103, 148, 133, 229, 61, 16, 120, 177, 106, 85, 78, 7, 104, 68, 149, 164, 119, 62, 218, 239, 126, 43, 154, 208, 110, 1, 35, 69, 109, 80, 75, 215, 150, 190, 246, 94, 130, 4, 135, 131, 227, 195, 183, 189, 221, 249, 49, 132, 184, 182, 25, 115, 203, 225, 186, 102, 77, 99, 151, 29, 178, 165, 67, 238, 17, 152, 13, 92, 121, 19, 2, 156, 254, 52, 6, 205, 11, 56, 192, 158, 112, 82, 42, 108, 45, 240, 170, 0, 199, 247, 155, 63, 47, 217, 84, 187, 36, 81, 105, 139, 117, 162, 216, 87, 101, 138, 147, 54, 209, 214, 31, 51, 24, 74, 20, 181, 168, 185, 196, 201, 244, 10, 22, 116, 253, 176, 245, 76, 100, 23, 141, 37, 38, 194, 179, 172, 86, 48, 66, 235, 122, 175, 125, 193, 9, 248, 72, 241, 159, 191, 129, 46, 204, 136, 124, 89, 40, 231, 228, 251, 173, 230, 27, 26, 65, 59, 188, 128, 167, 50, 143, 15, 255, 53, 160, 98, 83, 79, 232, 14, 161, 252, 146, 202, 44, 3, 180, 28, 137, 95, 145, 60, 140, 30, 206, 212, 111, 142, 198, 222, 127, 96, 236, 55, 97, 57, 18, 171, 71, 174, 107, 64, 210, 118, 39, 166, 32, 233, 197, 73, 220, 207, 114, 

Нелінійність  = 94 

Алгебраїчний імунітет  = 3 

Дельта-рівномірність  = 12 

Лінійна збитковість = 0 



20, 181, 101, 143, 105, 6, 53, 91, 171, 141, 197, 116, 209, 80, 39, 34, 155, 137, 16, 126, 30, 252, 212, 254, 247, 11, 133, 58, 230, 54, 189, 232, 136, 188, 246, 198, 81, 127, 35, 123, 206, 222, 32, 203, 14, 115, 166, 220, 190, 3, 221, 38, 77, 170, 211, 227, 8, 70, 29, 69, 47, 158, 62, 153, 240, 46, 179, 139, 83, 18, 44, 142, 121, 67, 98, 37, 201, 151, 235, 79, 52, 219, 238, 89, 103, 120, 85, 112, 241, 244, 56, 117, 73, 27, 180, 4, 19, 88, 36, 97, 164, 66, 145, 165, 163, 17, 194, 5, 132, 186, 43, 111, 192, 86, 202, 13, 223, 144, 159, 93, 216, 191, 106, 156, 218, 182, 231, 76, 25, 75, 87, 168, 92, 108, 55, 21, 122, 217, 100, 104, 95, 175, 102, 96, 178, 84, 57, 161, 49, 176, 187, 210, 242, 177, 12, 233, 174, 41, 128, 224, 237, 78, 65, 42, 26, 245, 167, 234, 135, 82, 68, 249, 236, 64, 150, 131, 226, 138, 113, 119, 149, 40, 124, 173, 130, 118, 94, 59, 146, 24, 50, 250, 114, 110, 134, 2, 195, 33, 157, 185, 225, 243, 99, 10, 71, 61, 204, 147, 154, 22, 229, 193, 28, 228, 109, 72, 253, 251, 31, 184, 51, 160, 125, 48, 1, 214, 248, 162, 74, 152, 140, 196, 129, 199, 0, 9, 45, 208, 60, 215, 107, 23, 207, 205, 200, 239, 7, 213, 255, 63, 169, 148, 172, 90, 15, 183, 

Нелінійність  = 94 

Алгебраїчний імунітет  = 3 

Дельта-рівномірність  = 12 

Лінійна збитковість = 0 



98, 10, 5, 215, 1, 58, 210, 82, 0, 237, 64, 226, 77, 181, 62, 166, 186, 32, 37, 89, 122, 150, 4, 184, 135, 218, 160, 126, 209, 198, 203, 146, 188, 53, 171, 223, 88, 151, 60, 80, 38, 123, 153, 162, 157, 113, 36, 178, 230, 54, 213, 254, 189, 79, 222, 234, 202, 228, 86, 190, 21, 242, 248, 208, 217, 121, 165, 103, 27, 250, 199, 167, 152, 105, 65, 195, 57, 129, 76, 90, 229, 112, 127, 139, 47, 196, 232, 182, 94, 158, 92, 173, 59, 69, 204, 187, 193, 145, 172, 252, 81, 16, 23, 71, 44, 101, 236, 6, 84, 128, 169, 2, 28, 168, 118, 35, 19, 132, 241, 251, 212, 42, 52, 201, 227, 15, 61, 31, 148, 174, 176, 245, 175, 191, 238, 163, 51, 114, 161, 134, 49, 14, 225, 39, 30, 8, 115, 131, 255, 179, 116, 87, 170, 24, 130, 102, 117, 142, 104, 177, 106, 133, 147, 211, 149, 108, 141, 156, 140, 143, 99, 91, 33, 34, 72, 26, 120, 144, 13, 235, 185, 224, 207, 97, 70, 246, 124, 50, 221, 66, 29, 17, 67, 253, 25, 155, 68, 180, 119, 125, 216, 46, 96, 154, 220, 12, 164, 45, 200, 244, 138, 240, 7, 83, 95, 78, 197, 48, 243, 233, 110, 239, 74, 43, 136, 73, 9, 219, 111, 75, 22, 85, 41, 231, 40, 206, 183, 247, 249, 93, 205, 63, 194, 192, 55, 107, 109, 137, 18, 3, 20, 11, 100, 159, 214, 56, 

Нелінійність  = 94 

Алгебраїчний імунітет  = 3 

Дельта-рівномірність  = 10 

Лінійна збитковість = 0 



61, 255, 189, 249, 101, 77, 67, 88, 156, 224, 71, 218, 133, 137, 116, 172, 72, 248, 64, 2, 160, 205, 27, 229, 215, 75, 113, 43, 162, 231, 53, 193, 14, 250, 74, 206, 68, 60, 191, 80, 54, 130, 219, 103, 17, 232, 234, 31, 12, 34, 49, 16, 253, 65, 138, 147, 3, 221, 58, 236, 110, 148, 81, 1, 153, 154, 181, 158, 212, 6, 192, 48, 73, 85, 108, 106, 222, 173, 98, 174, 211, 217, 86, 44, 50, 245, 237, 207, 195, 199, 159, 198, 175, 204, 190, 239, 25, 134, 102, 76, 240, 186, 70, 149, 243, 131, 84, 210, 89, 141, 214, 208, 246, 30, 220, 200, 180, 197, 167, 209, 121, 194, 66, 23, 135, 120, 150, 161, 247, 8, 144, 105, 241, 99, 45, 46, 19, 21, 155, 176, 122, 151, 196, 223, 230, 114, 117, 47, 41, 142, 227, 104, 184, 166, 242, 233, 15, 42, 225, 128, 129, 132, 165, 201, 168, 57, 87, 13, 123, 185, 20, 82, 226, 177, 228, 0, 10, 39, 112, 124, 18, 115, 107, 5, 40, 69, 63, 163, 126, 59, 125, 100, 183, 244, 169, 238, 182, 152, 11, 56, 146, 235, 109, 55, 29, 251, 78, 62, 119, 52, 118, 179, 51, 136, 213, 202, 7, 216, 140, 37, 91, 4, 170, 26, 187, 139, 38, 188, 90, 145, 157, 92, 33, 254, 36, 83, 94, 143, 127, 97, 24, 111, 93, 22, 79, 35, 96, 164, 178, 203, 252, 171, 9, 95, 32, 28, 

Нелінійність  = 94 

Алгебраїчний імунітет  = 3 

Дельта-рівномірність  = 10 

Лінійна збитковість = 0 



69, 244, 116, 111, 3, 103, 185, 23, 216, 245, 90, 109, 25, 40, 42, 123, 126, 195, 204, 98, 163, 136, 84, 179, 1, 171, 148, 2, 38, 24, 117, 133, 26, 101, 65, 141, 139, 212, 68, 151, 248, 88, 236, 27, 93, 249, 228, 102, 159, 36, 96, 156, 240, 153, 81, 30, 127, 11, 99, 7, 55, 22, 149, 132, 134, 253, 32, 54, 168, 189, 129, 79, 182, 235, 164, 178, 147, 251, 58, 5, 114, 144, 70, 130, 135, 246, 71, 143, 137, 237, 173, 217, 226, 78, 51, 176, 34, 86, 125, 121, 4, 115, 145, 44, 191, 29, 97, 82, 188, 234, 205, 175, 45, 158, 165, 140, 146, 231, 16, 124, 14, 64, 211, 110, 73, 243, 197, 154, 252, 128, 67, 160, 192, 169, 220, 207, 227, 186, 222, 13, 230, 198, 72, 17, 215, 74, 63, 170, 20, 118, 193, 181, 162, 172, 174, 105, 150, 37, 15, 43, 208, 120, 229, 187, 131, 41, 52, 138, 152, 21, 28, 89, 107, 0, 233, 242, 56, 255, 223, 196, 202, 241, 18, 201, 35, 19, 254, 48, 39, 180, 247, 104, 177, 76, 190, 166, 157, 8, 80, 225, 184, 250, 218, 94, 83, 206, 142, 9, 232, 12, 167, 203, 50, 77, 224, 53, 209, 33, 210, 200, 221, 91, 95, 60, 85, 87, 108, 61, 113, 183, 62, 155, 119, 59, 47, 75, 57, 46, 238, 100, 92, 106, 219, 194, 199, 10, 49, 239, 161, 213, 31, 66, 122, 214, 112, 6, 

Нелінійність  = 94 

Алгебраїчний імунітет  = 3 

Дельта-рівномірність  = 12 

Лінійна збитковість = 0 



121, 56, 207, 61, 103, 142, 95, 227, 63, 131, 196, 151, 233, 231, 183, 125, 245, 84, 55, 141, 68, 134, 58, 238, 148, 139, 87, 57, 195, 107, 179, 197, 219, 108, 174, 100, 85, 19, 127, 106, 212, 173, 145, 221, 194, 48, 176, 165, 104, 169, 15, 59, 130, 203, 154, 49, 37, 8, 230, 162, 217, 64, 77, 213, 26, 114, 152, 185, 248, 129, 242, 167, 30, 81, 218, 171, 220, 191, 35, 22, 234, 250, 117, 175, 62, 9, 153, 60, 13, 80, 201, 74, 3, 10, 23, 133, 102, 92, 54, 67, 239, 46, 188, 223, 71, 120, 29, 93, 53, 137, 155, 40, 69, 236, 99, 172, 39, 124, 193, 177, 204, 163, 170, 208, 210, 251, 128, 192, 16, 33, 116, 228, 186, 161, 222, 113, 180, 89, 31, 198, 5, 24, 205, 73, 82, 158, 240, 105, 241, 215, 168, 253, 200, 110, 65, 246, 164, 50, 182, 111, 140, 112, 98, 147, 237, 202, 94, 83, 36, 34, 18, 78, 96, 224, 21, 136, 4, 199, 214, 206, 76, 25, 132, 1, 135, 181, 90, 70, 91, 122, 119, 12, 20, 14, 43, 252, 159, 247, 0, 216, 45, 27, 249, 143, 88, 51, 52, 226, 115, 189, 32, 126, 97, 209, 72, 11, 160, 2, 146, 157, 138, 190, 38, 254, 150, 166, 118, 6, 41, 7, 211, 149, 229, 255, 232, 225, 144, 184, 109, 86, 156, 66, 47, 28, 244, 178, 187, 123, 42, 44, 235, 243, 17, 75, 79, 101, 

Нелінійність  = 94 

Алгебраїчний імунітет  = 3 

Дельта-рівномірність  = 12 

Лінійна збитковість = 0 



33, 172, 104, 140, 127, 23, 63, 108, 152, 119, 182, 105, 217, 102, 61, 48, 163, 136, 46, 126, 66, 226, 190, 252, 236, 44, 138, 77, 219, 72, 178, 95, 144, 199, 231, 173, 246, 117, 69, 228, 200, 213, 64, 210, 30, 132, 148, 189, 161, 35, 192, 110, 86, 167, 179, 216, 8, 62, 45, 84, 78, 139, 81, 194, 204, 60, 158, 121, 75, 234, 52, 145, 115, 176, 124, 141, 205, 164, 188, 88, 57, 218, 22, 113, 92, 142, 100, 109, 220, 238, 171, 3, 74, 13, 166, 37, 50, 207, 58, 122, 149, 68, 130, 160, 247, 55, 198, 25, 43, 195, 241, 180, 175, 99, 18, 34, 211, 147, 143, 118, 212, 103, 9, 137, 186, 1, 233, 98, 54, 65, 36, 97, 93, 225, 239, 156, 134, 209, 101, 47, 96, 162, 90, 2, 165, 221, 169, 255, 111, 155, 181, 224, 215, 187, 40, 82, 56, 174, 85, 7, 235, 14, 208, 230, 223, 227, 128, 151, 20, 80, 31, 250, 222, 240, 153, 206, 214, 170, 49, 177, 83, 11, 32, 201, 183, 197, 41, 87, 203, 125, 70, 116, 232, 112, 168, 10, 91, 53, 4, 135, 76, 27, 6, 94, 202, 229, 191, 146, 5, 29, 254, 67, 21, 193, 131, 15, 106, 42, 133, 185, 123, 253, 0, 89, 184, 28, 71, 245, 79, 24, 107, 17, 19, 251, 39, 242, 248, 73, 114, 120, 196, 159, 59, 243, 237, 249, 157, 51, 154, 244, 150, 38, 16, 26, 129, 12, 

Нелінійність  = 94 

Алгебраїчний імунітет  = 3 

Дельта-рівномірність  = 12 

Лінійна збитковість = 0 



51, 227, 173, 139, 238, 150, 155, 126, 45, 92, 119, 69, 134, 191, 41, 213, 151, 168, 207, 62, 66, 147, 63, 229, 94, 175, 70, 23, 148, 211, 102, 192, 244, 206, 158, 29, 195, 132, 80, 37, 189, 36, 216, 124, 174, 180, 91, 59, 210, 232, 204, 49, 56, 154, 190, 235, 22, 73, 118, 133, 188, 24, 65, 220, 122, 110, 242, 26, 128, 145, 219, 179, 58, 67, 247, 53, 125, 86, 108, 198, 127, 231, 112, 43, 181, 193, 93, 161, 42, 149, 222, 178, 72, 182, 57, 120, 34, 250, 33, 152, 96, 4, 75, 10, 12, 251, 50, 105, 142, 20, 35, 99, 68, 169, 46, 130, 60, 31, 215, 208, 2, 184, 237, 44, 224, 140, 138, 136, 52, 101, 143, 21, 30, 7, 32, 85, 141, 83, 157, 115, 25, 163, 176, 239, 5, 116, 90, 196, 1, 82, 225, 14, 9, 144, 16, 212, 79, 39, 3, 223, 233, 19, 243, 38, 205, 197, 230, 202, 236, 61, 13, 185, 199, 111, 203, 114, 55, 87, 137, 109, 78, 218, 117, 77, 11, 121, 113, 186, 76, 160, 27, 107, 171, 234, 255, 226, 240, 17, 170, 146, 15, 228, 88, 201, 74, 81, 164, 104, 98, 159, 89, 248, 18, 177, 103, 64, 183, 200, 153, 40, 253, 172, 221, 217, 214, 165, 84, 47, 129, 97, 28, 135, 54, 156, 167, 166, 187, 209, 241, 245, 95, 249, 48, 246, 106, 8, 0, 194, 71, 252, 162, 131, 123, 254, 100, 6, 

Нелінійність  = 94 

Алгебраїчний імунітет  = 3 

Дельта-рівномірність  = 12 

Лінійна збитковість = 0 



220, 189, 153, 49, 102, 83, 192, 187, 197, 98, 96, 8, 159, 107, 223, 97, 208, 131, 171, 78, 145, 221, 175, 122, 172, 226, 85, 158, 193, 186, 86, 82, 240, 194, 222, 133, 212, 84, 124, 36, 163, 46, 249, 252, 40, 38, 157, 110, 58, 73, 170, 111, 94, 47, 227, 185, 188, 129, 141, 42, 53, 168, 195, 219, 48, 169, 103, 118, 218, 93, 45, 108, 120, 59, 99, 143, 165, 161, 179, 204, 18, 128, 74, 114, 101, 237, 243, 100, 140, 69, 150, 245, 144, 10, 162, 238, 137, 77, 255, 205, 246, 183, 67, 184, 127, 115, 250, 112, 113, 64, 148, 52, 207, 116, 228, 149, 20, 41, 11, 80, 28, 164, 50, 136, 55, 75, 4, 132, 56, 72, 196, 253, 5, 35, 57, 203, 209, 233, 211, 201, 33, 25, 202, 23, 12, 247, 235, 167, 1, 206, 155, 248, 166, 210, 43, 91, 14, 95, 29, 216, 182, 88, 180, 92, 79, 60, 217, 125, 242, 71, 130, 229, 66, 126, 104, 213, 154, 3, 81, 109, 231, 51, 70, 236, 27, 19, 54, 87, 146, 16, 44, 26, 234, 76, 89, 230, 13, 239, 181, 24, 190, 177, 200, 105, 198, 34, 2, 214, 191, 178, 174, 117, 152, 30, 156, 17, 173, 61, 121, 65, 151, 241, 0, 63, 22, 62, 9, 90, 232, 37, 7, 224, 147, 199, 135, 32, 215, 244, 119, 134, 176, 225, 106, 254, 68, 21, 160, 142, 31, 39, 138, 6, 139, 123, 251, 15, 

Нелінійність  = 94 

Алгебраїчний імунітет  = 3 

Дельта-рівномірність  = 10 

Лінійна збитковість = 0 



92, 90, 137, 150, 211, 115, 167, 192, 190, 207, 93, 49, 235, 161, 102, 230, 78, 72, 117, 219, 149, 148, 213, 55, 165, 74, 73, 158, 215, 46, 98, 155, 244, 101, 151, 180, 191, 179, 253, 96, 58, 171, 157, 208, 144, 243, 116, 184, 27, 107, 84, 66, 67, 63, 120, 29, 185, 57, 153, 110, 133, 14, 139, 140, 33, 25, 99, 129, 45, 109, 132, 50, 152, 176, 228, 127, 142, 170, 111, 51, 36, 136, 7, 135, 18, 233, 131, 38, 2, 245, 48, 173, 81, 23, 194, 95, 199, 227, 169, 240, 182, 162, 89, 65, 30, 231, 175, 5, 126, 205, 174, 62, 221, 143, 189, 76, 202, 238, 163, 183, 146, 237, 239, 128, 200, 145, 168, 141, 138, 47, 130, 193, 159, 236, 13, 32, 12, 69, 195, 186, 43, 17, 118, 108, 112, 41, 28, 147, 87, 222, 60, 59, 79, 210, 88, 225, 91, 15, 224, 3, 178, 54, 104, 94, 201, 255, 220, 234, 134, 187, 64, 61, 123, 252, 31, 85, 209, 203, 22, 75, 68, 16, 40, 80, 197, 125, 100, 188, 226, 53, 24, 232, 56, 6, 241, 26, 52, 39, 196, 164, 160, 122, 217, 113, 19, 20, 229, 247, 218, 77, 83, 8, 124, 37, 106, 34, 1, 97, 121, 11, 181, 119, 105, 35, 82, 212, 254, 156, 246, 21, 70, 42, 9, 250, 172, 154, 242, 86, 198, 44, 214, 248, 223, 249, 10, 114, 251, 204, 4, 103, 206, 216, 71, 0, 166, 177, 

Нелінійність  = 94 

Алгебраїчний імунітет  = 3 

Дельта-рівномірність  = 12 

Лінійна збитковість = 0 



154, 199, 134, 50, 138, 32, 79, 182, 188, 42, 145, 12, 77, 129, 223, 201, 249, 139, 39, 21, 102, 90, 219, 152, 221, 211, 57, 53, 43, 230, 190, 194, 38, 189, 69, 65, 46, 205, 151, 162, 30, 118, 206, 47, 158, 40, 92, 33, 44, 167, 23, 148, 108, 186, 155, 45, 164, 125, 97, 116, 17, 119, 222, 91, 200, 236, 52, 137, 170, 141, 228, 114, 49, 20, 123, 153, 133, 105, 160, 136, 86, 99, 98, 54, 195, 173, 121, 174, 232, 74, 112, 179, 67, 166, 126, 81, 216, 163, 203, 157, 0, 191, 25, 71, 22, 1, 41, 150, 165, 13, 106, 62, 117, 100, 220, 55, 110, 84, 93, 94, 187, 89, 218, 227, 24, 115, 95, 5, 177, 111, 224, 131, 244, 185, 193, 132, 241, 204, 251, 78, 239, 16, 240, 130, 83, 161, 104, 181, 36, 208, 144, 85, 34, 63, 169, 247, 192, 238, 215, 183, 37, 178, 80, 254, 171, 202, 147, 124, 198, 142, 235, 184, 143, 9, 60, 76, 66, 28, 197, 226, 212, 113, 176, 217, 70, 58, 10, 245, 242, 196, 18, 61, 225, 180, 146, 82, 31, 96, 51, 15, 255, 72, 107, 172, 35, 8, 68, 6, 29, 248, 122, 3, 75, 229, 231, 48, 19, 156, 159, 233, 88, 175, 135, 59, 243, 73, 64, 11, 27, 120, 237, 7, 109, 149, 140, 168, 253, 250, 103, 207, 213, 128, 101, 87, 214, 209, 252, 26, 234, 4, 246, 14, 56, 2, 210, 127, 

Нелінійність  = 94 

Алгебраїчний імунітет  = 3 

Дельта-рівномірність  = 10 

Лінійна збитковість = 0 



154, 199, 134, 50, 138, 32, 79, 182, 188, 42, 145, 12, 77, 129, 223, 201, 101, 139, 39, 21, 102, 90, 219, 152, 221, 211, 57, 176, 43, 230, 190, 194, 195, 189, 15, 65, 46, 205, 151, 162, 30, 118, 206, 47, 158, 40, 92, 4, 44, 167, 23, 148, 184, 186, 155, 45, 108, 125, 97, 116, 53, 119, 222, 113, 200, 236, 52, 137, 170, 141, 228, 9, 49, 38, 123, 153, 133, 105, 6, 143, 86, 99, 98, 54, 185, 173, 121, 174, 66, 157, 112, 179, 163, 166, 126, 81, 216, 51, 203, 61, 131, 191, 161, 71, 22, 55, 41, 150, 165, 13, 217, 62, 117, 111, 73, 127, 110, 64, 93, 94, 136, 140, 218, 67, 187, 80, 207, 100, 109, 244, 160, 234, 24, 169, 69, 18, 241, 204, 63, 74, 48, 250, 16, 14, 83, 196, 104, 181, 8, 233, 144, 85, 227, 246, 27, 237, 193, 245, 226, 103, 132, 95, 96, 214, 177, 168, 147, 68, 198, 142, 240, 7, 242, 171, 252, 84, 106, 229, 197, 35, 224, 115, 70, 124, 11, 202, 76, 75, 128, 58, 60, 5, 239, 33, 175, 255, 31, 82, 210, 247, 249, 231, 72, 2, 164, 178, 19, 213, 130, 215, 225, 209, 89, 156, 220, 25, 235, 17, 28, 107, 88, 159, 114, 59, 149, 243, 238, 212, 135, 29, 172, 37, 34, 232, 183, 1, 208, 87, 180, 122, 146, 192, 10, 253, 254, 248, 91, 251, 36, 120, 3, 26, 0, 20, 56, 78, 

Нелінійність  = 94 

Алгебраїчний імунітет  = 3 

Дельта-рівномірність  = 14 

Лінійна збитковість = 0 



29, 166, 213, 34, 117, 74, 33, 145, 144, 71, 208, 45, 76, 120, 107, 189, 61, 115, 245, 162, 82, 40, 223, 58, 204, 246, 190, 112, 235, 173, 65, 211, 57, 78, 232, 17, 69, 98, 178, 175, 54, 146, 220, 87, 151, 172, 36, 210, 89, 215, 103, 209, 114, 101, 141, 72, 128, 16, 32, 53, 64, 116, 242, 109, 238, 225, 75, 80, 156, 219, 170, 183, 56, 59, 111, 222, 31, 91, 200, 119, 194, 239, 163, 68, 127, 153, 140, 154, 122, 193, 247, 212, 169, 73, 142, 221, 95, 147, 165, 21, 8, 20, 202, 19, 6, 228, 67, 205, 28, 185, 138, 229, 25, 30, 41, 26, 131, 99, 102, 226, 86, 159, 55, 201, 35, 136, 105, 81, 43, 48, 50, 139, 132, 177, 152, 148, 66, 38, 4, 18, 27, 187, 243, 63, 150, 0, 179, 134, 224, 93, 197, 184, 14, 125, 108, 135, 12, 100, 52, 198, 168, 129, 2, 196, 49, 126, 90, 70, 113, 123, 3, 5, 84, 46, 60, 130, 186, 158, 88, 149, 241, 188, 143, 233, 214, 252, 97, 199, 10, 11, 85, 203, 182, 15, 216, 230, 137, 207, 251, 47, 42, 195, 37, 94, 171, 174, 248, 218, 121, 217, 92, 237, 180, 124, 9, 164, 191, 176, 23, 244, 155, 181, 192, 39, 250, 24, 255, 1, 44, 118, 227, 161, 157, 13, 51, 62, 110, 83, 231, 77, 206, 253, 167, 22, 160, 234, 106, 96, 249, 254, 240, 133, 104, 7, 236, 79, 

Нелінійність  = 94 

Алгебраїчний імунітет  = 3 

Дельта-рівномірність  = 12 

Лінійна збитковість = 0 



158, 148, 130, 153, 141, 65, 157, 122, 22, 74, 76, 222, 150, 240, 54, 80, 41, 204, 110, 167, 125, 89, 123, 126, 169, 229, 163, 60, 78, 147, 232, 103, 96, 101, 155, 186, 95, 56, 236, 146, 63, 234, 208, 118, 62, 127, 149, 53, 131, 210, 139, 85, 102, 114, 194, 238, 203, 119, 231, 135, 165, 11, 192, 34, 9, 84, 37, 113, 178, 55, 6, 17, 48, 38, 33, 180, 142, 197, 111, 24, 161, 220, 160, 133, 5, 8, 172, 144, 81, 205, 42, 200, 43, 166, 184, 189, 173, 209, 98, 99, 31, 83, 202, 49, 92, 207, 50, 188, 134, 68, 28, 219, 159, 190, 179, 90, 235, 247, 193, 27, 152, 243, 224, 46, 94, 156, 117, 58, 225, 106, 13, 109, 223, 181, 215, 40, 70, 7, 183, 244, 3, 168, 30, 171, 226, 140, 87, 198, 196, 35, 57, 100, 227, 241, 177, 137, 201, 115, 72, 217, 104, 162, 237, 128, 218, 69, 230, 64, 228, 249, 47, 216, 124, 132, 253, 242, 77, 112, 143, 170, 0, 138, 86, 185, 254, 214, 251, 82, 73, 245, 32, 187, 10, 97, 75, 25, 199, 45, 151, 2, 36, 120, 121, 20, 51, 15, 239, 116, 23, 18, 16, 66, 44, 175, 1, 61, 108, 246, 255, 233, 129, 26, 52, 4, 107, 176, 145, 174, 248, 71, 14, 212, 21, 250, 195, 221, 154, 59, 29, 12, 182, 136, 211, 91, 93, 39, 191, 19, 67, 252, 79, 164, 105, 206, 213, 88, 

Нелінійність  = 94 

Алгебраїчний імунітет  = 3 

Дельта-рівномірність  = 12 

Лінійна збитковість = 0 



36, 160, 76, 179, 137, 153, 143, 111, 133, 9, 172, 128, 158, 6, 105, 173, 222, 198, 48, 171, 136, 212, 177, 56, 115, 244, 71, 91, 146, 89, 66, 55, 39, 180, 189, 23, 52, 162, 221, 242, 145, 161, 134, 219, 192, 248, 45, 86, 110, 236, 126, 102, 229, 197, 97, 31, 61, 37, 202, 237, 220, 184, 174, 38, 98, 32, 67, 241, 163, 186, 193, 122, 92, 123, 199, 63, 69, 218, 28, 183, 33, 204, 213, 72, 168, 101, 231, 119, 0, 103, 35, 64, 12, 175, 27, 250, 84, 200, 77, 99, 73, 74, 223, 46, 170, 227, 178, 88, 44, 82, 118, 117, 255, 116, 68, 235, 49, 182, 51, 70, 42, 135, 196, 205, 215, 13, 130, 165, 121, 2, 14, 246, 26, 139, 78, 41, 233, 20, 83, 40, 53, 54, 210, 156, 230, 65, 96, 151, 11, 129, 15, 169, 207, 195, 104, 50, 8, 211, 203, 149, 144, 201, 16, 147, 62, 217, 148, 120, 4, 206, 187, 124, 47, 243, 234, 30, 95, 225, 94, 232, 93, 1, 164, 188, 228, 58, 22, 100, 155, 247, 142, 159, 253, 114, 150, 166, 90, 249, 25, 34, 208, 138, 21, 176, 107, 108, 75, 132, 87, 60, 109, 194, 7, 252, 125, 185, 141, 191, 79, 18, 10, 3, 24, 106, 226, 157, 154, 19, 81, 140, 5, 131, 112, 167, 245, 240, 216, 190, 57, 152, 239, 127, 224, 238, 29, 59, 43, 214, 17, 85, 251, 113, 181, 80, 254, 209, 

Нелінійність  = 94 

Алгебраїчний імунітет  = 3 

Дельта-рівномірність  = 10 

Лінійна збитковість = 0 



135, 205, 151, 124, 242, 173, 182, 129, 114, 116, 61, 117, 232, 34, 132, 90, 47, 179, 192, 99, 175, 56, 139, 190, 220, 188, 130, 216, 198, 120, 111, 185, 160, 252, 109, 88, 144, 140, 234, 211, 45, 153, 149, 217, 146, 207, 74, 30, 103, 118, 66, 46, 50, 200, 147, 119, 54, 85, 163, 226, 172, 39, 159, 176, 69, 79, 78, 84, 77, 98, 184, 174, 225, 87, 128, 136, 82, 142, 150, 60, 96, 210, 52, 152, 148, 70, 206, 121, 67, 180, 247, 42, 44, 171, 141, 126, 250, 186, 194, 177, 101, 164, 51, 94, 246, 236, 86, 92, 157, 59, 125, 208, 133, 127, 212, 97, 241, 112, 81, 214, 227, 18, 165, 104, 2, 213, 223, 91, 181, 113, 12, 183, 4, 240, 143, 228, 65, 105, 239, 16, 71, 40, 14, 204, 155, 13, 72, 203, 202, 15, 137, 62, 100, 243, 28, 23, 76, 8, 48, 166, 36, 73, 19, 17, 158, 197, 25, 235, 191, 169, 215, 219, 218, 167, 106, 83, 221, 53, 21, 6, 156, 11, 41, 230, 161, 134, 253, 57, 170, 108, 107, 193, 131, 245, 33, 49, 251, 122, 55, 89, 10, 5, 233, 37, 115, 20, 189, 178, 222, 26, 38, 64, 7, 22, 238, 138, 35, 95, 123, 154, 196, 63, 29, 93, 31, 249, 162, 254, 187, 209, 199, 195, 27, 43, 248, 102, 244, 201, 1, 0, 32, 145, 80, 3, 224, 237, 58, 110, 168, 231, 75, 68, 255, 24, 229, 9, 

Нелінійність  = 94 

Алгебраїчний імунітет  = 3 

Дельта-рівномірність  = 12 

Лінійна збитковість = 0 



134, 126, 136, 113, 166, 179, 190, 214, 150, 104, 96, 108, 207, 99, 212, 149, 208, 172, 105, 204, 175, 232, 124, 178, 192, 157, 83, 174, 206, 203, 145, 163, 181, 127, 249, 152, 182, 86, 224, 128, 176, 107, 209, 225, 101, 151, 153, 73, 91, 36, 165, 51, 98, 135, 72, 88, 39, 162, 120, 170, 197, 200, 188, 148, 132, 202, 130, 84, 186, 116, 111, 173, 138, 38, 115, 139, 87, 160, 8, 16, 154, 65, 89, 228, 180, 194, 167, 77, 235, 90, 161, 56, 44, 158, 114, 215, 95, 220, 254, 46, 69, 123, 205, 199, 75, 210, 240, 70, 25, 49, 223, 24, 253, 58, 27, 177, 76, 129, 29, 78, 125, 250, 137, 93, 3, 63, 238, 239, 159, 30, 110, 112, 142, 195, 33, 141, 60, 196, 0, 97, 140, 61, 32, 102, 191, 85, 35, 5, 229, 48, 100, 146, 168, 81, 131, 144, 255, 106, 233, 171, 17, 79, 103, 217, 143, 222, 64, 9, 23, 31, 68, 2, 226, 245, 82, 59, 109, 133, 244, 213, 246, 47, 118, 236, 243, 55, 94, 183, 237, 50, 164, 74, 147, 169, 57, 247, 62, 53, 92, 19, 66, 121, 156, 6, 242, 155, 201, 22, 10, 80, 193, 252, 26, 54, 40, 15, 234, 189, 117, 185, 119, 67, 18, 43, 219, 37, 4, 198, 45, 21, 184, 227, 241, 52, 218, 251, 248, 34, 42, 7, 1, 231, 14, 11, 41, 211, 122, 13, 20, 216, 187, 230, 28, 12, 221, 71, 

Нелінійність  = 94 

Алгебраїчний імунітет  = 3 

Дельта-рівномірність  = 10 

Лінійна збитковість = 0 



142, 206, 155, 70, 166, 52, 89, 187, 178, 57, 159, 20, 124, 152, 212, 245, 177, 138, 104, 72, 3, 91, 39, 157, 235, 237, 108, 120, 95, 240, 173, 219, 144, 209, 191, 59, 74, 196, 176, 189, 60, 130, 161, 98, 172, 84, 82, 40, 213, 201, 51, 185, 145, 179, 43, 78, 125, 231, 107, 147, 90, 9, 106, 85, 77, 5, 76, 135, 158, 113, 42, 53, 58, 38, 148, 188, 111, 136, 229, 139, 109, 128, 97, 103, 175, 195, 167, 101, 156, 68, 117, 154, 126, 150, 217, 197, 204, 223, 220, 140, 165, 48, 115, 87, 35, 86, 56, 230, 146, 121, 169, 226, 50, 123, 36, 110, 183, 49, 192, 102, 168, 233, 221, 134, 118, 137, 182, 199, 198, 170, 171, 203, 22, 94, 184, 81, 80, 251, 141, 100, 234, 160, 93, 215, 10, 228, 122, 193, 4, 190, 61, 21, 96, 208, 143, 243, 33, 250, 64, 41, 127, 255, 186, 200, 45, 153, 241, 242, 24, 6, 224, 7, 27, 116, 207, 8, 29, 131, 31, 238, 202, 63, 180, 69, 55, 88, 227, 25, 254, 17, 239, 253, 149, 164, 13, 75, 14, 132, 18, 247, 99, 129, 174, 65, 15, 151, 66, 62, 37, 214, 2, 46, 225, 119, 232, 30, 133, 181, 210, 194, 222, 11, 216, 47, 26, 16, 83, 105, 44, 92, 163, 246, 73, 34, 12, 54, 248, 211, 244, 71, 0, 32, 114, 67, 162, 28, 249, 205, 23, 218, 1, 236, 79, 19, 252, 112, 

Нелінійність  = 94 

Алгебраїчний імунітет  = 3 

Дельта-рівномірність  = 12 

Лінійна збитковість = 0 



81, 236, 50, 176, 108, 16, 129, 95, 226, 158, 207, 152, 202, 115, 166, 77, 143, 194, 26, 106, 184, 208, 159, 173, 154, 224, 75, 125, 120, 49, 147, 126, 163, 133, 127, 62, 89, 118, 195, 206, 96, 196, 210, 211, 139, 217, 90, 48, 144, 222, 181, 88, 145, 171, 137, 113, 237, 73, 191, 240, 167, 231, 183, 110, 42, 65, 15, 111, 99, 0, 71, 83, 165, 192, 209, 103, 43, 175, 34, 32, 214, 153, 25, 179, 117, 204, 123, 219, 31, 116, 79, 135, 59, 124, 225, 221, 168, 150, 174, 199, 94, 102, 68, 98, 229, 164, 234, 13, 107, 63, 212, 189, 30, 70, 60, 246, 132, 155, 38, 35, 239, 201, 205, 188, 76, 130, 149, 160, 187, 128, 247, 223, 136, 178, 46, 182, 218, 10, 105, 109, 69, 169, 177, 162, 14, 84, 119, 193, 140, 67, 138, 87, 114, 142, 213, 238, 93, 190, 141, 203, 86, 53, 47, 56, 92, 134, 198, 80, 45, 29, 228, 55, 254, 23, 24, 64, 72, 185, 74, 243, 227, 78, 186, 172, 11, 104, 6, 18, 97, 44, 39, 255, 52, 112, 8, 253, 66, 220, 82, 252, 121, 12, 58, 242, 244, 101, 241, 2, 151, 36, 148, 61, 21, 161, 157, 40, 100, 251, 85, 235, 249, 216, 54, 5, 9, 33, 170, 27, 200, 17, 156, 131, 180, 122, 41, 146, 19, 233, 51, 3, 230, 91, 7, 1, 22, 197, 20, 28, 232, 248, 4, 37, 250, 57, 245, 215, 

Нелінійність  = 94 

Алгебраїчний імунітет  = 3 

Дельта-рівномірність  = 10 

Лінійна збитковість = 0 



101, 27, 233, 179, 2, 127, 29, 20, 209, 157, 107, 175, 198, 137, 95, 154, 47, 168, 79, 45, 182, 214, 140, 163, 114, 58, 119, 117, 255, 0, 156, 134, 238, 21, 11, 50, 81, 62, 143, 178, 82, 236, 249, 184, 56, 192, 86, 31, 243, 221, 245, 9, 98, 159, 183, 92, 234, 72, 216, 248, 28, 30, 169, 155, 16, 229, 96, 4, 90, 219, 115, 3, 207, 76, 212, 88, 23, 146, 188, 136, 232, 22, 227, 222, 122, 250, 7, 91, 8, 71, 41, 173, 85, 110, 226, 206, 203, 57, 247, 99, 120, 78, 52, 141, 172, 61, 66, 40, 112, 75, 253, 252, 36, 124, 186, 93, 131, 128, 80, 26, 177, 202, 197, 204, 89, 51, 104, 126, 223, 97, 53, 195, 180, 164, 6, 218, 158, 235, 44, 185, 59, 239, 10, 189, 167, 70, 190, 200, 237, 174, 100, 196, 12, 42, 215, 208, 130, 116, 54, 231, 24, 139, 60, 102, 123, 87, 244, 211, 69, 191, 230, 217, 147, 111, 48, 1, 105, 152, 13, 121, 34, 49, 166, 171, 55, 144, 74, 108, 46, 220, 251, 160, 106, 14, 228, 150, 94, 225, 64, 5, 181, 170, 118, 83, 109, 73, 67, 32, 113, 37, 176, 142, 103, 254, 19, 199, 33, 210, 194, 133, 132, 25, 148, 205, 153, 241, 162, 135, 201, 63, 161, 35, 43, 145, 77, 125, 68, 151, 65, 138, 193, 224, 246, 165, 242, 84, 39, 129, 187, 18, 240, 149, 38, 213, 17, 15, 

Нелінійність  = 92 

Алгебраїчний імунітет  = 3 

Дельта-рівномірність  = 12 

Лінійна збитковість = 0 



Час виконання: 939.459000 секунд

Блок з необхідними параметрами знайдено

Кількість виконаних ітерацій = 2 
_______________________________________________________________________________________________
