
Початкове число ітерацій = 100
N = 20
PSO S-boxes:
99, 124, 119, 123, 242, 107, 111, 197, 48, 1, 103, 43, 254, 215, 171, 118, 202, 130, 201, 125, 250, 89, 71, 240, 173, 212, 162, 175, 156, 164, 114, 192, 183, 253, 147, 38, 54, 63, 247, 204, 52, 165, 229, 241, 113, 216, 49, 21, 4, 199, 35, 195, 24, 150, 5, 154, 7, 18, 128, 226, 235, 39, 178, 117, 9, 131, 44, 26, 27, 110, 90, 160, 82, 59, 214, 179, 41, 227, 47, 132, 83, 209, 0, 237, 32, 252, 177, 91, 106, 203, 190, 57, 74, 76, 88, 207, 208, 239, 170, 251, 67, 77, 51, 133, 69, 249, 2, 127, 80, 60, 159, 168, 81, 163, 64, 143, 146, 157, 56, 245, 188, 182, 218, 33, 16, 255, 243, 210, 205, 12, 19, 236, 95, 151, 68, 23, 196, 167, 126, 61, 100, 93, 25, 115, 96, 129, 79, 220, 34, 42, 144, 136, 70, 238, 184, 20, 222, 94, 11, 219, 224, 50, 58, 10, 73, 6, 36, 92, 194, 211, 172, 98, 145, 149, 228, 121, 231, 200, 55, 109, 141, 213, 78, 169, 108, 86, 244, 234, 101, 122, 174, 8, 186, 120, 37, 46, 28, 166, 180, 198, 232, 221, 116, 31, 75, 189, 139, 138, 112, 62, 181, 102, 72, 3, 246, 14, 97, 53, 87, 185, 134, 193, 29, 158, 225, 248, 152, 17, 105, 217, 142, 148, 155, 30, 135, 233, 206, 85, 40, 223, 140, 161, 137, 13, 191, 230, 66, 104, 65, 153, 45, 15, 176, 84, 187, 22, 

Нелінійність  = 112 

Алгебраїчний імунітет  = 2 

Дельта-рівномірність  = 4 

Лінійна збитковість = 255 



99, 124, 119, 123, 242, 107, 111, 197, 48, 1, 103, 43, 254, 215, 171, 118, 202, 130, 201, 125, 250, 89, 71, 240, 173, 212, 162, 175, 156, 164, 114, 192, 183, 253, 147, 38, 54, 63, 204, 247, 52, 165, 229, 241, 113, 216, 49, 21, 4, 199, 35, 195, 24, 150, 5, 154, 7, 18, 128, 226, 235, 39, 178, 117, 9, 131, 44, 26, 27, 110, 90, 160, 82, 59, 214, 179, 41, 227, 47, 132, 83, 209, 0, 237, 32, 252, 177, 91, 106, 203, 190, 57, 74, 76, 88, 207, 208, 239, 170, 251, 67, 77, 51, 133, 69, 249, 2, 127, 80, 60, 159, 168, 81, 163, 64, 143, 146, 157, 56, 245, 188, 182, 218, 33, 16, 255, 243, 210, 205, 12, 19, 236, 95, 151, 68, 23, 196, 167, 126, 61, 100, 93, 25, 115, 96, 129, 79, 220, 34, 42, 144, 136, 70, 238, 184, 20, 222, 94, 11, 219, 224, 50, 58, 10, 73, 6, 36, 92, 194, 211, 172, 98, 145, 149, 228, 121, 231, 200, 55, 109, 141, 213, 78, 169, 108, 86, 244, 234, 101, 122, 174, 8, 186, 120, 37, 46, 28, 166, 180, 198, 232, 221, 116, 31, 75, 189, 139, 138, 112, 62, 181, 102, 72, 3, 246, 14, 97, 53, 87, 185, 134, 193, 29, 158, 225, 248, 152, 17, 105, 217, 142, 148, 155, 30, 135, 233, 206, 85, 40, 223, 140, 161, 137, 13, 191, 230, 66, 104, 65, 153, 45, 15, 176, 84, 187, 22, 

Нелінійність  = 110 

Алгебраїчний імунітет  = 2 

Дельта-рівномірність  = 6 

Лінійна збитковість = 126 



99, 124, 119, 123, 242, 107, 111, 202, 80, 1, 103, 43, 254, 215, 171, 118, 197, 235, 201, 92, 250, 89, 71, 240, 173, 212, 224, 175, 156, 164, 114, 192, 183, 253, 48, 38, 54, 10, 63, 19, 52, 165, 229, 241, 113, 203, 49, 142, 145, 199, 35, 195, 24, 150, 5, 154, 7, 18, 128, 226, 130, 39, 178, 117, 9, 131, 44, 26, 27, 110, 90, 160, 82, 59, 214, 179, 41, 227, 47, 132, 83, 209, 0, 237, 32, 252, 177, 91, 106, 207, 190, 57, 74, 76, 88, 213, 208, 239, 170, 251, 67, 77, 51, 133, 69, 249, 2, 127, 147, 60, 159, 168, 81, 163, 64, 143, 146, 157, 56, 245, 188, 182, 218, 33, 16, 255, 243, 210, 205, 12, 216, 236, 95, 151, 68, 23, 196, 167, 126, 61, 100, 93, 25, 115, 96, 129, 79, 220, 34, 42, 144, 136, 70, 238, 184, 20, 222, 94, 11, 219, 176, 50, 58, 135, 73, 6, 36, 125, 194, 211, 172, 98, 4, 149, 228, 121, 231, 200, 55, 109, 141, 152, 78, 169, 108, 86, 244, 234, 101, 122, 174, 8, 186, 120, 37, 46, 28, 166, 180, 198, 232, 221, 116, 31, 75, 189, 139, 138, 112, 62, 181, 102, 72, 3, 246, 14, 97, 53, 87, 185, 134, 193, 29, 158, 225, 248, 65, 17, 105, 217, 21, 148, 155, 30, 15, 233, 206, 85, 40, 223, 140, 161, 137, 13, 191, 230, 66, 104, 45, 153, 187, 162, 204, 84, 22, 247, 

Нелінійність  = 102 

Алгебраїчний імунітет  = 3 

Дельта-рівномірність  = 8 

Лінійна збитковість = 0 



99, 124, 119, 123, 242, 107, 57, 201, 130, 1, 103, 43, 254, 72, 171, 112, 202, 48, 129, 125, 250, 89, 71, 240, 173, 212, 162, 21, 156, 44, 114, 192, 105, 253, 147, 38, 54, 31, 225, 198, 52, 187, 229, 249, 113, 216, 217, 175, 4, 199, 35, 195, 24, 150, 5, 154, 7, 18, 128, 226, 235, 39, 178, 117, 9, 131, 164, 26, 27, 110, 90, 160, 82, 59, 214, 179, 41, 227, 47, 132, 83, 209, 0, 237, 32, 252, 177, 91, 165, 203, 190, 111, 74, 76, 88, 207, 208, 239, 170, 251, 67, 77, 51, 133, 69, 241, 2, 127, 80, 60, 159, 168, 81, 163, 64, 143, 146, 157, 56, 245, 188, 182, 218, 33, 16, 255, 243, 210, 205, 12, 19, 236, 95, 151, 68, 23, 196, 167, 126, 61, 100, 93, 25, 115, 96, 197, 79, 220, 34, 42, 144, 136, 70, 238, 184, 20, 222, 94, 11, 219, 224, 50, 58, 10, 73, 6, 36, 92, 194, 211, 172, 98, 145, 149, 228, 121, 231, 200, 55, 109, 141, 213, 78, 169, 108, 86, 244, 234, 101, 122, 174, 8, 186, 120, 37, 46, 28, 166, 180, 17, 232, 221, 116, 63, 75, 189, 139, 138, 118, 62, 181, 102, 215, 3, 246, 14, 97, 53, 87, 185, 134, 193, 29, 158, 247, 248, 152, 206, 183, 49, 142, 148, 155, 30, 135, 233, 13, 85, 40, 223, 140, 161, 137, 204, 191, 230, 66, 104, 65, 153, 45, 15, 176, 84, 106, 22, 

Нелінійність  = 100 

Алгебраїчний імунітет  = 3 

Дельта-рівномірність  = 8 

Лінійна збитковість = 0 



50, 193, 153, 64, 108, 168, 113, 197, 72, 79, 116, 207, 127, 67, 225, 86, 53, 180, 130, 250, 134, 144, 230, 236, 182, 224, 238, 22, 69, 11, 16, 14, 143, 122, 87, 19, 188, 216, 213, 152, 88, 227, 129, 131, 45, 179, 43, 212, 183, 39, 104, 5, 120, 232, 234, 161, 58, 75, 219, 8, 126, 160, 62, 70, 165, 173, 240, 17, 145, 255, 112, 15, 89, 176, 10, 28, 102, 228, 164, 147, 246, 162, 135, 214, 136, 106, 220, 138, 151, 237, 223, 139, 41, 215, 55, 158, 198, 59, 141, 47, 23, 195, 184, 74, 221, 110, 208, 248, 217, 186, 204, 175, 82, 170, 92, 174, 99, 84, 247, 203, 254, 25, 140, 107, 105, 155, 149, 242, 34, 123, 211, 46, 40, 80, 181, 243, 154, 71, 96, 33, 56, 121, 66, 146, 202, 137, 185, 26, 233, 4, 52, 31, 77, 167, 94, 196, 49, 24, 148, 57, 21, 32, 60, 0, 42, 114, 157, 209, 91, 18, 93, 156, 128, 210, 101, 7, 118, 249, 38, 29, 150, 187, 83, 222, 163, 201, 191, 100, 190, 171, 103, 245, 95, 90, 119, 97, 218, 115, 132, 253, 63, 9, 98, 81, 205, 51, 133, 169, 235, 36, 65, 172, 178, 35, 30, 231, 76, 166, 199, 73, 1, 37, 54, 2, 189, 48, 78, 27, 6, 12, 239, 244, 206, 44, 241, 229, 159, 251, 117, 192, 3, 13, 125, 252, 20, 194, 61, 85, 124, 109, 68, 226, 200, 111, 177, 142, 

Нелінійність  = 96 

Алгебраїчний імунітет  = 3 

Дельта-рівномірність  = 12 

Лінійна збитковість = 0 



122, 255, 133, 125, 241, 204, 218, 33, 145, 215, 1, 159, 200, 190, 76, 48, 211, 184, 178, 61, 68, 8, 172, 118, 222, 154, 84, 210, 193, 56, 105, 175, 127, 249, 53, 96, 207, 185, 247, 187, 34, 134, 35, 183, 129, 194, 166, 243, 179, 65, 46, 36, 81, 208, 192, 69, 113, 117, 149, 225, 83, 39, 132, 197, 90, 5, 119, 102, 167, 80, 253, 37, 18, 23, 6, 73, 77, 22, 227, 99, 108, 124, 63, 32, 94, 251, 97, 100, 11, 147, 162, 19, 0, 242, 152, 24, 245, 109, 173, 72, 177, 223, 51, 38, 135, 216, 142, 40, 202, 57, 75, 201, 199, 74, 236, 31, 136, 47, 110, 168, 219, 21, 114, 87, 244, 181, 254, 64, 146, 188, 2, 92, 42, 121, 186, 155, 115, 16, 9, 198, 232, 25, 66, 41, 174, 176, 62, 13, 189, 49, 101, 111, 137, 164, 230, 248, 98, 148, 156, 91, 220, 10, 59, 67, 214, 52, 7, 79, 126, 107, 213, 45, 93, 191, 171, 224, 206, 85, 158, 50, 238, 29, 106, 252, 229, 195, 180, 112, 240, 95, 234, 153, 237, 104, 26, 20, 239, 58, 89, 71, 70, 88, 169, 143, 161, 139, 203, 228, 123, 233, 120, 196, 27, 163, 205, 246, 151, 130, 128, 165, 60, 30, 209, 212, 141, 250, 157, 226, 4, 140, 217, 116, 170, 54, 103, 15, 235, 12, 182, 43, 150, 221, 14, 231, 17, 3, 138, 55, 78, 44, 86, 160, 28, 144, 131, 82, 

Нелінійність  = 96 

Алгебраїчний імунітет  = 3 

Дельта-рівномірність  = 14 

Лінійна збитковість = 0 



111, 188, 126, 124, 242, 154, 163, 118, 95, 105, 54, 100, 228, 203, 241, 85, 207, 157, 190, 70, 227, 50, 120, 182, 197, 184, 125, 192, 174, 112, 110, 68, 156, 252, 102, 67, 128, 122, 247, 196, 44, 151, 136, 213, 121, 206, 106, 129, 89, 135, 41, 119, 52, 179, 96, 113, 59, 66, 139, 226, 162, 39, 238, 18, 49, 71, 81, 63, 78, 61, 169, 101, 147, 42, 114, 57, 12, 220, 195, 117, 130, 168, 31, 138, 62, 240, 4, 9, 94, 176, 177, 88, 22, 193, 38, 178, 219, 84, 172, 165, 69, 148, 51, 183, 27, 234, 180, 145, 235, 217, 143, 60, 191, 32, 146, 243, 142, 104, 83, 208, 134, 103, 233, 229, 127, 155, 249, 140, 218, 98, 11, 167, 201, 137, 132, 87, 107, 149, 20, 37, 164, 189, 45, 80, 116, 152, 99, 202, 109, 46, 91, 97, 204, 175, 72, 131, 3, 26, 82, 158, 223, 251, 171, 254, 48, 29, 198, 86, 43, 161, 153, 73, 200, 170, 215, 2, 166, 245, 216, 47, 30, 210, 92, 205, 5, 186, 214, 53, 173, 248, 25, 79, 211, 199, 209, 34, 185, 194, 123, 236, 144, 58, 55, 36, 7, 108, 253, 225, 24, 76, 21, 239, 244, 23, 65, 33, 16, 40, 0, 237, 141, 115, 15, 221, 212, 77, 181, 224, 64, 133, 6, 246, 250, 28, 10, 255, 231, 13, 14, 150, 35, 187, 230, 75, 1, 160, 232, 8, 56, 17, 222, 93, 74, 19, 159, 90, 

Нелінійність  = 96 

Алгебраїчний імунітет  = 3 

Дельта-рівномірність  = 10 

Лінійна збитковість = 0 



57, 134, 171, 66, 231, 164, 132, 146, 85, 21, 130, 39, 174, 220, 206, 105, 121, 96, 186, 69, 175, 160, 158, 227, 100, 207, 149, 208, 183, 119, 138, 154, 210, 181, 148, 84, 139, 63, 136, 102, 113, 137, 107, 163, 62, 162, 59, 83, 82, 161, 49, 145, 128, 38, 24, 250, 35, 61, 67, 202, 155, 73, 131, 97, 109, 141, 115, 133, 60, 120, 106, 185, 7, 81, 205, 216, 201, 225, 71, 92, 14, 197, 88, 135, 151, 229, 242, 254, 23, 143, 147, 103, 53, 126, 26, 140, 223, 90, 114, 153, 80, 99, 36, 70, 112, 252, 27, 234, 98, 37, 110, 180, 253, 20, 42, 95, 166, 22, 226, 209, 78, 191, 233, 168, 108, 45, 241, 150, 75, 213, 217, 173, 117, 25, 19, 179, 144, 245, 177, 188, 116, 170, 172, 118, 238, 79, 77, 124, 249, 212, 9, 232, 224, 129, 104, 33, 89, 157, 91, 6, 5, 101, 159, 74, 56, 203, 32, 55, 184, 94, 64, 125, 189, 86, 165, 123, 18, 15, 13, 52, 190, 187, 30, 244, 28, 182, 192, 17, 142, 111, 200, 68, 218, 44, 251, 237, 10, 127, 122, 194, 4, 195, 3, 235, 46, 221, 204, 34, 40, 176, 29, 41, 219, 247, 167, 196, 50, 1, 47, 243, 178, 0, 246, 152, 11, 230, 222, 198, 87, 8, 240, 51, 93, 16, 215, 214, 228, 255, 54, 12, 43, 248, 2, 169, 211, 58, 72, 199, 156, 236, 76, 31, 48, 65, 239, 193, 

Нелінійність  = 96 

Алгебраїчний імунітет  = 3 

Дельта-рівномірність  = 12 

Лінійна збитковість = 0 



138, 190, 154, 132, 253, 161, 171, 30, 114, 108, 76, 96, 248, 211, 9, 101, 224, 62, 197, 74, 243, 91, 151, 203, 195, 205, 152, 198, 183, 120, 124, 80, 185, 4, 133, 93, 131, 125, 3, 204, 67, 170, 164, 231, 43, 227, 111, 136, 94, 142, 47, 156, 77, 209, 117, 141, 46, 71, 155, 242, 192, 72, 237, 39, 61, 103, 202, 89, 95, 87, 175, 135, 10, 48, 59, 104, 45, 35, 162, 196, 143, 99, 147, 25, 222, 2, 50, 218, 113, 122, 194, 119, 49, 88, 52, 201, 244, 139, 75, 169, 97, 159, 68, 105, 31, 245, 188, 184, 58, 213, 149, 90, 199, 238, 163, 254, 109, 145, 193, 63, 126, 127, 249, 226, 153, 178, 22, 168, 236, 13, 150, 191, 220, 79, 228, 1, 23, 160, 51, 186, 181, 212, 165, 134, 240, 144, 176, 19, 148, 69, 33, 233, 214, 200, 225, 137, 15, 53, 85, 129, 17, 247, 174, 140, 56, 106, 223, 215, 60, 28, 234, 107, 166, 11, 173, 40, 121, 44, 221, 208, 229, 235, 41, 24, 7, 189, 157, 252, 92, 255, 70, 207, 73, 210, 21, 29, 187, 116, 167, 232, 54, 0, 100, 64, 123, 20, 12, 250, 81, 246, 65, 241, 86, 146, 118, 57, 55, 18, 130, 84, 180, 36, 83, 6, 206, 14, 5, 115, 42, 182, 251, 128, 34, 26, 230, 66, 102, 219, 177, 217, 37, 78, 158, 27, 179, 16, 8, 172, 82, 38, 110, 112, 98, 239, 216, 32, 

Нелінійність  = 96 

Алгебраїчний імунітет  = 3 

Дельта-рівномірність  = 12 

Лінійна збитковість = 0 



246, 221, 178, 68, 97, 102, 226, 44, 238, 123, 119, 31, 177, 129, 254, 107, 214, 170, 196, 89, 180, 251, 200, 117, 195, 237, 113, 166, 211, 213, 100, 93, 248, 18, 158, 164, 240, 114, 139, 132, 225, 76, 253, 19, 41, 24, 203, 109, 92, 22, 220, 135, 23, 202, 84, 186, 234, 154, 147, 48, 198, 174, 193, 255, 94, 1, 52, 72, 6, 7, 60, 39, 75, 59, 150, 249, 223, 162, 216, 209, 138, 32, 128, 222, 156, 247, 252, 126, 173, 104, 167, 130, 189, 175, 191, 224, 155, 110, 131, 98, 228, 206, 73, 140, 35, 78, 161, 122, 148, 99, 87, 137, 3, 133, 28, 184, 71, 26, 233, 50, 0, 168, 34, 160, 134, 230, 242, 152, 46, 127, 91, 38, 37, 182, 77, 136, 61, 183, 185, 204, 95, 218, 165, 30, 54, 49, 144, 171, 112, 9, 103, 20, 145, 143, 51, 231, 118, 212, 101, 45, 124, 115, 201, 235, 243, 85, 29, 121, 157, 80, 69, 149, 11, 40, 55, 27, 2, 176, 14, 96, 106, 83, 208, 36, 47, 74, 199, 190, 169, 66, 151, 159, 70, 116, 105, 65, 43, 90, 108, 187, 16, 15, 250, 217, 67, 88, 10, 17, 12, 125, 86, 236, 181, 4, 227, 42, 219, 82, 142, 188, 241, 244, 245, 229, 153, 56, 179, 120, 215, 62, 58, 194, 57, 33, 13, 141, 210, 81, 205, 63, 239, 25, 53, 192, 172, 8, 79, 111, 21, 197, 64, 232, 146, 5, 207, 163, 

Нелінійність  = 96 

Алгебраїчний імунітет  = 3 

Дельта-рівномірність  = 10 

Лінійна збитковість = 0 



53, 252, 203, 154, 240, 153, 174, 121, 73, 128, 149, 98, 141, 200, 46, 251, 152, 177, 222, 61, 69, 151, 92, 247, 93, 187, 91, 136, 173, 241, 107, 217, 11, 225, 212, 45, 40, 209, 95, 237, 218, 43, 234, 119, 208, 178, 120, 85, 250, 255, 130, 44, 183, 135, 242, 127, 214, 90, 139, 150, 202, 31, 81, 227, 68, 248, 246, 12, 140, 163, 10, 158, 72, 206, 3, 67, 157, 34, 108, 207, 156, 7, 146, 110, 215, 198, 14, 144, 62, 80, 239, 201, 117, 216, 211, 59, 37, 4, 165, 166, 126, 83, 99, 76, 229, 23, 79, 49, 155, 5, 39, 56, 101, 194, 60, 71, 70, 27, 179, 243, 168, 16, 124, 84, 26, 134, 133, 160, 52, 20, 77, 2, 116, 17, 41, 82, 112, 74, 176, 236, 42, 184, 9, 38, 182, 164, 122, 33, 193, 113, 204, 186, 24, 131, 48, 28, 88, 18, 15, 25, 253, 145, 123, 105, 115, 129, 161, 159, 170, 147, 118, 167, 210, 78, 213, 54, 86, 219, 175, 111, 21, 89, 171, 64, 180, 233, 114, 188, 36, 190, 97, 65, 58, 191, 103, 75, 137, 228, 125, 205, 57, 8, 169, 63, 244, 102, 189, 220, 100, 51, 224, 94, 199, 55, 87, 1, 181, 142, 106, 0, 96, 22, 226, 50, 109, 223, 235, 192, 245, 249, 162, 143, 221, 132, 254, 230, 29, 32, 6, 47, 138, 197, 232, 13, 185, 30, 104, 35, 196, 238, 66, 148, 195, 19, 172, 231, 

Нелінійність  = 96 

Алгебраїчний імунітет  = 3 

Дельта-рівномірність  = 12 

Лінійна збитковість = 0 



88, 104, 180, 156, 166, 114, 165, 252, 110, 75, 189, 42, 210, 234, 177, 207, 124, 173, 147, 163, 205, 93, 10, 241, 202, 133, 52, 112, 209, 178, 127, 187, 227, 179, 197, 125, 62, 97, 87, 159, 141, 235, 85, 14, 145, 198, 83, 70, 243, 174, 74, 213, 90, 146, 81, 188, 60, 76, 56, 220, 215, 86, 164, 138, 59, 107, 237, 204, 100, 170, 106, 212, 169, 69, 200, 158, 242, 53, 136, 247, 162, 58, 65, 217, 211, 231, 142, 116, 222, 190, 168, 172, 44, 40, 30, 33, 185, 239, 218, 181, 182, 134, 96, 21, 54, 225, 41, 236, 206, 103, 253, 249, 175, 244, 0, 193, 95, 149, 5, 131, 245, 161, 160, 80, 186, 115, 171, 102, 8, 113, 18, 167, 26, 137, 2, 123, 246, 78, 45, 49, 19, 22, 47, 183, 73, 79, 55, 151, 24, 129, 157, 229, 117, 94, 201, 108, 12, 99, 68, 176, 140, 223, 34, 17, 238, 6, 57, 38, 254, 20, 148, 118, 71, 63, 155, 27, 219, 226, 51, 36, 28, 196, 143, 120, 221, 216, 128, 224, 98, 9, 92, 64, 199, 3, 248, 48, 1, 7, 255, 208, 232, 184, 50, 66, 240, 109, 251, 29, 89, 67, 130, 139, 191, 72, 203, 16, 35, 192, 15, 32, 152, 250, 77, 105, 132, 23, 39, 126, 61, 150, 31, 194, 230, 228, 4, 11, 119, 214, 82, 154, 195, 25, 13, 144, 91, 43, 233, 153, 111, 122, 37, 135, 121, 46, 101, 84, 

Нелінійність  = 96 

Алгебраїчний імунітет  = 3 

Дельта-рівномірність  = 12 

Лінійна збитковість = 0 



241, 187, 173, 86, 78, 40, 4, 146, 44, 120, 239, 52, 248, 20, 219, 181, 199, 124, 214, 10, 224, 227, 14, 100, 61, 97, 83, 41, 37, 101, 3, 110, 175, 194, 115, 80, 30, 131, 159, 99, 67, 22, 166, 223, 165, 56, 123, 244, 1, 128, 79, 92, 151, 202, 24, 246, 191, 138, 155, 74, 249, 113, 148, 143, 45, 242, 38, 174, 228, 28, 0, 172, 133, 104, 53, 232, 39, 65, 217, 50, 90, 54, 203, 48, 176, 117, 200, 171, 107, 225, 71, 137, 250, 91, 35, 19, 82, 149, 220, 46, 55, 12, 153, 141, 192, 87, 230, 139, 98, 127, 103, 66, 29, 69, 6, 13, 93, 177, 26, 156, 126, 58, 129, 142, 198, 9, 235, 27, 130, 15, 21, 251, 119, 51, 112, 253, 161, 105, 108, 5, 70, 72, 42, 252, 140, 7, 89, 25, 23, 8, 122, 109, 36, 184, 95, 168, 136, 96, 207, 68, 215, 247, 43, 238, 81, 255, 193, 216, 170, 152, 243, 162, 60, 160, 164, 205, 2, 237, 254, 77, 212, 118, 111, 229, 17, 188, 116, 64, 121, 204, 221, 234, 190, 145, 157, 167, 132, 178, 18, 197, 31, 231, 195, 94, 222, 213, 210, 206, 150, 63, 134, 144, 245, 59, 186, 189, 218, 201, 88, 125, 208, 33, 236, 84, 185, 76, 226, 102, 62, 180, 47, 11, 49, 182, 179, 163, 158, 147, 135, 114, 240, 196, 211, 233, 85, 16, 106, 34, 154, 73, 169, 209, 183, 57, 75, 32, 

Нелінійність  = 94 

Алгебраїчний імунітет  = 3 

Дельта-рівномірність  = 12 

Лінійна збитковість = 0 



20, 181, 101, 143, 105, 6, 53, 91, 171, 141, 197, 116, 209, 80, 39, 34, 155, 137, 16, 126, 30, 252, 212, 254, 247, 11, 133, 58, 230, 54, 189, 232, 136, 188, 246, 198, 81, 127, 35, 123, 206, 222, 32, 203, 14, 115, 166, 220, 190, 3, 221, 38, 77, 170, 211, 227, 8, 70, 29, 69, 47, 158, 62, 153, 240, 46, 179, 139, 83, 18, 44, 142, 121, 67, 98, 37, 201, 151, 235, 79, 52, 219, 238, 89, 103, 120, 85, 112, 241, 244, 56, 117, 73, 27, 180, 4, 19, 88, 36, 97, 164, 66, 145, 165, 163, 17, 194, 5, 132, 186, 43, 111, 192, 86, 202, 13, 223, 144, 159, 93, 216, 191, 106, 156, 218, 182, 231, 76, 25, 75, 87, 168, 92, 108, 55, 21, 122, 217, 100, 104, 95, 175, 102, 96, 178, 84, 57, 161, 49, 176, 187, 210, 242, 177, 12, 233, 174, 41, 128, 224, 237, 78, 65, 42, 26, 245, 167, 234, 135, 82, 68, 249, 236, 64, 150, 131, 226, 138, 113, 119, 149, 40, 124, 173, 130, 118, 94, 59, 146, 24, 50, 250, 114, 110, 134, 2, 195, 33, 157, 185, 225, 243, 99, 10, 71, 61, 204, 147, 154, 22, 229, 193, 28, 228, 109, 72, 253, 251, 31, 184, 51, 160, 125, 48, 1, 214, 248, 162, 74, 152, 140, 196, 129, 199, 0, 9, 45, 208, 60, 215, 107, 23, 207, 205, 200, 239, 7, 213, 255, 63, 169, 148, 172, 90, 15, 183, 

Нелінійність  = 94 

Алгебраїчний імунітет  = 3 

Дельта-рівномірність  = 12 

Лінійна збитковість = 0 



12, 144, 226, 5, 219, 223, 153, 91, 123, 41, 157, 34, 88, 224, 242, 90, 33, 58, 169, 8, 93, 234, 250, 213, 21, 200, 134, 243, 211, 70, 163, 113, 237, 103, 148, 133, 229, 61, 16, 120, 177, 106, 85, 78, 7, 104, 68, 149, 164, 119, 62, 218, 239, 126, 43, 154, 208, 110, 1, 35, 69, 109, 80, 75, 215, 150, 190, 246, 94, 130, 4, 135, 131, 227, 195, 183, 189, 221, 249, 49, 132, 184, 182, 25, 115, 203, 225, 186, 102, 77, 99, 151, 29, 178, 165, 67, 238, 17, 152, 13, 92, 121, 19, 2, 156, 254, 52, 6, 205, 11, 56, 192, 158, 112, 82, 42, 108, 45, 240, 170, 0, 199, 247, 155, 63, 47, 217, 84, 187, 36, 81, 105, 139, 117, 162, 216, 87, 101, 138, 147, 54, 209, 214, 31, 51, 24, 74, 20, 181, 168, 185, 196, 201, 244, 10, 22, 116, 253, 176, 245, 76, 100, 23, 141, 37, 38, 194, 179, 172, 86, 48, 66, 235, 122, 175, 125, 193, 9, 248, 72, 241, 159, 191, 129, 46, 204, 136, 124, 89, 40, 231, 228, 251, 173, 230, 27, 26, 65, 59, 188, 128, 167, 50, 143, 15, 255, 53, 160, 98, 83, 79, 232, 14, 161, 252, 146, 202, 44, 3, 180, 28, 137, 95, 145, 60, 140, 30, 206, 212, 111, 142, 198, 222, 127, 96, 236, 55, 97, 57, 18, 171, 71, 174, 107, 64, 210, 118, 39, 166, 32, 233, 197, 73, 220, 207, 114, 

Нелінійність  = 94 

Алгебраїчний імунітет  = 3 

Дельта-рівномірність  = 12 

Лінійна збитковість = 0 



36, 6, 51, 87, 76, 66, 125, 175, 225, 16, 49, 89, 247, 194, 188, 150, 3, 58, 63, 177, 38, 132, 114, 1, 111, 31, 143, 253, 227, 13, 12, 29, 28, 219, 64, 232, 151, 186, 251, 85, 223, 160, 74, 72, 195, 235, 67, 122, 236, 33, 81, 165, 19, 147, 70, 202, 4, 61, 62, 106, 27, 196, 146, 211, 220, 35, 11, 228, 238, 39, 141, 233, 245, 96, 104, 166, 102, 119, 84, 207, 2, 252, 152, 97, 213, 130, 206, 210, 42, 168, 229, 139, 145, 116, 65, 173, 198, 82, 189, 0, 22, 95, 158, 155, 17, 10, 249, 79, 204, 201, 199, 57, 164, 90, 78, 52, 161, 86, 113, 23, 112, 124, 120, 191, 69, 154, 163, 107, 24, 243, 240, 234, 55, 75, 73, 230, 94, 44, 80, 41, 212, 242, 178, 208, 8, 254, 48, 46, 169, 108, 200, 21, 56, 100, 83, 77, 255, 231, 214, 172, 18, 126, 117, 53, 221, 99, 118, 131, 237, 135, 226, 246, 93, 129, 50, 241, 71, 179, 176, 149, 30, 88, 148, 115, 98, 37, 26, 123, 203, 47, 162, 174, 9, 68, 224, 205, 127, 187, 54, 218, 171, 183, 197, 244, 20, 209, 217, 105, 25, 140, 193, 133, 91, 159, 239, 43, 7, 136, 59, 153, 110, 128, 103, 34, 181, 222, 144, 5, 101, 45, 134, 248, 137, 156, 15, 190, 170, 192, 92, 215, 185, 167, 184, 109, 60, 40, 216, 14, 182, 138, 121, 180, 32, 142, 250, 157, 

Нелінійність  = 94 

Алгебраїчний імунітет  = 3 

Дельта-рівномірність  = 12 

Лінійна збитковість = 0 



242, 201, 159, 34, 75, 78, 207, 185, 225, 116, 94, 1, 140, 86, 232, 93, 209, 131, 165, 69, 177, 246, 194, 99, 171, 228, 70, 154, 199, 189, 80, 60, 250, 182, 144, 151, 241, 87, 100, 4, 183, 23, 252, 253, 25, 3, 179, 126, 68, 134, 195, 90, 218, 27, 57, 190, 222, 149, 143, 6, 184, 192, 198, 238, 55, 239, 114, 81, 254, 89, 36, 14, 37, 33, 56, 135, 213, 148, 203, 217, 124, 2, 88, 216, 113, 233, 255, 101, 146, 43, 142, 103, 188, 73, 175, 191, 123, 46, 84, 173, 247, 202, 214, 102, 138, 51, 166, 109, 119, 64, 145, 115, 244, 107, 163, 150, 193, 18, 221, 0, 136, 160, 17, 155, 62, 40, 223, 117, 49, 83, 229, 13, 118, 147, 54, 132, 7, 245, 226, 227, 63, 12, 161, 208, 9, 24, 121, 156, 48, 237, 157, 112, 235, 204, 15, 104, 71, 176, 67, 215, 219, 95, 120, 168, 79, 110, 251, 169, 22, 44, 122, 231, 197, 58, 76, 230, 139, 137, 97, 59, 128, 74, 186, 248, 11, 162, 66, 111, 133, 52, 19, 29, 42, 236, 98, 39, 10, 172, 181, 240, 45, 105, 206, 61, 16, 65, 85, 130, 205, 92, 47, 125, 167, 153, 180, 50, 243, 174, 127, 41, 234, 249, 152, 106, 28, 96, 196, 108, 38, 129, 5, 170, 26, 77, 178, 82, 31, 32, 20, 210, 21, 141, 91, 8, 158, 187, 72, 164, 211, 53, 35, 220, 30, 200, 224, 212, 

Нелінійність  = 94 

Алгебраїчний імунітет  = 3 

Дельта-рівномірність  = 12 

Лінійна збитковість = 0 



72, 67, 68, 107, 189, 235, 163, 243, 96, 102, 93, 224, 229, 101, 215, 152, 204, 222, 0, 131, 126, 244, 46, 193, 217, 64, 43, 187, 181, 228, 210, 221, 70, 6, 122, 164, 156, 39, 245, 172, 239, 237, 160, 192, 91, 167, 135, 9, 97, 207, 158, 50, 177, 203, 66, 145, 86, 194, 42, 254, 179, 240, 90, 38, 144, 208, 130, 117, 166, 139, 120, 59, 185, 53, 44, 115, 75, 150, 73, 143, 176, 116, 137, 227, 255, 129, 89, 47, 238, 3, 151, 242, 188, 209, 79, 231, 8, 214, 31, 200, 52, 87, 63, 230, 219, 11, 20, 213, 35, 170, 161, 108, 250, 132, 123, 212, 121, 140, 169, 36, 78, 196, 146, 25, 118, 232, 5, 28, 211, 220, 65, 112, 128, 45, 141, 119, 19, 32, 162, 92, 216, 69, 24, 218, 186, 54, 2, 76, 110, 241, 29, 56, 171, 14, 183, 147, 233, 182, 201, 103, 149, 81, 58, 246, 226, 82, 40, 17, 175, 159, 155, 114, 248, 251, 1, 125, 142, 74, 136, 197, 100, 133, 157, 109, 199, 94, 180, 198, 191, 80, 178, 16, 34, 234, 62, 12, 60, 48, 23, 27, 71, 85, 148, 124, 206, 168, 88, 225, 30, 22, 61, 165, 205, 154, 173, 13, 249, 247, 83, 98, 153, 104, 57, 49, 84, 4, 10, 77, 21, 252, 51, 33, 95, 202, 99, 37, 184, 18, 190, 195, 7, 138, 127, 134, 253, 236, 111, 174, 223, 55, 106, 113, 105, 26, 41, 15, 

Нелінійність  = 94 

Алгебраїчний імунітет  = 3 

Дельта-рівномірність  = 12 

Лінійна збитковість = 0 



206, 240, 195, 253, 177, 203, 168, 76, 146, 66, 245, 49, 161, 251, 222, 228, 18, 90, 80, 227, 8, 30, 182, 175, 189, 69, 219, 33, 91, 218, 153, 144, 34, 59, 190, 194, 123, 233, 170, 151, 213, 89, 152, 120, 102, 109, 225, 166, 138, 140, 98, 188, 23, 197, 107, 192, 164, 84, 36, 154, 208, 16, 13, 215, 81, 246, 181, 193, 252, 101, 28, 46, 255, 200, 67, 122, 75, 133, 74, 139, 130, 88, 186, 241, 68, 134, 72, 196, 7, 176, 51, 112, 124, 132, 26, 247, 61, 231, 202, 77, 55, 212, 19, 86, 237, 165, 113, 111, 96, 27, 4, 187, 128, 12, 104, 41, 155, 249, 223, 85, 0, 239, 37, 143, 217, 45, 1, 114, 105, 31, 248, 47, 145, 244, 100, 44, 167, 131, 235, 229, 22, 95, 158, 238, 250, 92, 38, 39, 135, 48, 60, 2, 79, 62, 63, 106, 232, 201, 147, 149, 83, 56, 209, 78, 116, 5, 6, 205, 178, 14, 160, 43, 141, 15, 173, 174, 126, 214, 226, 9, 54, 21, 210, 157, 183, 82, 242, 94, 204, 127, 199, 211, 20, 220, 171, 156, 58, 25, 198, 115, 216, 150, 108, 103, 129, 207, 87, 57, 73, 243, 148, 236, 224, 169, 10, 11, 97, 234, 53, 64, 71, 32, 142, 118, 52, 184, 24, 40, 172, 163, 93, 99, 179, 185, 3, 191, 110, 136, 254, 162, 221, 159, 230, 29, 117, 35, 50, 65, 42, 17, 70, 119, 137, 121, 125, 180, 

Нелінійність  = 94 

Алгебраїчний імунітет  = 3 

Дельта-рівномірність  = 12 

Лінійна збитковість = 0 



20, 181, 101, 143, 105, 6, 53, 91, 171, 141, 197, 116, 209, 80, 39, 34, 155, 137, 16, 126, 30, 252, 212, 254, 247, 11, 133, 58, 230, 54, 189, 232, 136, 188, 246, 198, 81, 127, 35, 123, 206, 222, 32, 203, 14, 115, 166, 220, 190, 3, 221, 38, 77, 170, 211, 227, 8, 70, 29, 69, 47, 158, 62, 153, 240, 46, 179, 139, 83, 18, 44, 142, 121, 67, 98, 37, 201, 151, 235, 79, 52, 219, 238, 89, 103, 120, 85, 112, 241, 244, 56, 117, 73, 27, 180, 4, 19, 88, 36, 97, 164, 66, 145, 165, 163, 17, 194, 5, 132, 186, 43, 111, 192, 86, 202, 13, 223, 144, 159, 93, 216, 191, 106, 156, 218, 182, 231, 76, 25, 75, 87, 168, 92, 108, 55, 21, 122, 217, 100, 104, 95, 175, 102, 96, 178, 84, 57, 161, 49, 176, 187, 210, 242, 177, 12, 233, 174, 41, 128, 224, 237, 78, 65, 42, 26, 245, 167, 234, 135, 82, 68, 249, 236, 64, 150, 131, 226, 138, 113, 119, 149, 40, 124, 173, 130, 118, 94, 59, 146, 24, 50, 250, 114, 110, 134, 2, 195, 33, 157, 185, 225, 243, 99, 10, 71, 61, 204, 147, 154, 22, 229, 193, 28, 228, 109, 72, 253, 251, 31, 184, 51, 160, 125, 48, 1, 214, 248, 162, 74, 152, 140, 196, 129, 199, 0, 9, 45, 208, 60, 215, 107, 23, 207, 205, 200, 239, 7, 213, 255, 63, 169, 148, 172, 90, 15, 183, 

Нелінійність  = 94 

Алгебраїчний імунітет  = 3 

Дельта-рівномірність  = 12 

Лінійна збитковість = 0 



Час виконання: 102.803000 секунд

Блок з необхідними параметрами знайдено

Кількість виконаних ітерацій = 3 
_______________________________________________________________________________________________
