
Початкове число ітерацій = 100
N = 20
PSO S-boxes:
99, 124, 119, 123, 242, 107, 111, 197, 48, 1, 103, 43, 254, 215, 171, 118, 202, 130, 201, 125, 250, 89, 71, 240, 173, 212, 162, 175, 156, 164, 114, 192, 183, 253, 147, 38, 54, 63, 247, 204, 52, 165, 229, 241, 113, 216, 49, 21, 4, 199, 35, 195, 24, 150, 5, 154, 7, 18, 128, 226, 235, 39, 178, 117, 9, 131, 44, 26, 27, 110, 90, 160, 82, 59, 214, 179, 41, 227, 47, 132, 83, 209, 0, 237, 32, 252, 177, 91, 106, 203, 190, 57, 74, 76, 88, 207, 208, 239, 170, 251, 67, 77, 51, 133, 69, 249, 2, 127, 80, 60, 159, 168, 81, 163, 64, 143, 146, 157, 56, 245, 188, 182, 218, 33, 16, 255, 243, 210, 205, 12, 19, 236, 95, 151, 68, 23, 196, 167, 126, 61, 100, 93, 25, 115, 96, 129, 79, 220, 34, 42, 144, 136, 70, 238, 184, 20, 222, 94, 11, 219, 224, 50, 58, 10, 73, 6, 36, 92, 194, 211, 172, 98, 145, 149, 228, 121, 231, 200, 55, 109, 141, 213, 78, 169, 108, 86, 244, 234, 101, 122, 174, 8, 186, 120, 37, 46, 28, 166, 180, 198, 232, 221, 116, 31, 75, 189, 139, 138, 112, 62, 181, 102, 72, 3, 246, 14, 97, 53, 87, 185, 134, 193, 29, 158, 225, 248, 152, 17, 105, 217, 142, 148, 155, 30, 135, 233, 206, 85, 40, 223, 140, 161, 137, 13, 191, 230, 66, 104, 65, 153, 45, 15, 176, 84, 187, 22, 

Нелінійність  = 112 

Алгебраїчний імунітет  = 2 

Дельта-рівномірність  = 4 

Лінійна збитковість = 255 



99, 124, 119, 123, 242, 107, 111, 197, 48, 1, 103, 43, 254, 215, 171, 118, 202, 130, 201, 125, 250, 89, 71, 240, 173, 212, 162, 175, 156, 164, 114, 192, 183, 253, 147, 38, 54, 63, 204, 247, 52, 165, 229, 241, 113, 216, 49, 21, 4, 199, 35, 195, 24, 150, 5, 154, 7, 18, 128, 226, 235, 39, 178, 117, 9, 131, 44, 26, 27, 110, 90, 160, 82, 59, 214, 179, 41, 227, 47, 132, 83, 209, 0, 237, 32, 252, 177, 91, 106, 203, 190, 57, 74, 76, 88, 207, 208, 239, 170, 251, 67, 77, 51, 133, 69, 249, 2, 127, 80, 60, 159, 168, 81, 163, 64, 143, 146, 157, 56, 245, 188, 182, 218, 33, 16, 255, 243, 210, 205, 12, 19, 236, 95, 151, 68, 23, 196, 167, 126, 61, 100, 93, 25, 115, 96, 129, 79, 220, 34, 42, 144, 136, 70, 238, 184, 20, 222, 94, 11, 219, 224, 50, 58, 10, 73, 6, 36, 92, 194, 211, 172, 98, 145, 149, 228, 121, 231, 200, 55, 109, 141, 213, 78, 169, 108, 86, 244, 234, 101, 122, 174, 8, 186, 120, 37, 46, 28, 166, 180, 198, 232, 221, 116, 31, 75, 189, 139, 138, 112, 62, 181, 102, 72, 3, 246, 14, 97, 53, 87, 185, 134, 193, 29, 158, 225, 248, 152, 17, 105, 217, 142, 148, 155, 30, 135, 233, 206, 85, 40, 223, 140, 161, 137, 13, 191, 230, 66, 104, 65, 153, 45, 15, 176, 84, 187, 22, 

Нелінійність  = 110 

Алгебраїчний імунітет  = 2 

Дельта-рівномірність  = 6 

Лінійна збитковість = 126 



99, 124, 119, 123, 242, 107, 57, 201, 130, 1, 103, 43, 254, 72, 171, 112, 202, 48, 129, 125, 250, 89, 71, 240, 173, 212, 162, 21, 156, 44, 114, 192, 105, 253, 147, 38, 54, 31, 208, 244, 52, 187, 229, 249, 113, 216, 217, 175, 4, 199, 35, 195, 24, 150, 5, 154, 7, 18, 128, 226, 235, 39, 178, 117, 9, 131, 164, 26, 27, 110, 90, 160, 82, 59, 214, 179, 41, 227, 47, 132, 83, 209, 0, 237, 32, 252, 177, 91, 165, 203, 190, 111, 74, 76, 88, 207, 20, 239, 170, 251, 67, 77, 51, 133, 69, 241, 2, 127, 80, 60, 159, 168, 81, 163, 64, 143, 146, 157, 56, 245, 188, 182, 218, 33, 16, 255, 243, 210, 205, 12, 19, 236, 95, 151, 68, 23, 196, 167, 126, 61, 100, 93, 25, 115, 96, 197, 79, 220, 34, 42, 144, 136, 70, 238, 184, 45, 222, 94, 11, 219, 224, 50, 58, 10, 73, 6, 36, 92, 194, 211, 172, 98, 145, 149, 228, 121, 231, 200, 55, 109, 141, 213, 78, 169, 108, 86, 232, 234, 101, 122, 174, 8, 186, 120, 37, 46, 28, 166, 180, 198, 53, 221, 116, 63, 75, 189, 139, 138, 118, 62, 181, 102, 215, 3, 246, 14, 97, 29, 87, 185, 134, 193, 22, 158, 225, 248, 152, 17, 183, 49, 142, 148, 155, 30, 135, 233, 206, 85, 40, 223, 140, 161, 137, 13, 191, 230, 66, 104, 65, 153, 15, 176, 204, 84, 106, 247, 

Нелінійність  = 102 

Алгебраїчний імунітет  = 3 

Дельта-рівномірність  = 8 

Лінійна збитковість = 0 



52, 14, 53, 96, 92, 73, 122, 195, 229, 33, 59, 106, 233, 200, 184, 161, 25, 72, 78, 177, 54, 131, 254, 37, 117, 64, 133, 249, 211, 36, 20, 50, 46, 213, 76, 164, 171, 192, 11, 100, 214, 172, 99, 160, 203, 235, 135, 137, 232, 62, 86, 170, 93, 23, 239, 71, 191, 110, 227, 188, 180, 175, 66, 204, 75, 205, 24, 247, 80, 55, 140, 79, 248, 97, 116, 241, 166, 129, 41, 146, 17, 19, 144, 123, 222, 238, 209, 207, 40, 174, 35, 136, 121, 223, 9, 240, 155, 98, 83, 39, 113, 109, 139, 187, 31, 34, 253, 89, 190, 193, 28, 230, 176, 231, 81, 26, 153, 102, 111, 65, 134, 13, 149, 179, 77, 169, 168, 218, 225, 242, 57, 252, 103, 185, 138, 8, 206, 119, 87, 132, 199, 10, 181, 198, 255, 219, 94, 194, 156, 125, 127, 88, 60, 167, 246, 130, 5, 216, 7, 163, 182, 142, 120, 202, 212, 183, 22, 18, 105, 126, 48, 228, 82, 128, 32, 58, 2, 141, 45, 234, 221, 157, 217, 112, 148, 151, 29, 84, 115, 101, 226, 236, 143, 108, 44, 250, 114, 104, 251, 27, 145, 118, 178, 197, 150, 1, 16, 38, 152, 4, 0, 49, 47, 220, 67, 244, 74, 224, 159, 15, 56, 215, 173, 154, 186, 63, 162, 21, 69, 30, 237, 85, 6, 210, 245, 95, 196, 12, 158, 243, 43, 201, 68, 124, 61, 165, 42, 91, 189, 90, 147, 3, 70, 208, 51, 107, 

Нелінійність  = 98 

Алгебраїчний імунітет  = 3 

Дельта-рівномірність  = 12 

Лінійна збитковість = 0 



124, 114, 38, 109, 204, 50, 127, 224, 88, 180, 218, 193, 177, 19, 99, 6, 243, 67, 186, 40, 71, 171, 182, 229, 68, 39, 15, 69, 58, 137, 165, 24, 2, 52, 76, 132, 176, 104, 192, 163, 179, 141, 53, 5, 78, 129, 85, 239, 30, 12, 89, 17, 161, 236, 153, 22, 106, 207, 148, 251, 205, 135, 11, 41, 201, 216, 228, 155, 54, 7, 57, 209, 147, 188, 73, 126, 113, 136, 36, 253, 250, 172, 245, 142, 121, 144, 122, 101, 60, 44, 173, 34, 8, 134, 32, 167, 26, 219, 200, 42, 111, 232, 35, 79, 138, 25, 194, 93, 159, 125, 254, 131, 202, 174, 28, 16, 237, 154, 184, 51, 117, 102, 181, 18, 70, 87, 81, 59, 105, 143, 98, 244, 220, 164, 46, 115, 120, 77, 190, 110, 191, 9, 158, 187, 169, 90, 63, 91, 82, 65, 168, 246, 157, 199, 33, 248, 45, 156, 112, 183, 203, 170, 234, 146, 149, 133, 107, 196, 226, 31, 252, 49, 175, 233, 61, 10, 208, 75, 108, 66, 145, 151, 198, 130, 240, 1, 152, 116, 74, 119, 103, 249, 20, 211, 195, 242, 197, 227, 13, 72, 206, 221, 166, 55, 27, 97, 213, 255, 37, 56, 185, 0, 235, 223, 94, 95, 47, 222, 118, 189, 212, 247, 14, 100, 238, 64, 214, 92, 162, 83, 84, 178, 62, 160, 215, 230, 21, 80, 3, 150, 29, 86, 96, 217, 48, 43, 128, 241, 4, 123, 231, 139, 210, 140, 23, 225, 

Нелінійність  = 96 

Алгебраїчний імунітет  = 3 

Дельта-рівномірність  = 10 

Лінійна збитковість = 0 



122, 255, 133, 125, 241, 204, 218, 33, 145, 215, 1, 159, 200, 190, 76, 48, 211, 184, 178, 61, 68, 8, 172, 118, 222, 154, 84, 210, 193, 56, 105, 175, 127, 249, 53, 96, 207, 185, 247, 187, 34, 134, 35, 183, 129, 194, 166, 243, 179, 65, 46, 36, 81, 208, 192, 69, 113, 117, 149, 225, 83, 39, 132, 197, 90, 5, 119, 102, 167, 80, 253, 37, 18, 23, 6, 73, 77, 22, 227, 99, 108, 124, 63, 32, 94, 251, 97, 100, 11, 147, 162, 19, 0, 242, 152, 24, 245, 109, 173, 72, 177, 223, 51, 38, 135, 216, 142, 40, 202, 57, 75, 201, 199, 74, 236, 31, 136, 47, 110, 168, 219, 21, 114, 87, 244, 181, 254, 64, 146, 188, 2, 92, 42, 121, 186, 155, 115, 16, 9, 198, 232, 25, 66, 41, 174, 176, 62, 13, 189, 49, 101, 111, 137, 164, 230, 248, 98, 148, 156, 91, 220, 10, 59, 67, 214, 52, 7, 79, 126, 107, 213, 45, 93, 191, 171, 224, 206, 85, 158, 50, 238, 29, 106, 252, 229, 195, 180, 112, 240, 95, 234, 153, 237, 104, 26, 20, 239, 58, 89, 71, 70, 88, 169, 143, 161, 139, 203, 228, 123, 233, 120, 196, 27, 163, 205, 246, 151, 130, 128, 165, 60, 30, 209, 212, 141, 250, 157, 226, 4, 140, 217, 116, 170, 54, 103, 15, 235, 12, 182, 43, 150, 221, 14, 231, 17, 3, 138, 55, 78, 44, 86, 160, 28, 144, 131, 82, 

Нелінійність  = 96 

Алгебраїчний імунітет  = 3 

Дельта-рівномірність  = 14 

Лінійна збитковість = 0 



120, 136, 241, 60, 190, 46, 212, 144, 37, 147, 75, 184, 47, 65, 213, 149, 23, 155, 70, 245, 145, 17, 188, 133, 254, 187, 33, 224, 78, 63, 100, 177, 107, 86, 162, 130, 186, 229, 142, 148, 25, 173, 132, 255, 234, 8, 80, 111, 62, 66, 19, 216, 84, 29, 13, 206, 202, 12, 87, 252, 122, 42, 32, 189, 101, 11, 41, 209, 26, 4, 219, 5, 10, 129, 48, 109, 54, 243, 57, 236, 45, 79, 51, 89, 196, 153, 201, 124, 208, 179, 163, 126, 134, 110, 92, 125, 253, 205, 58, 218, 88, 223, 182, 217, 72, 215, 211, 40, 180, 91, 16, 128, 90, 56, 14, 35, 250, 28, 123, 178, 139, 198, 83, 52, 99, 157, 39, 199, 104, 74, 183, 151, 228, 15, 106, 116, 34, 1, 117, 195, 71, 171, 105, 203, 233, 181, 96, 0, 103, 9, 31, 200, 231, 143, 249, 168, 242, 20, 27, 248, 164, 3, 49, 55, 150, 207, 175, 76, 121, 2, 176, 246, 146, 238, 227, 93, 240, 81, 44, 36, 30, 141, 237, 127, 251, 50, 230, 244, 169, 221, 95, 247, 113, 166, 165, 194, 98, 131, 204, 38, 193, 115, 137, 154, 210, 43, 118, 222, 77, 82, 21, 174, 61, 220, 161, 67, 24, 59, 172, 170, 6, 167, 239, 152, 226, 192, 102, 69, 185, 235, 53, 114, 18, 159, 119, 108, 156, 22, 197, 140, 64, 68, 112, 7, 135, 138, 94, 225, 97, 73, 158, 191, 85, 232, 214, 160, 

Нелінійність  = 96 

Алгебраїчний імунітет  = 3 

Дельта-рівномірність  = 12 

Лінійна збитковість = 0 



50, 193, 153, 64, 108, 168, 113, 197, 72, 79, 116, 207, 127, 67, 225, 86, 53, 180, 130, 250, 134, 144, 230, 236, 182, 224, 238, 22, 69, 11, 16, 14, 143, 122, 87, 19, 188, 216, 213, 152, 88, 227, 129, 131, 45, 179, 43, 212, 183, 39, 104, 5, 120, 232, 234, 161, 58, 75, 219, 8, 126, 160, 62, 70, 165, 173, 240, 17, 145, 255, 112, 15, 89, 176, 10, 28, 102, 228, 164, 147, 246, 162, 135, 214, 136, 106, 220, 138, 151, 237, 223, 139, 41, 215, 55, 158, 198, 59, 141, 47, 23, 195, 184, 74, 221, 110, 208, 248, 217, 186, 204, 175, 82, 170, 92, 174, 99, 84, 247, 203, 254, 25, 140, 107, 105, 155, 149, 242, 34, 123, 211, 46, 40, 80, 181, 243, 154, 71, 96, 33, 56, 121, 66, 146, 202, 137, 185, 26, 233, 4, 52, 31, 77, 167, 94, 196, 49, 24, 148, 57, 21, 32, 60, 0, 42, 114, 157, 209, 91, 18, 93, 156, 128, 210, 101, 7, 118, 249, 38, 29, 150, 187, 83, 222, 163, 201, 191, 100, 190, 171, 103, 245, 95, 90, 119, 97, 218, 115, 132, 253, 63, 9, 98, 81, 205, 51, 133, 169, 235, 36, 65, 172, 178, 35, 30, 231, 76, 166, 199, 73, 1, 37, 54, 2, 189, 48, 78, 27, 6, 12, 239, 244, 206, 44, 241, 229, 159, 251, 117, 192, 3, 13, 125, 252, 20, 194, 61, 85, 124, 109, 68, 226, 200, 111, 177, 142, 

Нелінійність  = 96 

Алгебраїчний імунітет  = 3 

Дельта-рівномірність  = 12 

Лінійна збитковість = 0 



122, 255, 133, 125, 241, 204, 218, 33, 145, 215, 1, 159, 200, 190, 76, 48, 211, 184, 178, 61, 68, 8, 172, 118, 222, 154, 84, 210, 193, 56, 105, 175, 127, 249, 53, 96, 207, 185, 247, 187, 34, 134, 35, 183, 129, 194, 166, 243, 179, 65, 46, 36, 81, 208, 192, 69, 113, 117, 149, 225, 83, 39, 132, 197, 90, 5, 119, 102, 167, 80, 253, 37, 18, 23, 6, 73, 77, 22, 227, 99, 108, 124, 63, 32, 94, 251, 97, 100, 11, 147, 162, 19, 0, 242, 152, 24, 245, 109, 173, 72, 177, 223, 51, 38, 135, 216, 142, 40, 202, 57, 75, 201, 199, 74, 236, 31, 136, 47, 110, 168, 219, 21, 114, 87, 244, 181, 254, 64, 146, 188, 2, 92, 42, 121, 186, 155, 115, 16, 9, 198, 232, 25, 66, 41, 174, 176, 62, 13, 189, 49, 101, 111, 137, 164, 230, 248, 98, 148, 156, 91, 220, 10, 59, 67, 214, 52, 7, 79, 126, 107, 213, 45, 93, 191, 171, 224, 206, 85, 158, 50, 238, 29, 106, 252, 229, 195, 180, 112, 240, 95, 234, 153, 237, 104, 26, 20, 239, 58, 89, 71, 70, 88, 169, 143, 161, 139, 203, 228, 123, 233, 120, 196, 27, 163, 205, 246, 151, 130, 128, 165, 60, 30, 209, 212, 141, 250, 157, 226, 4, 140, 217, 116, 170, 54, 103, 15, 235, 12, 182, 43, 150, 221, 14, 231, 17, 3, 138, 55, 78, 44, 86, 160, 28, 144, 131, 82, 

Нелінійність  = 96 

Алгебраїчний імунітет  = 3 

Дельта-рівномірність  = 14 

Лінійна збитковість = 0 



48, 42, 182, 99, 49, 167, 20, 192, 188, 201, 250, 1, 219, 145, 243, 86, 207, 228, 204, 198, 202, 149, 222, 60, 121, 184, 255, 231, 133, 150, 154, 247, 87, 220, 168, 67, 155, 75, 112, 163, 23, 64, 68, 170, 141, 76, 160, 233, 236, 81, 123, 89, 187, 190, 3, 186, 46, 249, 126, 15, 82, 111, 181, 27, 171, 38, 251, 144, 2, 199, 101, 206, 104, 194, 138, 9, 122, 120, 70, 136, 203, 24, 142, 66, 4, 205, 148, 107, 232, 157, 221, 105, 55, 118, 218, 117, 102, 65, 71, 44, 131, 119, 217, 110, 98, 169, 116, 172, 73, 173, 151, 213, 115, 85, 215, 11, 0, 197, 175, 200, 239, 179, 134, 153, 127, 37, 137, 248, 50, 132, 159, 83, 241, 17, 156, 152, 162, 193, 95, 33, 32, 13, 235, 77, 56, 40, 180, 41, 94, 74, 176, 35, 113, 108, 140, 97, 6, 8, 21, 212, 25, 39, 124, 109, 53, 30, 210, 227, 80, 10, 240, 106, 209, 161, 224, 29, 90, 158, 57, 135, 223, 79, 114, 69, 51, 18, 226, 100, 164, 59, 78, 165, 84, 28, 252, 31, 185, 245, 237, 72, 5, 62, 246, 238, 225, 7, 166, 103, 178, 244, 63, 211, 34, 47, 91, 14, 58, 54, 229, 16, 36, 189, 129, 88, 12, 125, 174, 143, 183, 254, 52, 26, 22, 191, 253, 147, 93, 216, 146, 196, 61, 242, 130, 43, 234, 19, 195, 96, 177, 139, 92, 230, 208, 45, 214, 128, 

Нелінійність  = 96 

Алгебраїчний імунітет  = 3 

Дельта-рівномірність  = 12 

Лінійна збитковість = 0 



236, 24, 196, 45, 37, 100, 127, 53, 193, 187, 152, 173, 120, 57, 185, 95, 195, 104, 9, 63, 34, 19, 90, 194, 112, 4, 241, 159, 86, 99, 116, 88, 179, 206, 180, 237, 67, 71, 229, 226, 76, 239, 142, 126, 51, 74, 158, 0, 188, 111, 171, 155, 77, 246, 3, 250, 97, 157, 235, 211, 130, 23, 41, 39, 156, 168, 91, 182, 143, 32, 93, 30, 217, 254, 38, 47, 14, 119, 140, 81, 197, 113, 147, 249, 92, 161, 170, 160, 154, 172, 16, 5, 54, 108, 68, 165, 21, 73, 215, 82, 164, 125, 238, 94, 28, 96, 219, 148, 64, 223, 123, 228, 72, 75, 70, 128, 209, 60, 153, 139, 230, 243, 213, 101, 231, 44, 1, 184, 121, 18, 27, 56, 7, 167, 169, 11, 220, 12, 15, 178, 224, 6, 85, 255, 107, 233, 210, 203, 144, 240, 66, 225, 31, 163, 253, 114, 244, 98, 247, 151, 122, 52, 232, 149, 190, 222, 251, 181, 118, 78, 150, 117, 192, 102, 43, 174, 110, 105, 48, 65, 202, 141, 87, 214, 55, 80, 35, 25, 83, 183, 198, 252, 175, 200, 62, 234, 212, 207, 135, 50, 177, 245, 40, 189, 205, 49, 227, 61, 29, 89, 218, 59, 36, 109, 115, 138, 103, 13, 10, 166, 131, 2, 191, 208, 129, 136, 17, 176, 69, 204, 106, 79, 84, 124, 20, 201, 133, 26, 137, 132, 33, 221, 58, 145, 46, 162, 186, 134, 8, 216, 242, 248, 42, 22, 199, 146, 

Нелінійність  = 96 

Алгебраїчний імунітет  = 3 

Дельта-рівномірність  = 10 

Лінійна збитковість = 0 



100, 226, 221, 42, 200, 151, 24, 44, 91, 48, 138, 137, 156, 246, 12, 76, 217, 216, 113, 157, 108, 35, 131, 34, 207, 167, 164, 219, 109, 134, 36, 233, 179, 175, 126, 130, 139, 241, 208, 59, 65, 203, 41, 56, 74, 52, 61, 57, 60, 72, 86, 143, 82, 213, 69, 84, 80, 88, 166, 2, 169, 115, 116, 37, 81, 140, 193, 214, 27, 242, 250, 154, 20, 19, 129, 165, 147, 58, 22, 170, 210, 40, 144, 68, 186, 46, 224, 11, 117, 243, 21, 211, 163, 83, 133, 225, 222, 67, 235, 251, 55, 132, 177, 189, 92, 125, 51, 206, 77, 0, 71, 171, 176, 159, 17, 239, 3, 180, 148, 240, 105, 70, 110, 178, 85, 212, 149, 9, 245, 64, 136, 229, 25, 124, 174, 155, 255, 215, 95, 253, 146, 218, 104, 183, 18, 237, 195, 43, 94, 47, 150, 90, 238, 172, 232, 204, 227, 39, 185, 1, 73, 111, 236, 4, 6, 10, 199, 234, 192, 16, 23, 201, 102, 252, 101, 120, 121, 7, 93, 254, 168, 63, 220, 161, 142, 141, 38, 190, 31, 194, 181, 79, 33, 202, 198, 152, 249, 32, 28, 97, 247, 248, 223, 49, 89, 106, 13, 5, 187, 182, 62, 119, 99, 128, 123, 15, 162, 158, 205, 26, 114, 153, 53, 112, 173, 75, 50, 230, 96, 87, 127, 135, 45, 184, 8, 14, 191, 30, 197, 160, 145, 103, 107, 228, 188, 196, 118, 122, 244, 231, 66, 209, 54, 29, 78, 98, 

Нелінійність  = 96 

Алгебраїчний імунітет  = 3 

Дельта-рівномірність  = 10 

Лінійна збитковість = 0 



122, 71, 2, 102, 45, 162, 21, 95, 179, 113, 16, 44, 100, 24, 157, 210, 33, 187, 25, 82, 211, 66, 180, 255, 160, 47, 111, 19, 125, 246, 154, 242, 56, 6, 247, 232, 151, 13, 147, 194, 23, 54, 164, 182, 134, 93, 57, 92, 48, 63, 37, 105, 32, 237, 76, 148, 238, 14, 146, 234, 235, 239, 126, 53, 163, 22, 231, 1, 87, 189, 249, 130, 119, 153, 72, 88, 218, 103, 240, 203, 227, 213, 91, 101, 61, 67, 173, 168, 191, 46, 80, 200, 7, 141, 8, 41, 129, 81, 107, 121, 244, 250, 20, 83, 78, 233, 4, 29, 3, 144, 185, 35, 229, 132, 171, 161, 206, 86, 156, 65, 15, 64, 96, 158, 175, 118, 226, 62, 228, 135, 170, 10, 222, 243, 75, 114, 192, 124, 253, 205, 165, 230, 166, 202, 128, 60, 186, 70, 120, 196, 138, 59, 99, 42, 131, 145, 58, 106, 204, 195, 43, 9, 68, 150, 207, 137, 236, 178, 85, 181, 208, 30, 112, 17, 74, 97, 115, 220, 0, 133, 219, 174, 254, 225, 34, 172, 127, 193, 52, 110, 50, 199, 176, 183, 108, 116, 169, 188, 36, 167, 84, 139, 143, 69, 177, 245, 89, 224, 155, 248, 198, 98, 217, 142, 5, 79, 12, 38, 94, 223, 212, 252, 117, 201, 109, 184, 55, 216, 221, 190, 136, 197, 104, 49, 152, 90, 209, 31, 18, 77, 159, 73, 51, 39, 11, 214, 40, 241, 215, 140, 251, 28, 123, 149, 27, 26, 

Нелінійність  = 96 

Алгебраїчний імунітет  = 3 

Дельта-рівномірність  = 10 

Лінійна збитковість = 0 



228, 203, 172, 115, 105, 45, 30, 174, 65, 128, 248, 77, 137, 180, 212, 175, 229, 131, 236, 38, 244, 251, 35, 116, 106, 141, 98, 61, 66, 111, 34, 138, 178, 219, 134, 93, 37, 153, 190, 124, 100, 52, 170, 252, 176, 62, 133, 8, 17, 13, 90, 112, 163, 201, 155, 14, 200, 255, 159, 206, 136, 135, 165, 191, 84, 231, 28, 188, 238, 40, 10, 181, 150, 117, 92, 224, 63, 91, 240, 26, 97, 68, 214, 74, 222, 161, 83, 70, 60, 243, 162, 221, 254, 107, 194, 23, 78, 164, 50, 160, 79, 237, 154, 2, 193, 157, 245, 142, 104, 59, 119, 56, 64, 95, 213, 195, 108, 121, 198, 192, 152, 72, 146, 218, 225, 51, 11, 109, 148, 27, 29, 151, 126, 208, 114, 166, 167, 102, 118, 58, 24, 43, 241, 36, 143, 75, 86, 156, 211, 145, 73, 96, 0, 197, 130, 16, 7, 94, 113, 69, 233, 179, 85, 239, 53, 186, 217, 1, 19, 158, 249, 12, 210, 125, 173, 220, 25, 168, 247, 42, 41, 33, 189, 46, 44, 196, 147, 177, 99, 21, 87, 216, 242, 139, 209, 57, 32, 232, 250, 140, 18, 184, 202, 20, 223, 205, 234, 120, 103, 123, 49, 4, 253, 48, 187, 182, 227, 207, 183, 215, 199, 127, 204, 89, 82, 149, 122, 15, 129, 169, 144, 9, 67, 39, 110, 88, 6, 246, 230, 3, 71, 80, 47, 101, 76, 54, 132, 235, 185, 31, 226, 171, 55, 22, 81, 5, 

Нелінійність  = 96 

Алгебраїчний імунітет  = 3 

Дельта-рівномірність  = 12 

Лінійна збитковість = 0 



242, 201, 159, 34, 75, 78, 207, 185, 225, 116, 94, 1, 140, 86, 232, 93, 209, 131, 165, 69, 177, 246, 194, 99, 171, 228, 70, 154, 199, 189, 80, 60, 250, 182, 144, 151, 241, 87, 100, 4, 183, 23, 252, 253, 25, 3, 179, 126, 68, 134, 195, 90, 218, 27, 57, 190, 222, 149, 143, 6, 184, 192, 198, 238, 55, 239, 114, 81, 254, 89, 36, 14, 37, 33, 56, 135, 213, 148, 203, 217, 124, 2, 88, 216, 113, 233, 255, 101, 146, 43, 142, 103, 188, 73, 175, 191, 123, 46, 84, 173, 247, 202, 214, 102, 138, 51, 166, 109, 119, 64, 145, 115, 244, 107, 163, 150, 193, 18, 221, 0, 136, 160, 17, 155, 62, 40, 223, 117, 49, 83, 229, 13, 118, 147, 54, 132, 7, 245, 226, 227, 63, 12, 161, 208, 9, 24, 121, 156, 48, 237, 157, 112, 235, 204, 15, 104, 71, 176, 67, 215, 219, 95, 120, 168, 79, 110, 251, 169, 22, 44, 122, 231, 197, 58, 76, 230, 139, 137, 97, 59, 128, 74, 186, 248, 11, 162, 66, 111, 133, 52, 19, 29, 42, 236, 98, 39, 10, 172, 181, 240, 45, 105, 206, 61, 16, 65, 85, 130, 205, 92, 47, 125, 167, 153, 180, 50, 243, 174, 127, 41, 234, 249, 152, 106, 28, 96, 196, 108, 38, 129, 5, 170, 26, 77, 178, 82, 31, 32, 20, 210, 21, 141, 91, 8, 158, 187, 72, 164, 211, 53, 35, 220, 30, 200, 224, 212, 

Нелінійність  = 94 

Алгебраїчний імунітет  = 3 

Дельта-рівномірність  = 12 

Лінійна збитковість = 0 



157, 217, 49, 151, 172, 40, 214, 203, 179, 65, 226, 91, 5, 6, 90, 155, 197, 20, 198, 9, 16, 22, 190, 254, 232, 244, 209, 113, 183, 180, 69, 131, 143, 2, 124, 165, 229, 50, 111, 251, 85, 240, 123, 33, 82, 149, 213, 71, 32, 44, 225, 27, 26, 106, 8, 118, 252, 47, 99, 176, 119, 247, 175, 223, 241, 236, 100, 182, 56, 10, 78, 248, 58, 196, 12, 83, 239, 60, 200, 122, 237, 81, 129, 142, 64, 17, 103, 73, 253, 249, 156, 3, 67, 29, 185, 101, 39, 147, 105, 57, 199, 204, 153, 141, 37, 51, 163, 192, 7, 222, 169, 144, 43, 205, 114, 13, 23, 112, 211, 11, 19, 186, 25, 187, 189, 242, 48, 218, 92, 110, 104, 135, 219, 14, 68, 167, 235, 138, 161, 128, 177, 184, 77, 158, 24, 230, 93, 134, 255, 59, 108, 250, 1, 97, 30, 201, 66, 70, 0, 228, 160, 146, 139, 188, 220, 193, 76, 74, 35, 125, 96, 89, 137, 136, 233, 55, 84, 54, 215, 80, 221, 86, 117, 150, 216, 94, 246, 191, 102, 194, 168, 120, 98, 4, 234, 63, 130, 72, 245, 52, 195, 75, 127, 15, 28, 126, 109, 178, 38, 154, 206, 42, 115, 243, 133, 210, 174, 132, 107, 87, 212, 53, 46, 238, 171, 79, 231, 164, 18, 166, 148, 202, 34, 173, 224, 162, 61, 181, 36, 207, 116, 159, 145, 208, 88, 62, 21, 121, 31, 227, 95, 170, 45, 140, 41, 152, 

Нелінійність  = 94 

Алгебраїчний імунітет  = 3 

Дельта-рівномірність  = 10 

Лінійна збитковість = 0 



10, 38, 15, 73, 29, 60, 212, 95, 150, 24, 105, 149, 3, 103, 205, 187, 159, 31, 176, 111, 107, 94, 34, 74, 96, 225, 90, 175, 99, 181, 186, 130, 20, 217, 35, 147, 86, 53, 151, 67, 156, 45, 43, 240, 219, 138, 92, 144, 231, 246, 5, 188, 6, 108, 145, 110, 203, 199, 81, 152, 235, 126, 157, 223, 161, 61, 0, 132, 30, 113, 206, 66, 251, 68, 169, 55, 127, 1, 213, 80, 208, 196, 85, 134, 82, 84, 4, 204, 27, 119, 177, 155, 182, 57, 131, 136, 172, 28, 164, 77, 242, 21, 167, 41, 109, 220, 71, 26, 171, 248, 89, 120, 230, 253, 123, 238, 178, 124, 16, 215, 207, 154, 195, 228, 247, 141, 254, 62, 91, 170, 183, 18, 229, 140, 255, 39, 209, 76, 180, 125, 168, 160, 244, 37, 211, 87, 232, 58, 198, 97, 22, 8, 189, 112, 190, 42, 237, 158, 51, 201, 115, 192, 101, 13, 226, 143, 40, 185, 214, 49, 241, 184, 165, 200, 33, 56, 25, 224, 139, 63, 17, 46, 129, 162, 210, 2, 19, 221, 250, 191, 32, 116, 166, 44, 233, 252, 12, 117, 7, 146, 236, 100, 197, 227, 133, 75, 163, 70, 239, 88, 202, 153, 234, 78, 64, 222, 79, 72, 243, 36, 83, 93, 194, 118, 23, 216, 137, 69, 142, 114, 14, 102, 106, 122, 52, 245, 65, 98, 50, 47, 59, 54, 174, 148, 249, 135, 11, 48, 193, 173, 121, 179, 128, 218, 104, 9, 

Нелінійність  = 94 

Алгебраїчний імунітет  = 3 

Дельта-рівномірність  = 12 

Лінійна збитковість = 0 



234, 237, 33, 212, 185, 115, 93, 71, 174, 80, 48, 186, 117, 105, 156, 144, 211, 160, 129, 196, 173, 168, 50, 4, 242, 158, 73, 194, 236, 238, 112, 21, 188, 18, 81, 103, 40, 55, 157, 75, 26, 82, 39, 83, 183, 88, 215, 45, 86, 222, 145, 241, 10, 42, 8, 46, 195, 17, 213, 243, 65, 58, 44, 206, 132, 137, 14, 139, 170, 198, 87, 19, 219, 128, 124, 95, 72, 61, 231, 190, 200, 29, 94, 224, 254, 106, 159, 36, 53, 37, 98, 79, 97, 41, 111, 255, 131, 138, 120, 154, 0, 24, 223, 177, 116, 133, 47, 104, 99, 165, 163, 101, 147, 172, 1, 161, 204, 143, 153, 76, 141, 230, 152, 92, 63, 205, 203, 240, 23, 6, 247, 2, 110, 134, 31, 135, 169, 175, 248, 218, 249, 192, 233, 246, 13, 12, 155, 162, 180, 108, 150, 146, 167, 35, 123, 78, 221, 245, 34, 96, 51, 216, 90, 142, 118, 136, 59, 5, 25, 227, 52, 151, 208, 202, 148, 62, 119, 130, 64, 114, 43, 251, 68, 100, 113, 179, 57, 182, 122, 3, 187, 229, 199, 176, 9, 28, 121, 70, 49, 77, 15, 54, 220, 89, 244, 166, 239, 225, 217, 32, 85, 20, 232, 91, 16, 27, 11, 164, 74, 207, 84, 250, 7, 109, 189, 102, 171, 140, 127, 125, 235, 226, 30, 209, 107, 69, 193, 252, 22, 66, 38, 126, 67, 181, 201, 184, 197, 191, 178, 210, 56, 228, 149, 214, 253, 60, 

Нелінійність  = 94 

Алгебраїчний імунітет  = 3 

Дельта-рівномірність  = 10 

Лінійна збитковість = 0 



98, 10, 5, 215, 1, 58, 210, 82, 0, 237, 64, 226, 77, 181, 62, 166, 186, 32, 37, 89, 122, 150, 4, 184, 135, 218, 160, 126, 209, 198, 203, 146, 188, 53, 171, 223, 88, 151, 60, 80, 38, 123, 153, 162, 157, 113, 36, 178, 230, 54, 213, 254, 189, 79, 222, 234, 202, 228, 86, 190, 21, 242, 248, 208, 217, 121, 165, 103, 27, 250, 199, 167, 152, 105, 65, 195, 57, 129, 76, 90, 229, 112, 127, 139, 47, 196, 232, 182, 94, 158, 92, 173, 59, 69, 204, 187, 193, 145, 172, 252, 81, 16, 23, 71, 44, 101, 236, 6, 84, 128, 169, 2, 28, 168, 118, 35, 19, 132, 241, 251, 212, 42, 52, 201, 227, 15, 61, 31, 148, 174, 176, 245, 175, 191, 238, 163, 51, 114, 161, 134, 49, 14, 225, 39, 30, 8, 115, 131, 255, 179, 116, 87, 170, 24, 130, 102, 117, 142, 104, 177, 106, 133, 147, 211, 149, 108, 141, 156, 140, 143, 99, 91, 33, 34, 72, 26, 120, 144, 13, 235, 185, 224, 207, 97, 70, 246, 124, 50, 221, 66, 29, 17, 67, 253, 25, 155, 68, 180, 119, 125, 216, 46, 96, 154, 220, 12, 164, 45, 200, 244, 138, 240, 7, 83, 95, 78, 197, 48, 243, 233, 110, 239, 74, 43, 136, 73, 9, 219, 111, 75, 22, 85, 41, 231, 40, 206, 183, 247, 249, 93, 205, 63, 194, 192, 55, 107, 109, 137, 18, 3, 20, 11, 100, 159, 214, 56, 

Нелінійність  = 94 

Алгебраїчний імунітет  = 3 

Дельта-рівномірність  = 10 

Лінійна збитковість = 0 



241, 187, 173, 86, 78, 40, 4, 146, 44, 120, 239, 52, 248, 20, 219, 181, 199, 124, 214, 10, 224, 227, 14, 100, 61, 97, 83, 41, 37, 101, 3, 110, 175, 194, 115, 80, 30, 131, 159, 99, 67, 22, 166, 223, 165, 56, 123, 244, 1, 128, 79, 92, 151, 202, 24, 246, 191, 138, 155, 74, 249, 113, 148, 143, 45, 242, 38, 174, 228, 28, 0, 172, 133, 104, 53, 232, 39, 65, 217, 50, 90, 54, 203, 48, 176, 117, 200, 171, 107, 225, 71, 137, 250, 91, 35, 19, 82, 149, 220, 46, 55, 12, 153, 141, 192, 87, 230, 139, 98, 127, 103, 66, 29, 69, 6, 13, 93, 177, 26, 156, 126, 58, 129, 142, 198, 9, 235, 27, 130, 15, 21, 251, 119, 51, 112, 253, 161, 105, 108, 5, 70, 72, 42, 252, 140, 7, 89, 25, 23, 8, 122, 109, 36, 184, 95, 168, 136, 96, 207, 68, 215, 247, 43, 238, 81, 255, 193, 216, 170, 152, 243, 162, 60, 160, 164, 205, 2, 237, 254, 77, 212, 118, 111, 229, 17, 188, 116, 64, 121, 204, 221, 234, 190, 145, 157, 167, 132, 178, 18, 197, 31, 231, 195, 94, 222, 213, 210, 206, 150, 63, 134, 144, 245, 59, 186, 189, 218, 201, 88, 125, 208, 33, 236, 84, 185, 76, 226, 102, 62, 180, 47, 11, 49, 182, 179, 163, 158, 147, 135, 114, 240, 196, 211, 233, 85, 16, 106, 34, 154, 73, 169, 209, 183, 57, 75, 32, 

Нелінійність  = 94 

Алгебраїчний імунітет  = 3 

Дельта-рівномірність  = 12 

Лінійна збитковість = 0 



Час виконання: 359.526000 секунд

Блок з необхідними параметрами знайдено

Кількість виконаних ітерацій = 2 
_______________________________________________________________________________________________
