
Початкове число ітерацій = 150
N = 40
PSO S-boxes:
99, 124, 119, 123, 242, 107, 111, 197, 48, 1, 103, 43, 254, 215, 171, 118, 202, 130, 201, 125, 250, 89, 71, 240, 173, 212, 162, 175, 156, 164, 114, 192, 183, 253, 147, 38, 54, 63, 247, 204, 52, 165, 229, 241, 113, 216, 49, 21, 4, 199, 35, 195, 24, 150, 5, 154, 7, 18, 128, 226, 235, 39, 178, 117, 9, 131, 44, 26, 27, 110, 90, 160, 82, 59, 214, 179, 41, 227, 47, 132, 83, 209, 0, 237, 32, 252, 177, 91, 106, 203, 190, 57, 74, 76, 88, 207, 208, 239, 170, 251, 67, 77, 51, 133, 69, 249, 2, 127, 80, 60, 159, 168, 81, 163, 64, 143, 146, 157, 56, 245, 188, 182, 218, 33, 16, 255, 243, 210, 205, 12, 19, 236, 95, 151, 68, 23, 196, 167, 126, 61, 100, 93, 25, 115, 96, 129, 79, 220, 34, 42, 144, 136, 70, 238, 184, 20, 222, 94, 11, 219, 224, 50, 58, 10, 73, 6, 36, 92, 194, 211, 172, 98, 145, 149, 228, 121, 231, 200, 55, 109, 141, 213, 78, 169, 108, 86, 244, 234, 101, 122, 174, 8, 186, 120, 37, 46, 28, 166, 180, 198, 232, 221, 116, 31, 75, 189, 139, 138, 112, 62, 181, 102, 72, 3, 246, 14, 97, 53, 87, 185, 134, 193, 29, 158, 225, 248, 152, 17, 105, 217, 142, 148, 155, 30, 135, 233, 206, 85, 40, 223, 140, 161, 137, 13, 191, 230, 66, 104, 65, 153, 45, 15, 176, 84, 187, 22, 

Нелінійність  = 112 

Алгебраїчний імунітет  = 2 

Дельта-рівномірність  = 4 

Лінійна збитковість = 255 



99, 124, 119, 123, 242, 107, 111, 197, 48, 1, 103, 43, 254, 215, 171, 118, 202, 130, 201, 125, 250, 89, 71, 240, 173, 212, 162, 175, 156, 164, 114, 192, 183, 253, 147, 38, 54, 63, 204, 247, 52, 165, 229, 241, 113, 216, 49, 21, 4, 199, 35, 195, 24, 150, 5, 154, 7, 18, 128, 226, 235, 39, 178, 117, 9, 131, 44, 26, 27, 110, 90, 160, 82, 59, 214, 179, 41, 227, 47, 132, 83, 209, 0, 237, 32, 252, 177, 91, 106, 203, 190, 57, 74, 76, 88, 207, 208, 239, 170, 251, 67, 77, 51, 133, 69, 249, 2, 127, 80, 60, 159, 168, 81, 163, 64, 143, 146, 157, 56, 245, 188, 182, 218, 33, 16, 255, 243, 210, 205, 12, 19, 236, 95, 151, 68, 23, 196, 167, 126, 61, 100, 93, 25, 115, 96, 129, 79, 220, 34, 42, 144, 136, 70, 238, 184, 20, 222, 94, 11, 219, 224, 50, 58, 10, 73, 6, 36, 92, 194, 211, 172, 98, 145, 149, 228, 121, 231, 200, 55, 109, 141, 213, 78, 169, 108, 86, 244, 234, 101, 122, 174, 8, 186, 120, 37, 46, 28, 166, 180, 198, 232, 221, 116, 31, 75, 189, 139, 138, 112, 62, 181, 102, 72, 3, 246, 14, 97, 53, 87, 185, 134, 193, 29, 158, 225, 248, 152, 17, 105, 217, 142, 148, 155, 30, 135, 233, 206, 85, 40, 223, 140, 161, 137, 13, 191, 230, 66, 104, 65, 153, 45, 15, 176, 84, 187, 22, 

Нелінійність  = 110 

Алгебраїчний імунітет  = 2 

Дельта-рівномірність  = 6 

Лінійна збитковість = 126 



99, 124, 119, 123, 242, 107, 111, 202, 80, 1, 103, 43, 254, 215, 171, 118, 197, 235, 201, 92, 250, 89, 71, 240, 173, 212, 224, 175, 156, 164, 114, 192, 183, 253, 48, 38, 54, 4, 63, 19, 52, 165, 229, 241, 113, 216, 49, 142, 145, 199, 35, 195, 24, 150, 5, 154, 7, 18, 128, 226, 130, 39, 178, 117, 9, 131, 44, 26, 27, 110, 90, 160, 82, 59, 214, 179, 41, 227, 47, 132, 83, 209, 0, 237, 32, 252, 177, 91, 106, 203, 190, 57, 74, 76, 88, 207, 208, 187, 170, 251, 67, 77, 51, 133, 69, 249, 2, 127, 147, 60, 159, 168, 81, 163, 64, 143, 146, 157, 56, 245, 188, 182, 218, 33, 16, 255, 243, 210, 205, 12, 220, 236, 95, 151, 68, 23, 196, 167, 126, 61, 100, 93, 25, 115, 96, 129, 79, 247, 34, 42, 144, 136, 70, 238, 184, 20, 222, 94, 11, 219, 15, 50, 58, 10, 73, 6, 36, 125, 194, 211, 172, 98, 239, 149, 228, 121, 231, 200, 55, 109, 141, 213, 78, 169, 108, 86, 244, 234, 101, 122, 174, 8, 186, 120, 37, 46, 28, 166, 180, 198, 232, 221, 116, 31, 75, 189, 139, 138, 112, 62, 181, 102, 72, 3, 246, 14, 97, 53, 87, 185, 134, 193, 29, 158, 225, 248, 152, 17, 105, 217, 21, 148, 155, 30, 135, 233, 206, 85, 40, 223, 140, 161, 137, 13, 191, 230, 66, 104, 65, 153, 45, 162, 176, 84, 204, 22, 

Нелінійність  = 104 

Алгебраїчний імунітет  = 2 

Дельта-рівномірність  = 8 

Лінійна збитковість = 0 



99, 124, 119, 140, 242, 107, 57, 197, 192, 1, 103, 249, 254, 215, 126, 118, 202, 68, 201, 75, 250, 89, 71, 240, 173, 212, 162, 175, 156, 164, 102, 48, 178, 253, 147, 151, 234, 63, 24, 207, 52, 10, 229, 241, 113, 183, 217, 21, 4, 199, 35, 195, 17, 150, 5, 154, 7, 18, 128, 226, 235, 39, 216, 117, 9, 131, 44, 26, 27, 110, 90, 160, 82, 59, 214, 179, 41, 227, 47, 132, 83, 209, 0, 237, 32, 252, 177, 91, 106, 203, 190, 111, 74, 76, 88, 123, 208, 239, 170, 251, 67, 77, 51, 133, 69, 43, 2, 127, 80, 60, 159, 168, 81, 163, 64, 143, 146, 157, 56, 245, 188, 182, 218, 33, 16, 255, 243, 210, 205, 12, 19, 236, 95, 38, 130, 23, 196, 167, 171, 61, 100, 93, 25, 115, 96, 129, 79, 220, 34, 42, 144, 136, 70, 238, 184, 20, 222, 94, 11, 219, 224, 50, 58, 165, 73, 6, 36, 92, 194, 211, 172, 98, 145, 149, 228, 121, 231, 200, 55, 109, 141, 213, 78, 169, 108, 86, 244, 54, 101, 122, 174, 8, 186, 120, 37, 46, 28, 166, 180, 198, 232, 221, 116, 31, 125, 189, 139, 138, 112, 62, 181, 114, 72, 3, 246, 14, 97, 53, 87, 185, 134, 193, 29, 158, 225, 248, 152, 13, 105, 49, 142, 148, 155, 30, 135, 233, 206, 85, 40, 223, 66, 161, 137, 104, 191, 230, 15, 204, 65, 153, 45, 247, 176, 84, 187, 22, 

Нелінійність  = 102 

Алгебраїчний імунітет  = 3 

Дельта-рівномірність  = 10 

Лінійна збитковість = 0 



99, 124, 119, 123, 242, 107, 57, 201, 130, 1, 103, 43, 254, 72, 171, 112, 202, 48, 129, 125, 250, 89, 71, 240, 173, 212, 162, 21, 156, 44, 114, 192, 105, 253, 147, 38, 54, 31, 208, 244, 52, 187, 229, 249, 113, 216, 15, 175, 4, 199, 35, 195, 24, 150, 5, 154, 7, 18, 128, 226, 235, 39, 178, 117, 9, 131, 164, 26, 27, 110, 90, 160, 82, 59, 214, 179, 41, 227, 47, 132, 83, 209, 0, 237, 32, 252, 177, 91, 165, 203, 190, 111, 74, 76, 88, 207, 20, 239, 170, 251, 67, 77, 51, 133, 69, 241, 2, 127, 80, 60, 159, 168, 81, 163, 64, 143, 146, 157, 56, 245, 188, 182, 218, 33, 16, 255, 243, 210, 205, 12, 19, 236, 95, 151, 68, 23, 196, 167, 126, 61, 100, 93, 25, 115, 96, 197, 79, 220, 34, 42, 144, 136, 70, 238, 184, 17, 222, 94, 11, 219, 224, 50, 58, 10, 73, 6, 36, 92, 194, 211, 172, 98, 145, 149, 228, 121, 231, 200, 55, 109, 141, 213, 78, 169, 108, 86, 37, 234, 101, 122, 174, 8, 186, 120, 198, 46, 28, 166, 180, 102, 232, 221, 116, 63, 75, 189, 139, 138, 118, 62, 181, 185, 215, 3, 246, 14, 97, 53, 87, 217, 134, 193, 29, 158, 225, 248, 152, 230, 183, 49, 142, 148, 155, 30, 135, 233, 206, 85, 40, 223, 140, 161, 137, 13, 191, 104, 66, 176, 65, 153, 45, 247, 84, 22, 106, 204, 

Нелінійність  = 100 

Алгебраїчний імунітет  = 3 

Дельта-рівномірність  = 8 

Лінійна збитковість = 0 



99, 124, 119, 123, 242, 81, 57, 202, 48, 84, 103, 26, 254, 21, 171, 118, 197, 68, 201, 125, 250, 89, 34, 240, 173, 233, 162, 175, 156, 164, 114, 192, 105, 253, 15, 38, 54, 63, 6, 79, 52, 165, 229, 241, 113, 216, 49, 142, 209, 199, 35, 195, 24, 150, 5, 154, 7, 18, 128, 226, 235, 39, 178, 117, 9, 131, 44, 43, 27, 110, 90, 160, 82, 59, 214, 179, 41, 227, 47, 132, 83, 4, 0, 237, 32, 252, 177, 91, 106, 203, 190, 111, 74, 76, 88, 207, 208, 239, 170, 251, 67, 77, 51, 133, 69, 249, 2, 127, 80, 60, 159, 168, 107, 163, 64, 143, 146, 157, 56, 245, 188, 182, 218, 33, 16, 255, 243, 210, 205, 12, 19, 236, 95, 151, 130, 23, 196, 167, 126, 61, 100, 93, 25, 115, 96, 129, 194, 220, 71, 42, 144, 136, 70, 238, 184, 20, 222, 94, 11, 219, 224, 50, 58, 10, 73, 225, 36, 92, 189, 211, 172, 98, 145, 149, 228, 121, 231, 200, 55, 109, 141, 213, 78, 169, 108, 86, 244, 234, 101, 122, 174, 8, 186, 120, 37, 46, 28, 166, 180, 198, 232, 221, 116, 31, 75, 230, 139, 138, 112, 62, 181, 102, 72, 3, 246, 14, 97, 53, 87, 185, 134, 193, 29, 158, 148, 248, 152, 17, 183, 217, 215, 155, 191, 30, 135, 212, 206, 85, 40, 223, 140, 161, 137, 13, 204, 147, 66, 104, 65, 153, 45, 22, 176, 1, 187, 247, 

Нелінійність  = 100 

Алгебраїчний імунітет  = 3 

Дельта-рівномірність  = 8 

Лінійна збитковість = 0 



122, 124, 119, 123, 242, 107, 36, 197, 48, 1, 103, 155, 254, 215, 171, 186, 62, 130, 201, 125, 250, 89, 221, 240, 173, 212, 162, 175, 133, 164, 114, 192, 183, 253, 147, 38, 54, 63, 134, 227, 52, 165, 229, 141, 113, 187, 49, 21, 216, 199, 35, 195, 24, 150, 5, 154, 7, 18, 128, 226, 235, 39, 178, 117, 9, 131, 44, 26, 27, 110, 90, 160, 82, 59, 214, 179, 41, 97, 47, 132, 83, 209, 0, 237, 32, 252, 177, 91, 106, 203, 190, 57, 74, 76, 88, 207, 208, 239, 170, 251, 67, 77, 51, 156, 69, 249, 2, 127, 80, 60, 159, 168, 81, 163, 64, 143, 146, 157, 56, 245, 188, 182, 218, 33, 16, 255, 243, 210, 205, 12, 19, 236, 95, 151, 68, 23, 196, 167, 126, 61, 100, 93, 25, 115, 96, 129, 4, 220, 34, 42, 144, 136, 70, 238, 184, 20, 222, 94, 11, 219, 224, 50, 58, 10, 73, 6, 111, 92, 194, 211, 172, 98, 145, 149, 228, 121, 231, 200, 55, 109, 241, 213, 78, 169, 108, 86, 244, 234, 101, 99, 174, 8, 118, 120, 37, 46, 28, 166, 180, 198, 232, 71, 116, 31, 75, 189, 139, 138, 112, 202, 181, 102, 72, 3, 246, 14, 193, 53, 87, 185, 79, 29, 148, 158, 225, 248, 152, 17, 105, 217, 142, 137, 43, 30, 135, 233, 206, 85, 40, 223, 140, 161, 153, 13, 191, 230, 66, 104, 65, 22, 45, 15, 176, 84, 204, 247, 

Нелінійність  = 98 

Алгебраїчний імунітет  = 2 

Дельта-рівномірність  = 10 

Лінійна збитковість = 0 



122, 255, 133, 125, 241, 204, 218, 33, 145, 215, 1, 159, 200, 190, 76, 48, 211, 184, 178, 61, 68, 8, 172, 118, 222, 154, 84, 210, 193, 56, 105, 175, 127, 249, 53, 96, 207, 185, 247, 187, 34, 134, 35, 183, 129, 194, 166, 243, 179, 65, 46, 36, 81, 208, 192, 69, 113, 117, 149, 225, 83, 39, 132, 197, 90, 5, 119, 102, 167, 80, 253, 37, 18, 23, 6, 73, 77, 22, 227, 99, 108, 124, 63, 32, 94, 251, 97, 100, 11, 147, 162, 19, 0, 242, 152, 24, 245, 109, 173, 72, 177, 223, 51, 38, 135, 216, 142, 40, 202, 57, 75, 201, 199, 74, 236, 31, 136, 47, 110, 168, 219, 21, 114, 87, 244, 181, 254, 64, 146, 188, 2, 92, 42, 121, 186, 155, 115, 16, 9, 198, 232, 25, 66, 41, 174, 176, 62, 13, 189, 49, 101, 111, 137, 164, 230, 248, 98, 148, 156, 91, 220, 10, 59, 67, 214, 52, 7, 79, 126, 107, 213, 45, 93, 191, 171, 224, 206, 85, 158, 50, 238, 29, 106, 252, 229, 195, 180, 112, 240, 95, 234, 153, 237, 104, 26, 20, 239, 58, 89, 71, 70, 88, 169, 143, 161, 139, 203, 228, 123, 233, 120, 196, 27, 163, 205, 246, 151, 130, 128, 165, 60, 30, 209, 212, 141, 250, 157, 226, 4, 140, 217, 116, 170, 54, 103, 15, 235, 12, 182, 43, 150, 221, 14, 231, 17, 3, 138, 55, 78, 44, 86, 160, 28, 144, 131, 82, 

Нелінійність  = 96 

Алгебраїчний імунітет  = 3 

Дельта-рівномірність  = 14 

Лінійна збитковість = 0 



122, 255, 133, 125, 241, 204, 218, 33, 145, 215, 1, 159, 200, 190, 76, 48, 211, 184, 178, 61, 68, 8, 172, 118, 222, 154, 84, 210, 193, 56, 105, 175, 127, 249, 53, 96, 207, 185, 247, 187, 34, 134, 35, 183, 129, 194, 166, 243, 179, 65, 46, 36, 81, 208, 192, 69, 113, 117, 149, 225, 83, 39, 132, 197, 90, 5, 119, 102, 167, 80, 253, 37, 18, 23, 6, 73, 77, 22, 227, 99, 108, 124, 63, 32, 94, 251, 97, 100, 11, 147, 162, 19, 0, 242, 152, 24, 245, 109, 173, 72, 177, 223, 51, 38, 135, 216, 142, 40, 202, 57, 75, 201, 199, 74, 236, 31, 136, 47, 110, 168, 219, 21, 114, 87, 244, 181, 254, 64, 146, 188, 2, 92, 42, 121, 186, 155, 115, 16, 9, 198, 232, 25, 66, 41, 174, 176, 62, 13, 189, 49, 101, 111, 137, 164, 230, 248, 98, 148, 156, 91, 220, 10, 59, 67, 214, 52, 7, 79, 126, 107, 213, 45, 93, 191, 171, 224, 206, 85, 158, 50, 238, 29, 106, 252, 229, 195, 180, 112, 240, 95, 234, 153, 237, 104, 26, 20, 239, 58, 89, 71, 70, 88, 169, 143, 161, 139, 203, 228, 123, 233, 120, 196, 27, 163, 205, 246, 151, 130, 128, 165, 60, 30, 209, 212, 141, 250, 157, 226, 4, 140, 217, 116, 170, 54, 103, 15, 235, 12, 182, 43, 150, 221, 14, 231, 17, 3, 138, 55, 78, 44, 86, 160, 28, 144, 131, 82, 

Нелінійність  = 96 

Алгебраїчний імунітет  = 3 

Дельта-рівномірність  = 14 

Лінійна збитковість = 0 



124, 43, 223, 49, 76, 148, 91, 232, 65, 155, 213, 171, 229, 234, 185, 126, 253, 75, 27, 144, 33, 142, 55, 237, 143, 125, 72, 243, 202, 96, 191, 197, 225, 80, 178, 120, 90, 194, 103, 87, 242, 174, 128, 217, 209, 16, 200, 192, 123, 130, 11, 196, 150, 212, 182, 28, 42, 6, 249, 149, 30, 68, 57, 231, 29, 110, 172, 215, 146, 132, 203, 168, 20, 85, 218, 169, 254, 184, 32, 1, 164, 60, 220, 163, 67, 183, 193, 53, 211, 56, 36, 77, 139, 51, 10, 118, 116, 45, 31, 24, 83, 39, 44, 239, 62, 95, 34, 48, 112, 151, 166, 15, 66, 175, 105, 177, 18, 117, 235, 156, 206, 159, 160, 241, 119, 250, 106, 188, 7, 13, 226, 136, 141, 162, 109, 5, 176, 73, 12, 52, 251, 104, 22, 64, 79, 86, 181, 82, 161, 247, 70, 46, 224, 233, 99, 122, 227, 41, 214, 158, 100, 38, 94, 93, 154, 61, 240, 81, 186, 0, 205, 74, 59, 238, 54, 138, 165, 198, 207, 89, 63, 17, 208, 244, 47, 199, 26, 246, 88, 121, 2, 19, 216, 222, 107, 14, 236, 25, 140, 204, 9, 190, 131, 157, 147, 195, 35, 170, 228, 187, 3, 210, 101, 127, 189, 98, 173, 58, 21, 133, 69, 102, 71, 40, 135, 180, 111, 97, 167, 230, 115, 201, 4, 255, 129, 252, 92, 221, 113, 50, 8, 134, 245, 153, 37, 179, 145, 219, 248, 23, 152, 84, 137, 108, 78, 114, 

Нелінійність  = 96 

Алгебраїчний імунітет  = 3 

Дельта-рівномірність  = 10 

Лінійна збитковість = 0 



122, 255, 133, 125, 241, 204, 218, 33, 145, 215, 1, 159, 200, 190, 76, 48, 211, 184, 178, 61, 68, 8, 172, 118, 222, 154, 84, 210, 193, 56, 105, 175, 127, 249, 53, 96, 207, 185, 247, 187, 34, 134, 35, 183, 129, 194, 166, 243, 179, 65, 46, 36, 81, 208, 192, 69, 113, 117, 149, 225, 83, 39, 132, 197, 90, 5, 119, 102, 167, 80, 253, 37, 18, 23, 6, 73, 77, 22, 227, 99, 108, 124, 63, 32, 94, 251, 97, 100, 11, 147, 162, 19, 0, 242, 152, 24, 245, 109, 173, 72, 177, 223, 51, 38, 135, 216, 142, 40, 202, 57, 75, 201, 199, 74, 236, 31, 136, 47, 110, 168, 219, 21, 114, 87, 244, 181, 254, 64, 146, 188, 2, 92, 42, 121, 186, 155, 115, 16, 9, 198, 232, 25, 66, 41, 174, 176, 62, 13, 189, 49, 101, 111, 137, 164, 230, 248, 98, 148, 156, 91, 220, 10, 59, 67, 214, 52, 7, 79, 126, 107, 213, 45, 93, 191, 171, 224, 206, 85, 158, 50, 238, 29, 106, 252, 229, 195, 180, 112, 240, 95, 234, 153, 237, 104, 26, 20, 239, 58, 89, 71, 70, 88, 169, 143, 161, 139, 203, 228, 123, 233, 120, 196, 27, 163, 205, 246, 151, 130, 128, 165, 60, 30, 209, 212, 141, 250, 157, 226, 4, 140, 217, 116, 170, 54, 103, 15, 235, 12, 182, 43, 150, 221, 14, 231, 17, 3, 138, 55, 78, 44, 86, 160, 28, 144, 131, 82, 

Нелінійність  = 96 

Алгебраїчний імунітет  = 3 

Дельта-рівномірність  = 14 

Лінійна збитковість = 0 



106, 161, 123, 124, 242, 135, 142, 151, 76, 62, 75, 66, 239, 208, 145, 99, 205, 146, 195, 107, 199, 67, 100, 206, 187, 196, 141, 185, 167, 134, 112, 188, 168, 252, 121, 55, 98, 231, 247, 200, 47, 157, 175, 225, 118, 210, 82, 84, 54, 162, 39, 46, 41, 105, 58, 131, 37, 29, 26, 226, 193, 4, 166, 140, 32, 96, 6, 48, 11, 102, 136, 126, 64, 49, 156, 150, 52, 170, 147, 108, 91, 186, 18, 180, 50, 169, 155, 94, 80, 113, 183, 119, 201, 68, 132, 152, 219, 203, 171, 137, 95, 27, 51, 1, 88, 240, 42, 103, 115, 60, 35, 178, 174, 138, 197, 234, 144, 127, 72, 224, 164, 246, 189, 153, 81, 235, 204, 83, 93, 255, 15, 8, 251, 143, 110, 61, 9, 125, 192, 130, 73, 74, 233, 13, 0, 43, 59, 222, 78, 44, 212, 129, 89, 218, 253, 85, 148, 2, 14, 176, 223, 194, 160, 30, 217, 19, 28, 79, 104, 182, 184, 65, 97, 220, 139, 36, 77, 238, 165, 45, 245, 190, 86, 221, 101, 117, 241, 69, 209, 191, 38, 133, 10, 116, 34, 25, 5, 181, 114, 163, 63, 24, 173, 3, 154, 22, 158, 33, 122, 111, 230, 213, 232, 17, 248, 87, 244, 254, 227, 243, 120, 179, 236, 21, 202, 249, 216, 16, 56, 31, 57, 177, 109, 207, 70, 172, 215, 12, 149, 92, 159, 237, 20, 250, 128, 198, 211, 90, 214, 40, 71, 229, 7, 23, 53, 228, 

Нелінійність  = 96 

Алгебраїчний імунітет  = 3 

Дельта-рівномірність  = 12 

Лінійна збитковість = 0 



99, 92, 87, 149, 175, 94, 139, 165, 35, 68, 93, 95, 205, 206, 141, 132, 198, 103, 155, 115, 214, 107, 53, 225, 163, 253, 162, 158, 171, 174, 140, 180, 185, 197, 154, 91, 64, 88, 195, 170, 49, 143, 208, 219, 126, 187, 46, 66, 84, 159, 86, 212, 71, 130, 67, 177, 62, 78, 117, 216, 11, 97, 55, 40, 79, 129, 31, 48, 27, 150, 121, 109, 102, 72, 173, 184, 123, 200, 56, 190, 125, 182, 36, 210, 37, 237, 193, 136, 24, 191, 213, 90, 70, 75, 239, 202, 204, 249, 7, 252, 57, 60, 44, 116, 189, 148, 231, 6, 82, 80, 14, 122, 69, 181, 114, 113, 111, 58, 51, 247, 135, 228, 172, 81, 76, 188, 192, 160, 21, 118, 19, 29, 243, 142, 28, 63, 156, 153, 167, 209, 108, 147, 85, 34, 236, 221, 138, 15, 50, 201, 137, 183, 240, 178, 169, 89, 124, 98, 38, 96, 134, 74, 168, 59, 233, 73, 234, 215, 179, 229, 152, 42, 54, 235, 120, 3, 199, 33, 255, 145, 52, 217, 22, 12, 18, 43, 211, 194, 2, 227, 246, 220, 232, 0, 207, 77, 244, 17, 61, 245, 133, 16, 10, 166, 83, 128, 241, 112, 23, 45, 110, 104, 119, 26, 105, 13, 248, 127, 131, 100, 161, 106, 30, 41, 176, 218, 32, 164, 242, 226, 20, 196, 1, 146, 223, 101, 224, 203, 39, 230, 250, 251, 65, 8, 254, 9, 151, 222, 186, 238, 47, 4, 144, 25, 157, 5, 

Нелінійність  = 96 

Алгебраїчний імунітет  = 3 

Дельта-рівномірність  = 10 

Лінійна збитковість = 0 



74, 111, 135, 115, 198, 136, 85, 199, 58, 65, 24, 59, 208, 192, 188, 55, 174, 157, 161, 158, 226, 68, 106, 185, 152, 196, 160, 141, 131, 171, 108, 173, 114, 227, 110, 45, 98, 233, 245, 193, 90, 150, 202, 100, 13, 224, 37, 25, 50, 215, 57, 153, 87, 42, 60, 181, 43, 54, 223, 211, 239, 79, 194, 116, 7, 95, 80, 63, 31, 147, 121, 144, 119, 66, 225, 23, 46, 172, 101, 138, 124, 236, 8, 249, 75, 247, 180, 88, 143, 197, 187, 94, 217, 89, 102, 176, 206, 69, 125, 162, 120, 82, 220, 126, 41, 242, 17, 128, 118, 76, 40, 122, 28, 129, 83, 34, 209, 167, 183, 219, 107, 182, 228, 36, 26, 221, 238, 214, 204, 19, 18, 48, 81, 93, 103, 9, 72, 70, 148, 47, 210, 86, 38, 91, 112, 99, 170, 222, 254, 253, 117, 146, 92, 186, 191, 33, 14, 200, 190, 39, 165, 56, 16, 179, 84, 30, 127, 237, 73, 205, 201, 77, 137, 244, 164, 207, 139, 0, 123, 163, 78, 140, 166, 168, 1, 96, 240, 133, 156, 252, 132, 44, 71, 149, 10, 52, 255, 159, 53, 6, 203, 49, 213, 12, 27, 5, 230, 195, 154, 251, 4, 250, 155, 51, 145, 22, 21, 105, 178, 184, 151, 177, 169, 134, 3, 218, 234, 109, 15, 243, 231, 175, 61, 241, 20, 11, 212, 64, 235, 246, 130, 29, 2, 248, 229, 62, 232, 67, 113, 189, 216, 142, 32, 35, 104, 97, 

Нелінійність  = 96 

Алгебраїчний імунітет  = 3 

Дельта-рівномірність  = 10 

Лінійна збитковість = 0 



118, 150, 124, 99, 208, 82, 101, 192, 95, 15, 117, 33, 195, 186, 189, 146, 179, 133, 147, 91, 201, 90, 121, 211, 120, 212, 127, 143, 22, 142, 140, 193, 185, 232, 125, 47, 52, 111, 215, 190, 45, 183, 222, 176, 128, 157, 64, 156, 18, 61, 31, 180, 85, 162, 56, 58, 41, 54, 100, 126, 174, 66, 12, 123, 73, 166, 50, 161, 75, 1, 137, 207, 71, 205, 184, 170, 72, 216, 106, 102, 84, 173, 253, 191, 87, 226, 159, 119, 129, 198, 164, 98, 62, 4, 168, 165, 217, 214, 181, 220, 110, 116, 68, 113, 53, 209, 17, 135, 109, 114, 247, 255, 93, 200, 78, 177, 134, 131, 69, 0, 171, 242, 218, 144, 67, 238, 5, 6, 196, 43, 80, 23, 30, 163, 19, 63, 250, 9, 79, 223, 77, 248, 57, 26, 92, 115, 88, 39, 60, 74, 141, 225, 40, 194, 229, 152, 213, 231, 148, 108, 241, 49, 59, 25, 20, 237, 221, 104, 204, 188, 96, 65, 155, 175, 76, 94, 206, 230, 103, 13, 224, 199, 36, 151, 24, 122, 112, 44, 89, 234, 149, 167, 8, 145, 235, 130, 29, 187, 169, 160, 70, 239, 244, 86, 28, 243, 97, 182, 136, 178, 105, 233, 10, 48, 34, 16, 228, 154, 132, 32, 55, 138, 219, 38, 37, 252, 240, 197, 236, 42, 153, 51, 11, 21, 254, 210, 27, 81, 172, 14, 7, 251, 249, 107, 202, 246, 46, 83, 139, 35, 203, 3, 2, 245, 227, 158, 

Нелінійність  = 96 

Алгебраїчний імунітет  = 3 

Дельта-рівномірність  = 14 

Лінійна збитковість = 0 



86, 108, 147, 142, 226, 126, 192, 195, 213, 224, 99, 69, 237, 173, 116, 232, 66, 85, 137, 32, 139, 185, 0, 53, 164, 73, 57, 176, 230, 46, 127, 151, 5, 95, 157, 210, 37, 198, 246, 90, 80, 172, 168, 250, 211, 4, 233, 218, 56, 184, 109, 106, 197, 84, 146, 36, 215, 67, 200, 245, 130, 220, 180, 162, 70, 42, 181, 160, 203, 131, 148, 52, 204, 207, 171, 89, 23, 105, 155, 51, 62, 136, 88, 122, 83, 229, 107, 71, 143, 2, 38, 132, 94, 156, 47, 82, 112, 214, 26, 134, 31, 50, 118, 59, 54, 78, 202, 149, 161, 252, 187, 87, 12, 115, 212, 254, 209, 206, 154, 167, 188, 205, 242, 253, 3, 125, 24, 58, 79, 219, 49, 186, 123, 169, 101, 63, 159, 72, 93, 129, 55, 17, 128, 44, 193, 15, 28, 191, 102, 238, 121, 225, 81, 236, 221, 150, 30, 228, 8, 170, 135, 41, 174, 68, 40, 199, 182, 234, 117, 20, 61, 111, 183, 100, 231, 43, 166, 18, 48, 21, 163, 243, 64, 7, 39, 239, 113, 11, 96, 140, 60, 248, 34, 201, 124, 33, 175, 22, 189, 14, 196, 144, 65, 241, 75, 6, 223, 97, 178, 92, 152, 217, 45, 74, 141, 1, 244, 91, 29, 16, 194, 177, 235, 9, 77, 13, 190, 249, 110, 25, 255, 208, 27, 120, 103, 138, 98, 227, 114, 76, 158, 216, 119, 133, 179, 240, 251, 35, 145, 153, 19, 247, 104, 222, 10, 165, 

Нелінійність  = 96 

Алгебраїчний імунітет  = 3 

Дельта-рівномірність  = 12 

Лінійна збитковість = 0 



155, 161, 153, 108, 210, 110, 140, 197, 235, 55, 124, 41, 242, 189, 209, 132, 146, 0, 202, 122, 243, 174, 114, 213, 198, 62, 147, 180, 179, 96, 128, 187, 222, 103, 97, 93, 50, 233, 207, 159, 95, 126, 236, 77, 72, 177, 195, 13, 46, 251, 79, 171, 86, 145, 33, 100, 98, 83, 134, 109, 238, 101, 206, 182, 229, 152, 89, 60, 99, 118, 92, 8, 28, 87, 39, 170, 102, 218, 113, 186, 157, 158, 44, 250, 217, 252, 205, 112, 144, 2, 185, 151, 36, 226, 61, 212, 241, 131, 68, 228, 232, 137, 40, 30, 166, 64, 76, 150, 245, 69, 208, 173, 63, 223, 225, 11, 148, 57, 53, 85, 165, 249, 201, 135, 43, 91, 81, 1, 35, 90, 248, 75, 120, 163, 82, 67, 111, 193, 84, 106, 167, 141, 199, 48, 220, 104, 255, 4, 59, 34, 175, 203, 107, 231, 127, 211, 188, 26, 52, 56, 3, 190, 16, 172, 204, 168, 240, 239, 164, 42, 254, 143, 176, 139, 65, 23, 119, 47, 191, 121, 12, 7, 116, 38, 156, 54, 192, 196, 10, 9, 17, 184, 25, 29, 149, 73, 51, 78, 105, 80, 237, 142, 74, 22, 138, 14, 216, 70, 117, 227, 129, 49, 154, 160, 133, 21, 221, 15, 215, 200, 246, 214, 125, 178, 169, 20, 27, 45, 66, 31, 19, 37, 247, 88, 71, 244, 32, 234, 5, 162, 181, 130, 224, 18, 230, 115, 58, 123, 183, 94, 24, 194, 136, 6, 253, 219, 

Нелінійність  = 96 

Алгебраїчний імунітет  = 3 

Дельта-рівномірність  = 10 

Лінійна збитковість = 0 



102, 149, 171, 92, 202, 108, 84, 192, 91, 47, 165, 58, 205, 41, 162, 148, 167, 133, 214, 146, 19, 100, 150, 0, 186, 234, 182, 179, 194, 166, 125, 217, 145, 209, 184, 55, 83, 212, 178, 51, 116, 181, 228, 200, 143, 219, 68, 66, 42, 206, 76, 208, 78, 159, 72, 138, 9, 45, 120, 251, 197, 67, 207, 235, 27, 221, 173, 128, 176, 98, 137, 24, 168, 59, 198, 225, 89, 106, 114, 158, 132, 245, 75, 122, 82, 226, 253, 239, 222, 201, 142, 26, 118, 2, 123, 230, 63, 218, 185, 249, 111, 163, 141, 157, 33, 172, 36, 151, 81, 193, 131, 191, 97, 127, 71, 104, 160, 130, 183, 213, 32, 229, 189, 94, 243, 5, 119, 10, 50, 113, 252, 57, 135, 60, 69, 61, 231, 188, 37, 13, 117, 241, 12, 242, 107, 248, 115, 177, 4, 224, 65, 246, 175, 95, 227, 1, 232, 199, 44, 77, 79, 21, 164, 236, 238, 204, 22, 49, 25, 210, 88, 180, 140, 3, 237, 64, 48, 155, 255, 136, 39, 52, 74, 240, 223, 161, 14, 250, 96, 134, 109, 156, 86, 169, 124, 87, 121, 54, 196, 11, 93, 101, 8, 152, 139, 23, 6, 99, 187, 129, 215, 53, 244, 126, 17, 40, 28, 254, 20, 216, 203, 31, 46, 56, 16, 144, 153, 29, 233, 110, 190, 7, 170, 85, 30, 62, 73, 220, 195, 174, 90, 43, 154, 18, 247, 34, 103, 70, 15, 38, 105, 211, 147, 80, 35, 112, 

Нелінійність  = 96 

Алгебраїчний імунітет  = 3 

Дельта-рівномірність  = 10 

Лінійна збитковість = 0 



104, 130, 132, 127, 226, 108, 121, 157, 113, 79, 159, 105, 228, 203, 174, 147, 211, 156, 171, 155, 240, 97, 30, 213, 137, 181, 169, 200, 98, 160, 111, 202, 185, 198, 150, 86, 107, 83, 2, 204, 89, 164, 232, 124, 140, 173, 194, 65, 64, 199, 54, 209, 78, 176, 40, 143, 44, 46, 182, 236, 193, 31, 63, 32, 91, 96, 87, 9, 43, 17, 110, 20, 90, 34, 245, 250, 158, 183, 93, 135, 222, 191, 57, 208, 74, 207, 161, 254, 246, 101, 178, 5, 114, 0, 221, 153, 99, 241, 118, 122, 233, 77, 48, 146, 53, 92, 218, 192, 205, 13, 82, 106, 120, 1, 165, 84, 195, 212, 76, 166, 61, 187, 3, 49, 197, 71, 73, 154, 229, 51, 217, 60, 35, 12, 149, 237, 139, 119, 167, 116, 223, 70, 219, 37, 24, 168, 235, 102, 28, 180, 247, 220, 45, 72, 152, 126, 175, 131, 231, 68, 201, 248, 170, 141, 243, 56, 109, 151, 15, 184, 252, 23, 189, 238, 224, 27, 112, 22, 50, 179, 39, 115, 67, 55, 88, 136, 16, 138, 125, 80, 38, 66, 214, 100, 33, 244, 186, 4, 14, 128, 234, 26, 129, 62, 75, 142, 47, 172, 58, 19, 255, 251, 145, 148, 69, 85, 103, 225, 216, 42, 18, 239, 7, 6, 59, 123, 196, 117, 133, 36, 94, 52, 134, 144, 11, 249, 81, 215, 188, 210, 25, 8, 29, 162, 21, 95, 190, 10, 242, 253, 230, 163, 41, 206, 177, 227, 

Нелінійність  = 96 

Алгебраїчний імунітет  = 3 

Дельта-рівномірність  = 12 

Лінійна збитковість = 0 



113, 144, 131, 245, 219, 97, 120, 195, 130, 45, 116, 42, 214, 218, 177, 154, 172, 60, 162, 118, 207, 107, 95, 198, 140, 196, 153, 182, 123, 139, 135, 189, 165, 246, 93, 143, 53, 66, 138, 191, 52, 205, 171, 204, 137, 175, 87, 170, 49, 112, 106, 174, 92, 151, 61, 78, 8, 26, 122, 242, 184, 110, 72, 129, 57, 145, 70, 159, 84, 46, 156, 176, 9, 102, 192, 11, 101, 28, 104, 169, 83, 201, 71, 2, 103, 235, 158, 108, 228, 200, 81, 96, 1, 69, 252, 163, 202, 221, 117, 213, 41, 136, 75, 111, 34, 215, 133, 229, 226, 150, 222, 244, 80, 13, 115, 183, 149, 147, 187, 77, 178, 55, 250, 164, 76, 254, 232, 173, 125, 89, 90, 193, 58, 31, 237, 253, 37, 54, 5, 181, 206, 212, 63, 43, 15, 132, 79, 25, 17, 243, 141, 209, 247, 21, 220, 16, 32, 126, 100, 233, 155, 166, 65, 30, 64, 82, 186, 210, 216, 241, 109, 127, 59, 160, 4, 234, 208, 197, 85, 62, 152, 185, 50, 157, 3, 73, 142, 105, 248, 134, 7, 146, 51, 121, 179, 99, 190, 188, 128, 148, 12, 225, 18, 0, 38, 33, 48, 161, 36, 194, 119, 240, 255, 47, 19, 14, 231, 124, 6, 40, 239, 249, 24, 236, 199, 68, 98, 168, 238, 223, 167, 35, 251, 39, 211, 27, 227, 23, 230, 67, 22, 94, 217, 56, 180, 10, 44, 203, 114, 91, 86, 224, 29, 74, 20, 88, 

Нелінійність  = 96 

Алгебраїчний імунітет  = 3 

Дельта-рівномірність  = 10 

Лінійна збитковість = 0 



80, 60, 109, 91, 112, 105, 135, 184, 192, 29, 68, 70, 234, 185, 194, 162, 102, 86, 230, 153, 106, 140, 119, 61, 74, 98, 6, 224, 211, 71, 46, 141, 92, 249, 96, 55, 145, 147, 223, 136, 210, 146, 133, 51, 182, 201, 81, 103, 190, 110, 88, 165, 49, 158, 83, 219, 62, 236, 47, 7, 94, 166, 163, 197, 154, 85, 34, 168, 198, 167, 117, 131, 186, 107, 187, 177, 240, 101, 121, 69, 38, 76, 113, 21, 213, 200, 209, 245, 82, 160, 254, 237, 138, 130, 114, 73, 195, 251, 173, 116, 142, 22, 144, 214, 45, 255, 33, 95, 169, 228, 25, 208, 89, 13, 90, 10, 164, 77, 5, 67, 127, 152, 64, 57, 59, 161, 18, 242, 99, 191, 212, 205, 100, 32, 75, 174, 229, 39, 27, 23, 170, 181, 199, 238, 217, 196, 118, 218, 12, 233, 52, 206, 137, 155, 129, 148, 225, 172, 157, 11, 159, 123, 125, 16, 220, 56, 97, 1, 202, 24, 189, 216, 37, 44, 204, 54, 0, 179, 28, 156, 149, 115, 120, 20, 15, 79, 104, 250, 175, 66, 50, 26, 134, 42, 126, 150, 215, 183, 203, 9, 108, 239, 30, 188, 139, 17, 232, 151, 111, 36, 132, 128, 122, 84, 207, 40, 58, 65, 247, 143, 3, 78, 176, 253, 171, 231, 180, 227, 87, 93, 221, 53, 2, 248, 31, 41, 178, 222, 4, 246, 19, 35, 235, 48, 193, 14, 241, 252, 8, 72, 63, 226, 43, 243, 244, 124, 

Нелінійність  = 96 

Алгебраїчний імунітет  = 3 

Дельта-рівномірність  = 12 

Лінійна збитковість = 0 



34, 149, 188, 50, 211, 170, 133, 116, 115, 48, 154, 51, 141, 202, 199, 90, 87, 56, 156, 6, 120, 208, 209, 253, 88, 177, 130, 204, 94, 72, 159, 147, 214, 70, 164, 124, 174, 73, 61, 40, 183, 136, 110, 224, 32, 86, 78, 135, 137, 121, 82, 191, 173, 140, 60, 169, 232, 89, 59, 83, 102, 104, 101, 96, 178, 160, 11, 186, 81, 111, 31, 143, 80, 237, 46, 165, 179, 215, 118, 184, 114, 198, 196, 239, 99, 203, 200, 158, 151, 127, 113, 131, 47, 138, 250, 134, 181, 74, 142, 103, 112, 107, 44, 54, 41, 223, 13, 161, 210, 122, 109, 150, 148, 254, 98, 248, 255, 42, 192, 176, 71, 195, 222, 132, 76, 4, 225, 18, 172, 39, 97, 236, 126, 125, 155, 228, 240, 43, 15, 175, 36, 216, 182, 58, 79, 57, 75, 66, 49, 144, 238, 246, 139, 235, 28, 3, 33, 194, 25, 22, 85, 53, 37, 100, 221, 1, 218, 217, 189, 168, 105, 146, 123, 230, 245, 128, 234, 106, 220, 38, 8, 249, 69, 145, 17, 241, 10, 26, 14, 35, 213, 62, 63, 171, 12, 19, 52, 226, 23, 212, 21, 190, 233, 129, 219, 95, 117, 197, 20, 162, 7, 0, 206, 227, 185, 231, 84, 77, 163, 27, 68, 24, 205, 64, 16, 153, 207, 193, 119, 243, 45, 67, 242, 9, 91, 180, 251, 244, 55, 92, 166, 152, 5, 187, 252, 247, 30, 108, 157, 2, 167, 93, 201, 65, 29, 229, 

Нелінійність  = 96 

Алгебраїчний імунітет  = 3 

Дельта-рівномірність  = 12 

Лінійна збитковість = 0 



112, 154, 126, 121, 236, 127, 138, 170, 97, 48, 86, 123, 242, 206, 160, 109, 205, 153, 198, 227, 215, 84, 46, 213, 184, 9, 146, 219, 181, 147, 140, 188, 204, 251, 159, 55, 93, 201, 235, 207, 83, 183, 199, 232, 108, 231, 80, 69, 41, 173, 47, 180, 45, 54, 68, 145, 38, 44, 65, 197, 26, 161, 172, 137, 28, 115, 64, 85, 103, 106, 119, 133, 61, 114, 151, 25, 57, 189, 240, 95, 91, 187, 43, 200, 73, 142, 193, 96, 53, 120, 94, 174, 111, 58, 224, 87, 217, 216, 11, 195, 144, 116, 16, 135, 167, 221, 77, 113, 52, 7, 102, 27, 104, 157, 203, 210, 149, 150, 101, 226, 194, 136, 166, 164, 110, 19, 12, 168, 130, 202, 51, 220, 190, 182, 59, 118, 131, 29, 148, 60, 117, 105, 249, 107, 100, 209, 89, 35, 66, 2, 143, 132, 90, 124, 177, 32, 179, 1, 165, 178, 128, 243, 70, 196, 223, 228, 33, 185, 248, 245, 214, 139, 34, 63, 155, 76, 98, 218, 191, 56, 81, 238, 122, 171, 0, 20, 71, 192, 175, 237, 62, 72, 158, 31, 163, 152, 255, 22, 241, 74, 50, 67, 229, 3, 75, 39, 162, 134, 244, 250, 88, 49, 212, 176, 18, 234, 254, 36, 42, 13, 252, 129, 225, 10, 239, 169, 222, 230, 21, 30, 211, 141, 186, 17, 208, 37, 125, 92, 6, 253, 14, 82, 5, 233, 247, 246, 78, 23, 15, 40, 99, 8, 156, 79, 24, 4, 

Нелінійність  = 96 

Алгебраїчний імунітет  = 3 

Дельта-рівномірність  = 12 

Лінійна збитковість = 0 



126, 139, 128, 108, 212, 253, 132, 199, 208, 29, 104, 46, 235, 189, 186, 116, 205, 209, 145, 119, 234, 185, 121, 215, 179, 213, 144, 174, 167, 166, 113, 173, 193, 231, 149, 65, 96, 183, 87, 177, 91, 124, 4, 98, 69, 175, 109, 77, 24, 143, 72, 100, 68, 159, 20, 169, 82, 42, 131, 83, 229, 80, 182, 184, 26, 156, 62, 43, 76, 92, 86, 133, 61, 237, 74, 197, 23, 210, 51, 195, 115, 178, 63, 236, 206, 245, 201, 247, 250, 168, 14, 78, 110, 8, 107, 31, 214, 230, 16, 129, 127, 118, 32, 137, 7, 164, 15, 66, 27, 172, 73, 56, 103, 196, 99, 148, 252, 94, 246, 135, 101, 251, 204, 106, 130, 211, 2, 160, 161, 36, 22, 112, 170, 176, 71, 47, 146, 200, 93, 59, 70, 58, 190, 249, 187, 5, 25, 105, 180, 6, 41, 12, 141, 248, 140, 155, 21, 147, 30, 120, 202, 88, 49, 28, 255, 37, 158, 217, 221, 194, 224, 152, 142, 117, 123, 181, 162, 150, 240, 90, 48, 242, 136, 238, 225, 95, 55, 97, 125, 53, 40, 114, 153, 1, 3, 54, 134, 165, 102, 151, 75, 85, 111, 198, 57, 243, 188, 218, 52, 207, 228, 154, 171, 79, 233, 163, 191, 244, 50, 19, 9, 239, 64, 18, 122, 0, 216, 10, 81, 232, 84, 45, 89, 223, 227, 17, 34, 13, 254, 67, 241, 44, 220, 157, 203, 226, 219, 192, 11, 35, 39, 138, 33, 38, 60, 222, 

Нелінійність  = 96 

Алгебраїчний імунітет  = 3 

Дельта-рівномірність  = 16 

Лінійна збитковість = 0 



127, 33, 63, 23, 212, 254, 158, 196, 66, 34, 246, 39, 234, 190, 208, 73, 198, 52, 146, 148, 233, 124, 103, 210, 176, 61, 83, 173, 226, 35, 114, 168, 200, 236, 150, 68, 25, 64, 213, 199, 77, 189, 232, 243, 225, 180, 82, 51, 20, 188, 70, 62, 241, 128, 24, 172, 56, 46, 138, 181, 224, 98, 183, 161, 215, 152, 90, 44, 72, 117, 78, 76, 195, 192, 218, 170, 80, 205, 167, 118, 91, 92, 38, 229, 36, 250, 40, 106, 135, 177, 121, 27, 154, 89, 12, 99, 149, 21, 156, 2, 245, 69, 102, 4, 171, 169, 42, 129, 57, 84, 178, 140, 110, 187, 26, 10, 139, 17, 175, 7, 104, 201, 111, 113, 249, 179, 164, 206, 53, 144, 18, 6, 136, 186, 93, 131, 142, 130, 126, 107, 41, 125, 15, 155, 86, 132, 55, 122, 81, 22, 94, 153, 184, 147, 97, 101, 59, 13, 30, 65, 174, 123, 160, 105, 29, 247, 235, 28, 1, 157, 50, 252, 204, 220, 95, 9, 216, 116, 43, 217, 182, 214, 197, 223, 141, 203, 231, 120, 109, 79, 100, 108, 207, 96, 3, 244, 134, 133, 71, 163, 87, 209, 5, 75, 222, 31, 58, 37, 239, 74, 240, 14, 60, 19, 119, 219, 227, 238, 248, 85, 88, 211, 49, 0, 54, 67, 221, 32, 47, 255, 16, 194, 162, 253, 11, 112, 166, 202, 151, 193, 137, 143, 165, 145, 242, 159, 8, 45, 48, 230, 251, 191, 115, 237, 228, 185, 

Нелінійність  = 96 

Алгебраїчний імунітет  = 3 

Дельта-рівномірність  = 10 

Лінійна збитковість = 0 



35, 71, 102, 144, 98, 29, 111, 178, 234, 32, 14, 114, 6, 232, 180, 164, 30, 87, 118, 196, 64, 124, 104, 57, 122, 95, 194, 254, 205, 66, 50, 75, 47, 236, 99, 238, 153, 179, 251, 169, 241, 158, 89, 84, 213, 19, 60, 107, 219, 53, 243, 206, 217, 4, 91, 202, 248, 52, 209, 134, 48, 198, 149, 126, 173, 38, 28, 46, 45, 70, 170, 27, 231, 82, 188, 174, 117, 140, 49, 110, 11, 177, 154, 116, 201, 67, 137, 228, 68, 207, 3, 143, 146, 139, 119, 8, 218, 163, 97, 101, 233, 125, 138, 92, 21, 51, 69, 189, 229, 78, 2, 103, 155, 25, 108, 128, 168, 240, 77, 208, 127, 20, 162, 237, 210, 187, 193, 216, 252, 211, 186, 34, 200, 147, 80, 215, 23, 157, 113, 33, 204, 195, 13, 220, 18, 76, 65, 235, 148, 96, 214, 55, 165, 88, 121, 150, 160, 246, 224, 17, 56, 100, 112, 172, 226, 156, 58, 39, 166, 183, 36, 10, 181, 115, 131, 109, 90, 152, 199, 192, 86, 16, 145, 106, 249, 9, 120, 24, 222, 176, 185, 159, 83, 7, 74, 141, 31, 15, 247, 133, 221, 212, 227, 44, 244, 85, 130, 142, 161, 250, 239, 230, 54, 12, 26, 171, 93, 79, 37, 40, 223, 22, 167, 123, 105, 0, 184, 132, 63, 197, 245, 182, 61, 191, 203, 42, 81, 225, 242, 59, 43, 175, 41, 94, 62, 135, 136, 190, 72, 1, 253, 255, 151, 5, 129, 73, 

Нелінійність  = 96 

Алгебраїчний імунітет  = 3 

Дельта-рівномірність  = 12 

Лінійна збитковість = 0 



255, 170, 111, 105, 136, 245, 45, 137, 159, 141, 176, 110, 14, 85, 38, 13, 214, 178, 70, 127, 125, 27, 194, 46, 9, 76, 120, 113, 17, 52, 202, 16, 186, 24, 254, 172, 90, 103, 63, 166, 175, 12, 77, 242, 31, 157, 133, 189, 165, 41, 216, 60, 75, 185, 196, 240, 222, 49, 67, 108, 74, 158, 248, 123, 228, 23, 35, 96, 42, 3, 8, 122, 71, 26, 153, 22, 207, 4, 241, 83, 57, 59, 190, 104, 88, 1, 128, 81, 30, 163, 62, 138, 155, 33, 221, 205, 84, 107, 44, 167, 188, 58, 204, 129, 134, 184, 79, 144, 183, 217, 145, 32, 124, 140, 68, 234, 244, 197, 148, 212, 40, 132, 233, 116, 174, 94, 48, 117, 218, 69, 19, 232, 80, 87, 51, 18, 89, 225, 72, 54, 121, 198, 11, 93, 154, 102, 73, 220, 115, 193, 238, 106, 0, 7, 203, 219, 191, 237, 130, 247, 15, 162, 135, 173, 21, 215, 37, 99, 146, 195, 169, 64, 147, 226, 152, 227, 61, 78, 253, 150, 164, 118, 100, 206, 109, 119, 213, 239, 229, 34, 55, 82, 39, 179, 101, 208, 236, 91, 66, 171, 231, 149, 65, 250, 177, 168, 139, 47, 156, 252, 98, 2, 210, 161, 192, 28, 29, 56, 201, 224, 223, 142, 20, 114, 160, 143, 50, 187, 200, 5, 209, 243, 53, 181, 211, 97, 92, 235, 126, 25, 95, 251, 180, 43, 151, 230, 6, 182, 249, 10, 86, 246, 199, 112, 131, 36, 

Нелінійність  = 96 

Алгебраїчний імунітет  = 3 

Дельта-рівномірність  = 12 

Лінійна збитковість = 0 



94, 145, 1, 43, 184, 217, 132, 130, 21, 140, 207, 153, 195, 154, 242, 236, 117, 18, 203, 26, 205, 209, 81, 248, 224, 218, 139, 68, 246, 159, 58, 208, 56, 53, 73, 171, 60, 36, 235, 147, 88, 148, 17, 167, 12, 8, 255, 241, 232, 90, 85, 13, 191, 170, 66, 125, 34, 175, 76, 245, 182, 83, 99, 240, 113, 185, 206, 127, 228, 230, 157, 61, 79, 71, 160, 107, 234, 114, 110, 16, 190, 253, 45, 38, 226, 7, 219, 174, 14, 215, 194, 156, 198, 199, 152, 243, 254, 180, 135, 92, 251, 197, 78, 62, 6, 64, 40, 25, 80, 118, 238, 27, 23, 50, 222, 2, 142, 237, 121, 213, 120, 11, 31, 166, 96, 231, 134, 225, 10, 220, 119, 116, 229, 93, 173, 5, 105, 51, 65, 75, 163, 177, 28, 239, 69, 155, 37, 89, 233, 98, 187, 124, 47, 9, 3, 214, 186, 102, 183, 178, 169, 104, 109, 41, 188, 55, 72, 30, 150, 210, 54, 168, 86, 212, 19, 67, 59, 144, 151, 87, 165, 143, 95, 42, 202, 24, 141, 49, 196, 189, 35, 176, 172, 0, 244, 223, 161, 249, 193, 227, 149, 32, 126, 137, 133, 52, 108, 250, 216, 33, 101, 106, 103, 115, 4, 129, 123, 57, 200, 46, 131, 74, 77, 252, 146, 97, 63, 179, 211, 162, 84, 100, 221, 158, 204, 136, 48, 128, 29, 20, 122, 164, 111, 112, 181, 44, 22, 15, 247, 39, 82, 192, 138, 91, 201, 70, 

Нелінійність  = 96 

Алгебраїчний імунітет  = 3 

Дельта-рівномірність  = 10 

Лінійна збитковість = 0 



82, 105, 104, 127, 243, 145, 148, 211, 33, 49, 106, 95, 2, 227, 185, 133, 203, 123, 153, 134, 225, 110, 56, 241, 187, 175, 142, 182, 162, 113, 144, 212, 150, 188, 171, 66, 68, 35, 139, 249, 163, 12, 217, 151, 160, 32, 111, 10, 54, 209, 84, 168, 78, 177, 19, 186, 233, 173, 119, 45, 0, 81, 184, 216, 71, 172, 88, 47, 76, 51, 107, 250, 161, 65, 235, 170, 39, 215, 74, 125, 75, 109, 239, 238, 248, 226, 214, 120, 210, 167, 1, 38, 24, 29, 79, 180, 86, 247, 176, 67, 191, 61, 132, 158, 242, 237, 166, 159, 48, 116, 70, 17, 3, 77, 94, 87, 130, 192, 18, 213, 31, 58, 205, 28, 224, 13, 5, 193, 146, 90, 62, 14, 26, 157, 223, 27, 73, 165, 53, 37, 21, 156, 15, 194, 8, 121, 23, 41, 83, 126, 100, 128, 181, 251, 25, 103, 245, 124, 57, 63, 197, 55, 112, 207, 118, 46, 9, 179, 202, 85, 253, 164, 34, 6, 50, 115, 195, 11, 196, 114, 93, 91, 174, 141, 108, 98, 43, 16, 218, 219, 240, 200, 138, 190, 69, 136, 36, 230, 72, 155, 244, 254, 228, 30, 42, 20, 236, 89, 204, 201, 154, 122, 252, 117, 178, 198, 52, 137, 92, 231, 199, 234, 206, 149, 140, 96, 183, 7, 102, 246, 4, 189, 44, 64, 101, 147, 208, 255, 97, 222, 40, 60, 143, 129, 229, 135, 59, 22, 131, 169, 232, 220, 221, 80, 152, 99, 

Нелінійність  = 96 

Алгебраїчний імунітет  = 3 

Дельта-рівномірність  = 14 

Лінійна збитковість = 0 



115, 147, 137, 125, 212, 134, 108, 199, 76, 74, 84, 61, 223, 196, 210, 94, 202, 180, 169, 171, 0, 87, 119, 217, 160, 219, 183, 154, 152, 189, 116, 209, 151, 253, 129, 68, 197, 192, 237, 228, 82, 190, 239, 150, 63, 232, 66, 49, 45, 211, 206, 191, 89, 105, 59, 173, 19, 48, 201, 224, 5, 90, 193, 123, 57, 130, 88, 102, 54, 143, 121, 20, 52, 117, 221, 99, 92, 64, 242, 161, 142, 42, 11, 14, 70, 247, 208, 167, 136, 146, 207, 91, 172, 27, 4, 3, 230, 79, 157, 213, 75, 113, 56, 238, 50, 95, 40, 131, 67, 104, 85, 65, 72, 240, 97, 255, 235, 241, 156, 176, 234, 9, 141, 62, 39, 251, 220, 109, 222, 122, 144, 110, 93, 139, 73, 175, 170, 96, 103, 35, 227, 155, 249, 132, 178, 30, 243, 225, 198, 177, 158, 188, 236, 78, 226, 140, 133, 215, 162, 98, 34, 233, 55, 23, 148, 153, 28, 46, 200, 126, 181, 69, 149, 77, 21, 203, 218, 80, 33, 214, 138, 51, 127, 185, 31, 128, 229, 145, 22, 245, 83, 168, 195, 194, 254, 81, 36, 179, 13, 86, 29, 118, 182, 47, 10, 32, 41, 111, 100, 184, 204, 112, 252, 43, 174, 163, 58, 12, 25, 120, 246, 166, 6, 186, 60, 231, 8, 18, 107, 216, 106, 24, 164, 44, 2, 124, 37, 16, 114, 250, 15, 244, 17, 165, 53, 101, 135, 205, 7, 38, 187, 1, 71, 159, 248, 26, 

Нелінійність  = 96 

Алгебраїчний імунітет  = 3 

Дельта-рівномірність  = 12 

Лінійна збитковість = 0 



60, 146, 167, 107, 253, 97, 163, 145, 115, 72, 141, 85, 182, 239, 193, 100, 127, 91, 202, 82, 164, 183, 173, 251, 121, 195, 143, 228, 120, 105, 181, 194, 238, 201, 162, 102, 172, 240, 129, 137, 147, 178, 159, 23, 89, 51, 79, 106, 98, 177, 74, 216, 128, 149, 80, 170, 166, 187, 9, 219, 155, 122, 64, 112, 157, 204, 58, 171, 101, 126, 88, 5, 49, 200, 43, 176, 168, 124, 138, 207, 108, 199, 209, 57, 93, 223, 197, 7, 158, 154, 152, 142, 94, 144, 229, 174, 192, 131, 90, 110, 233, 211, 46, 37, 191, 4, 47, 180, 165, 136, 118, 41, 132, 212, 40, 247, 245, 111, 13, 221, 62, 203, 208, 218, 73, 48, 81, 78, 125, 184, 135, 3, 210, 25, 17, 242, 53, 96, 86, 189, 222, 52, 15, 2, 22, 99, 19, 76, 63, 6, 230, 231, 68, 50, 20, 28, 109, 77, 55, 139, 133, 134, 227, 1, 225, 246, 31, 83, 185, 214, 14, 140, 226, 26, 205, 217, 56, 169, 95, 67, 54, 18, 36, 39, 254, 59, 71, 123, 104, 234, 220, 42, 34, 249, 32, 250, 252, 30, 61, 206, 156, 175, 198, 117, 66, 12, 116, 188, 190, 179, 70, 44, 237, 130, 27, 235, 87, 69, 45, 65, 10, 21, 196, 150, 38, 160, 213, 232, 255, 24, 243, 119, 241, 148, 8, 35, 186, 84, 75, 161, 153, 103, 11, 236, 0, 114, 248, 92, 215, 113, 244, 151, 16, 224, 29, 33, 

Нелінійність  = 96 

Алгебраїчний імунітет  = 3 

Дельта-рівномірність  = 12 

Лінійна збитковість = 0 



90, 84, 82, 101, 134, 95, 141, 195, 218, 34, 120, 77, 6, 189, 213, 145, 110, 111, 206, 169, 118, 160, 123, 65, 165, 121, 215, 250, 239, 88, 47, 72, 87, 240, 103, 243, 162, 159, 226, 126, 71, 148, 157, 238, 170, 205, 107, 254, 151, 94, 100, 194, 60, 146, 61, 224, 55, 93, 11, 56, 117, 184, 181, 214, 8, 89, 59, 130, 223, 63, 20, 198, 199, 167, 131, 180, 139, 171, 122, 196, 106, 230, 154, 85, 133, 188, 227, 172, 166, 168, 237, 116, 152, 149, 255, 185, 225, 112, 124, 102, 98, 140, 178, 156, 48, 244, 200, 32, 119, 28, 18, 115, 137, 129, 104, 19, 252, 113, 2, 46, 4, 142, 136, 158, 64, 70, 208, 221, 57, 190, 220, 216, 249, 253, 78, 179, 109, 210, 144, 66, 176, 30, 153, 138, 54, 197, 81, 29, 127, 0, 207, 114, 44, 231, 248, 83, 14, 80, 175, 204, 45, 40, 76, 67, 51, 128, 212, 143, 155, 173, 209, 246, 86, 135, 92, 74, 193, 25, 13, 217, 68, 125, 147, 245, 99, 22, 161, 211, 251, 42, 163, 96, 236, 38, 228, 53, 23, 1, 192, 9, 21, 247, 202, 191, 50, 150, 164, 31, 187, 105, 15, 132, 73, 242, 201, 24, 69, 17, 97, 36, 177, 43, 49, 26, 182, 37, 3, 27, 91, 241, 58, 16, 5, 75, 12, 183, 33, 229, 79, 10, 174, 235, 186, 108, 233, 41, 219, 35, 7, 234, 232, 39, 203, 62, 222, 52, 

Нелінійність  = 96 

Алгебраїчний імунітет  = 3 

Дельта-рівномірність  = 12 

Лінійна збитковість = 0 



110, 120, 130, 152, 222, 213, 180, 215, 119, 92, 200, 172, 241, 163, 225, 182, 192, 214, 78, 168, 154, 203, 72, 230, 238, 104, 95, 167, 165, 227, 188, 138, 117, 84, 139, 151, 114, 86, 251, 204, 216, 231, 170, 217, 250, 208, 135, 45, 116, 205, 142, 101, 149, 201, 73, 235, 106, 164, 67, 255, 190, 3, 98, 100, 143, 115, 129, 191, 185, 132, 118, 85, 207, 108, 112, 240, 91, 171, 26, 148, 90, 155, 176, 254, 202, 157, 43, 105, 211, 195, 23, 199, 175, 178, 89, 253, 68, 236, 99, 224, 87, 47, 69, 40, 210, 181, 32, 189, 54, 80, 174, 159, 223, 153, 111, 36, 133, 14, 17, 1, 196, 206, 94, 126, 145, 229, 228, 81, 11, 179, 144, 162, 131, 39, 62, 107, 103, 83, 197, 125, 19, 121, 70, 221, 42, 77, 37, 140, 233, 187, 183, 76, 239, 64, 109, 134, 61, 169, 166, 220, 184, 93, 59, 158, 209, 41, 13, 63, 30, 173, 161, 113, 243, 75, 97, 28, 237, 4, 88, 156, 29, 160, 146, 150, 10, 102, 212, 60, 242, 246, 198, 127, 44, 56, 6, 33, 48, 53, 52, 193, 71, 27, 147, 21, 141, 15, 123, 35, 0, 186, 49, 2, 31, 16, 218, 66, 51, 74, 24, 12, 177, 38, 20, 34, 226, 79, 50, 9, 122, 244, 124, 22, 247, 137, 46, 219, 194, 234, 57, 5, 8, 96, 232, 245, 55, 25, 82, 252, 128, 18, 136, 248, 65, 58, 7, 249, 

Нелінійність  = 96 

Алгебраїчний імунітет  = 3 

Дельта-рівномірність  = 12 

Лінійна збитковість = 0 



123, 171, 162, 113, 222, 0, 133, 199, 208, 29, 107, 49, 240, 196, 187, 152, 206, 225, 163, 125, 239, 197, 145, 223, 182, 242, 149, 177, 173, 200, 118, 181, 194, 237, 150, 63, 124, 245, 120, 100, 85, 140, 65, 137, 84, 188, 42, 102, 24, 160, 69, 71, 67, 191, 20, 202, 68, 74, 33, 62, 228, 76, 186, 205, 31, 153, 60, 44, 45, 101, 90, 139, 83, 236, 111, 226, 30, 217, 203, 183, 112, 178, 51, 238, 54, 248, 80, 246, 252, 176, 7, 142, 104, 27, 168, 75, 249, 232, 235, 157, 122, 146, 38, 170, 16, 185, 18, 87, 43, 147, 96, 86, 99, 192, 97, 184, 9, 110, 165, 159, 166, 216, 209, 129, 250, 47, 59, 121, 141, 190, 23, 172, 175, 132, 72, 241, 227, 193, 164, 61, 78, 247, 218, 148, 154, 41, 40, 130, 93, 17, 211, 48, 128, 22, 207, 88, 243, 134, 151, 144, 58, 91, 55, 212, 251, 255, 167, 136, 3, 39, 11, 143, 114, 126, 244, 25, 229, 8, 234, 73, 77, 155, 254, 224, 220, 95, 213, 131, 158, 81, 119, 19, 12, 117, 50, 189, 15, 198, 219, 161, 138, 21, 5, 89, 66, 106, 179, 14, 37, 215, 46, 174, 1, 156, 10, 210, 34, 82, 6, 35, 105, 231, 53, 13, 28, 116, 195, 204, 94, 92, 115, 56, 108, 36, 230, 135, 98, 26, 201, 109, 253, 79, 180, 57, 169, 233, 127, 221, 70, 2, 103, 64, 52, 32, 4, 214, 

Нелінійність  = 96 

Алгебраїчний імунітет  = 3 

Дельта-рівномірність  = 10 

Лінійна збитковість = 0 



36, 6, 51, 87, 76, 66, 125, 175, 225, 16, 49, 89, 247, 194, 188, 150, 3, 58, 63, 177, 38, 132, 114, 1, 111, 31, 143, 253, 227, 13, 12, 29, 28, 219, 64, 232, 151, 186, 251, 85, 223, 160, 74, 72, 195, 235, 67, 122, 236, 33, 81, 165, 19, 147, 70, 202, 4, 61, 62, 106, 27, 196, 146, 211, 220, 35, 11, 228, 238, 39, 141, 233, 245, 96, 104, 166, 102, 119, 84, 207, 2, 252, 152, 97, 213, 130, 206, 210, 42, 168, 229, 139, 145, 116, 65, 173, 198, 82, 189, 0, 22, 95, 158, 155, 17, 10, 249, 79, 204, 201, 199, 57, 164, 90, 78, 52, 161, 86, 113, 23, 112, 124, 120, 191, 69, 154, 163, 107, 24, 243, 240, 234, 55, 75, 73, 230, 94, 44, 80, 41, 212, 242, 178, 208, 8, 254, 48, 46, 169, 108, 200, 21, 56, 100, 83, 77, 255, 231, 214, 172, 18, 126, 117, 53, 221, 99, 118, 131, 237, 135, 226, 246, 93, 129, 50, 241, 71, 179, 176, 149, 30, 88, 148, 115, 98, 37, 26, 123, 203, 47, 162, 174, 9, 68, 224, 205, 127, 187, 54, 218, 171, 183, 197, 244, 20, 209, 217, 105, 25, 140, 193, 133, 91, 159, 239, 43, 7, 136, 59, 153, 110, 128, 103, 34, 181, 222, 144, 5, 101, 45, 134, 248, 137, 156, 15, 190, 170, 192, 92, 215, 185, 167, 184, 109, 60, 40, 216, 14, 182, 138, 121, 180, 32, 142, 250, 157, 

Нелінійність  = 94 

Алгебраїчний імунітет  = 3 

Дельта-рівномірність  = 12 

Лінійна збитковість = 0 



242, 201, 159, 34, 75, 78, 207, 185, 225, 116, 94, 1, 140, 86, 232, 93, 209, 131, 165, 69, 177, 246, 194, 99, 171, 228, 70, 154, 199, 189, 80, 60, 250, 182, 144, 151, 241, 87, 100, 4, 183, 23, 252, 253, 25, 3, 179, 126, 68, 134, 195, 90, 218, 27, 57, 190, 222, 149, 143, 6, 184, 192, 198, 238, 55, 239, 114, 81, 254, 89, 36, 14, 37, 33, 56, 135, 213, 148, 203, 217, 124, 2, 88, 216, 113, 233, 255, 101, 146, 43, 142, 103, 188, 73, 175, 191, 123, 46, 84, 173, 247, 202, 214, 102, 138, 51, 166, 109, 119, 64, 145, 115, 244, 107, 163, 150, 193, 18, 221, 0, 136, 160, 17, 155, 62, 40, 223, 117, 49, 83, 229, 13, 118, 147, 54, 132, 7, 245, 226, 227, 63, 12, 161, 208, 9, 24, 121, 156, 48, 237, 157, 112, 235, 204, 15, 104, 71, 176, 67, 215, 219, 95, 120, 168, 79, 110, 251, 169, 22, 44, 122, 231, 197, 58, 76, 230, 139, 137, 97, 59, 128, 74, 186, 248, 11, 162, 66, 111, 133, 52, 19, 29, 42, 236, 98, 39, 10, 172, 181, 240, 45, 105, 206, 61, 16, 65, 85, 130, 205, 92, 47, 125, 167, 153, 180, 50, 243, 174, 127, 41, 234, 249, 152, 106, 28, 96, 196, 108, 38, 129, 5, 170, 26, 77, 178, 82, 31, 32, 20, 210, 21, 141, 91, 8, 158, 187, 72, 164, 211, 53, 35, 220, 30, 200, 224, 212, 

Нелінійність  = 94 

Алгебраїчний імунітет  = 3 

Дельта-рівномірність  = 12 

Лінійна збитковість = 0 



72, 67, 68, 107, 189, 235, 163, 243, 96, 102, 93, 224, 229, 101, 215, 152, 204, 222, 0, 131, 126, 244, 46, 193, 217, 64, 43, 187, 181, 228, 210, 221, 70, 6, 122, 164, 156, 39, 245, 172, 239, 237, 160, 192, 91, 167, 135, 9, 97, 207, 158, 50, 177, 203, 66, 145, 86, 194, 42, 254, 179, 240, 90, 38, 144, 208, 130, 117, 166, 139, 120, 59, 185, 53, 44, 115, 75, 150, 73, 143, 176, 116, 137, 227, 255, 129, 89, 47, 238, 3, 151, 242, 188, 209, 79, 231, 8, 214, 31, 200, 52, 87, 63, 230, 219, 11, 20, 213, 35, 170, 161, 108, 250, 132, 123, 212, 121, 140, 169, 36, 78, 196, 146, 25, 118, 232, 5, 28, 211, 220, 65, 112, 128, 45, 141, 119, 19, 32, 162, 92, 216, 69, 24, 218, 186, 54, 2, 76, 110, 241, 29, 56, 171, 14, 183, 147, 233, 182, 201, 103, 149, 81, 58, 246, 226, 82, 40, 17, 175, 159, 155, 114, 248, 251, 1, 125, 142, 74, 136, 197, 100, 133, 157, 109, 199, 94, 180, 198, 191, 80, 178, 16, 34, 234, 62, 12, 60, 48, 23, 27, 71, 85, 148, 124, 206, 168, 88, 225, 30, 22, 61, 165, 205, 154, 173, 13, 249, 247, 83, 98, 153, 104, 57, 49, 84, 4, 10, 77, 21, 252, 51, 33, 95, 202, 99, 37, 184, 18, 190, 195, 7, 138, 127, 134, 253, 236, 111, 174, 223, 55, 106, 113, 105, 26, 41, 15, 

Нелінійність  = 94 

Алгебраїчний імунітет  = 3 

Дельта-рівномірність  = 12 

Лінійна збитковість = 0 



206, 240, 195, 253, 177, 203, 168, 76, 146, 66, 245, 49, 161, 251, 222, 228, 18, 90, 80, 227, 8, 30, 182, 175, 189, 69, 219, 33, 91, 218, 153, 144, 34, 59, 190, 194, 123, 233, 170, 151, 213, 89, 152, 120, 102, 109, 225, 166, 138, 140, 98, 188, 23, 197, 107, 192, 164, 84, 36, 154, 208, 16, 13, 215, 81, 246, 181, 193, 252, 101, 28, 46, 255, 200, 67, 122, 75, 133, 74, 139, 130, 88, 186, 241, 68, 134, 72, 196, 7, 176, 51, 112, 124, 132, 26, 247, 61, 231, 202, 77, 55, 212, 19, 86, 237, 165, 113, 111, 96, 27, 4, 187, 128, 12, 104, 41, 155, 249, 223, 85, 0, 239, 37, 143, 217, 45, 1, 114, 105, 31, 248, 47, 145, 244, 100, 44, 167, 131, 235, 229, 22, 95, 158, 238, 250, 92, 38, 39, 135, 48, 60, 2, 79, 62, 63, 106, 232, 201, 147, 149, 83, 56, 209, 78, 116, 5, 6, 205, 178, 14, 160, 43, 141, 15, 173, 174, 126, 214, 226, 9, 54, 21, 210, 157, 183, 82, 242, 94, 204, 127, 199, 211, 20, 220, 171, 156, 58, 25, 198, 115, 216, 150, 108, 103, 129, 207, 87, 57, 73, 243, 148, 236, 224, 169, 10, 11, 97, 234, 53, 64, 71, 32, 142, 118, 52, 184, 24, 40, 172, 163, 93, 99, 179, 185, 3, 191, 110, 136, 254, 162, 221, 159, 230, 29, 117, 35, 50, 65, 42, 17, 70, 119, 137, 121, 125, 180, 

Нелінійність  = 94 

Алгебраїчний імунітет  = 3 

Дельта-рівномірність  = 12 

Лінійна збитковість = 0 



20, 181, 101, 143, 105, 6, 53, 91, 171, 141, 197, 116, 209, 80, 39, 34, 155, 137, 16, 126, 30, 252, 212, 254, 247, 11, 133, 58, 230, 54, 189, 232, 136, 188, 246, 198, 81, 127, 35, 123, 206, 222, 32, 203, 14, 115, 166, 220, 190, 3, 221, 38, 77, 170, 211, 227, 8, 70, 29, 69, 47, 158, 62, 153, 240, 46, 179, 139, 83, 18, 44, 142, 121, 67, 98, 37, 201, 151, 235, 79, 52, 219, 238, 89, 103, 120, 85, 112, 241, 244, 56, 117, 73, 27, 180, 4, 19, 88, 36, 97, 164, 66, 145, 165, 163, 17, 194, 5, 132, 186, 43, 111, 192, 86, 202, 13, 223, 144, 159, 93, 216, 191, 106, 156, 218, 182, 231, 76, 25, 75, 87, 168, 92, 108, 55, 21, 122, 217, 100, 104, 95, 175, 102, 96, 178, 84, 57, 161, 49, 176, 187, 210, 242, 177, 12, 233, 174, 41, 128, 224, 237, 78, 65, 42, 26, 245, 167, 234, 135, 82, 68, 249, 236, 64, 150, 131, 226, 138, 113, 119, 149, 40, 124, 173, 130, 118, 94, 59, 146, 24, 50, 250, 114, 110, 134, 2, 195, 33, 157, 185, 225, 243, 99, 10, 71, 61, 204, 147, 154, 22, 229, 193, 28, 228, 109, 72, 253, 251, 31, 184, 51, 160, 125, 48, 1, 214, 248, 162, 74, 152, 140, 196, 129, 199, 0, 9, 45, 208, 60, 215, 107, 23, 207, 205, 200, 239, 7, 213, 255, 63, 169, 148, 172, 90, 15, 183, 

Нелінійність  = 94 

Алгебраїчний імунітет  = 3 

Дельта-рівномірність  = 12 

Лінійна збитковість = 0 



41, 246, 183, 142, 237, 158, 163, 112, 44, 109, 122, 73, 110, 186, 16, 231, 141, 175, 208, 49, 30, 157, 61, 226, 78, 167, 52, 132, 146, 219, 99, 191, 255, 197, 160, 27, 221, 193, 48, 214, 215, 11, 213, 95, 185, 172, 98, 77, 248, 238, 235, 21, 174, 154, 224, 250, 205, 83, 116, 115, 178, 20, 43, 239, 143, 105, 244, 26, 147, 151, 243, 182, 53, 194, 253, 28, 140, 144, 119, 210, 135, 234, 145, 5, 209, 181, 254, 123, 29, 138, 228, 201, 71, 202, 207, 103, 0, 252, 6, 128, 101, 165, 79, 17, 247, 251, 58, 55, 153, 217, 199, 85, 65, 170, 42, 189, 50, 7, 245, 200, 81, 184, 240, 46, 8, 76, 118, 121, 22, 212, 56, 38, 92, 32, 25, 57, 130, 67, 242, 125, 10, 129, 204, 86, 164, 155, 91, 9, 31, 89, 187, 148, 14, 96, 15, 93, 51, 168, 1, 223, 227, 12, 117, 80, 133, 179, 206, 218, 23, 19, 88, 139, 195, 34, 198, 13, 45, 203, 152, 108, 66, 24, 124, 18, 166, 225, 134, 176, 159, 68, 64, 69, 63, 126, 104, 54, 35, 102, 192, 33, 2, 229, 72, 233, 169, 60, 161, 220, 131, 40, 177, 74, 162, 136, 75, 137, 211, 82, 59, 190, 84, 188, 37, 127, 156, 149, 232, 62, 100, 230, 222, 39, 107, 180, 173, 150, 113, 36, 94, 241, 97, 4, 216, 120, 70, 106, 111, 114, 236, 196, 90, 171, 87, 47, 249, 3, 

Нелінійність  = 94 

Алгебраїчний імунітет  = 3 

Дельта-рівномірність  = 12 

Лінійна збитковість = 0 



Час виконання: 429.840000 секунд

Блок з необхідними параметрами знайдено

Кількість виконаних ітерацій = 6 
_______________________________________________________________________________________________
