
Початкове число ітерацій = 200
N = 20
PSO S-boxes:
99, 124, 119, 123, 242, 107, 111, 197, 48, 1, 103, 43, 254, 215, 171, 118, 202, 130, 201, 125, 250, 89, 71, 240, 173, 212, 162, 175, 156, 164, 114, 192, 183, 253, 147, 38, 54, 63, 247, 204, 52, 165, 229, 241, 113, 216, 49, 21, 4, 199, 35, 195, 24, 150, 5, 154, 7, 18, 128, 226, 235, 39, 178, 117, 9, 131, 44, 26, 27, 110, 90, 160, 82, 59, 214, 179, 41, 227, 47, 132, 83, 209, 0, 237, 32, 252, 177, 91, 106, 203, 190, 57, 74, 76, 88, 207, 208, 239, 170, 251, 67, 77, 51, 133, 69, 249, 2, 127, 80, 60, 159, 168, 81, 163, 64, 143, 146, 157, 56, 245, 188, 182, 218, 33, 16, 255, 243, 210, 205, 12, 19, 236, 95, 151, 68, 23, 196, 167, 126, 61, 100, 93, 25, 115, 96, 129, 79, 220, 34, 42, 144, 136, 70, 238, 184, 20, 222, 94, 11, 219, 224, 50, 58, 10, 73, 6, 36, 92, 194, 211, 172, 98, 145, 149, 228, 121, 231, 200, 55, 109, 141, 213, 78, 169, 108, 86, 244, 234, 101, 122, 174, 8, 186, 120, 37, 46, 28, 166, 180, 198, 232, 221, 116, 31, 75, 189, 139, 138, 112, 62, 181, 102, 72, 3, 246, 14, 97, 53, 87, 185, 134, 193, 29, 158, 225, 248, 152, 17, 105, 217, 142, 148, 155, 30, 135, 233, 206, 85, 40, 223, 140, 161, 137, 13, 191, 230, 66, 104, 65, 153, 45, 15, 176, 84, 187, 22, 

Нелінійність  = 112 

Алгебраїчний імунітет  = 2 

Дельта-рівномірність  = 4 

Лінійна збитковість = 255 



99, 124, 119, 123, 242, 107, 111, 197, 48, 1, 103, 43, 254, 215, 171, 118, 202, 130, 201, 125, 250, 89, 71, 240, 173, 212, 162, 175, 156, 164, 114, 192, 183, 253, 147, 38, 54, 63, 204, 247, 52, 165, 229, 241, 113, 216, 49, 21, 4, 199, 35, 195, 24, 150, 5, 154, 7, 18, 128, 226, 235, 39, 178, 117, 9, 131, 44, 26, 27, 110, 90, 160, 82, 59, 214, 179, 41, 227, 47, 132, 83, 209, 0, 237, 32, 252, 177, 91, 106, 203, 190, 57, 74, 76, 88, 207, 208, 239, 170, 251, 67, 77, 51, 133, 69, 249, 2, 127, 80, 60, 159, 168, 81, 163, 64, 143, 146, 157, 56, 245, 188, 182, 218, 33, 16, 255, 243, 210, 205, 12, 19, 236, 95, 151, 68, 23, 196, 167, 126, 61, 100, 93, 25, 115, 96, 129, 79, 220, 34, 42, 144, 136, 70, 238, 184, 20, 222, 94, 11, 219, 224, 50, 58, 10, 73, 6, 36, 92, 194, 211, 172, 98, 145, 149, 228, 121, 231, 200, 55, 109, 141, 213, 78, 169, 108, 86, 244, 234, 101, 122, 174, 8, 186, 120, 37, 46, 28, 166, 180, 198, 232, 221, 116, 31, 75, 189, 139, 138, 112, 62, 181, 102, 72, 3, 246, 14, 97, 53, 87, 185, 134, 193, 29, 158, 225, 248, 152, 17, 105, 217, 142, 148, 155, 30, 135, 233, 206, 85, 40, 223, 140, 161, 137, 13, 191, 230, 66, 104, 65, 153, 45, 15, 176, 84, 187, 22, 

Нелінійність  = 110 

Алгебраїчний імунітет  = 2 

Дельта-рівномірність  = 6 

Лінійна збитковість = 126 



99, 124, 119, 123, 242, 81, 57, 197, 48, 247, 103, 26, 254, 21, 171, 118, 202, 68, 201, 125, 250, 89, 34, 240, 173, 140, 162, 175, 156, 164, 114, 65, 105, 253, 230, 38, 54, 63, 219, 79, 52, 165, 229, 241, 113, 216, 49, 142, 209, 199, 35, 195, 24, 150, 5, 154, 7, 18, 128, 226, 235, 39, 178, 117, 9, 131, 44, 43, 27, 110, 90, 160, 82, 59, 214, 179, 41, 227, 47, 132, 83, 4, 0, 237, 32, 252, 177, 91, 106, 203, 190, 111, 74, 76, 88, 207, 208, 239, 170, 251, 67, 77, 51, 133, 69, 249, 2, 127, 80, 60, 159, 168, 107, 163, 64, 143, 146, 157, 56, 245, 188, 182, 218, 33, 16, 255, 243, 210, 205, 12, 19, 236, 95, 151, 130, 23, 196, 167, 126, 61, 100, 93, 25, 115, 96, 129, 10, 220, 71, 42, 144, 136, 70, 238, 184, 20, 222, 94, 11, 109, 224, 50, 58, 45, 73, 6, 36, 92, 194, 211, 172, 98, 145, 149, 228, 121, 231, 200, 55, 232, 141, 213, 78, 169, 108, 86, 244, 234, 101, 122, 174, 8, 186, 120, 37, 46, 28, 166, 180, 198, 233, 221, 116, 31, 75, 189, 139, 138, 112, 62, 181, 102, 72, 3, 246, 14, 97, 53, 87, 185, 134, 193, 29, 158, 225, 248, 152, 17, 183, 217, 215, 148, 155, 30, 135, 212, 206, 85, 40, 223, 13, 161, 137, 15, 191, 147, 66, 104, 192, 153, 176, 84, 204, 1, 187, 22, 

Нелінійність  = 102 

Алгебраїчний імунітет  = 3 

Дельта-рівномірність  = 8 

Лінійна збитковість = 0 



99, 124, 119, 123, 242, 107, 57, 201, 130, 1, 103, 43, 254, 72, 171, 112, 202, 48, 129, 125, 250, 89, 71, 240, 173, 212, 162, 21, 156, 44, 114, 192, 105, 253, 147, 38, 54, 31, 6, 190, 52, 187, 229, 249, 113, 216, 217, 175, 4, 199, 35, 195, 24, 150, 5, 154, 7, 18, 128, 226, 235, 39, 178, 117, 9, 131, 164, 26, 27, 110, 90, 160, 82, 59, 214, 179, 41, 227, 47, 132, 83, 209, 0, 237, 32, 252, 177, 91, 165, 203, 167, 111, 74, 76, 88, 207, 208, 239, 170, 251, 67, 77, 51, 133, 69, 241, 2, 127, 80, 60, 159, 168, 81, 163, 64, 143, 146, 157, 56, 245, 188, 182, 218, 33, 16, 255, 243, 210, 205, 12, 19, 236, 95, 151, 68, 23, 196, 108, 126, 61, 100, 93, 25, 115, 96, 197, 79, 220, 34, 42, 144, 136, 70, 238, 184, 20, 222, 94, 11, 219, 224, 50, 58, 10, 73, 228, 36, 92, 194, 211, 172, 98, 145, 149, 45, 121, 231, 200, 55, 109, 141, 213, 78, 169, 29, 86, 244, 234, 101, 122, 174, 8, 186, 120, 37, 46, 28, 166, 180, 198, 232, 221, 116, 63, 75, 189, 139, 138, 118, 62, 181, 102, 215, 3, 246, 14, 97, 53, 87, 185, 134, 193, 176, 158, 225, 248, 152, 17, 183, 49, 142, 148, 155, 30, 135, 233, 206, 85, 40, 223, 140, 161, 137, 13, 191, 230, 66, 104, 65, 153, 247, 15, 22, 84, 106, 204, 

Нелінійність  = 100 

Алгебраїчний імунітет  = 3 

Дельта-рівномірність  = 8 

Лінійна збитковість = 0 



99, 124, 119, 123, 242, 107, 111, 202, 80, 1, 103, 43, 254, 215, 171, 118, 197, 235, 201, 92, 250, 89, 71, 240, 173, 212, 224, 175, 156, 164, 114, 192, 183, 253, 48, 38, 54, 232, 63, 19, 52, 165, 229, 241, 113, 216, 49, 142, 145, 199, 35, 195, 24, 150, 5, 154, 7, 18, 128, 226, 130, 39, 178, 117, 9, 131, 44, 26, 27, 110, 90, 160, 82, 59, 214, 179, 41, 227, 47, 132, 83, 209, 0, 237, 32, 252, 177, 91, 106, 203, 190, 57, 74, 76, 88, 207, 208, 239, 170, 251, 67, 77, 51, 133, 69, 249, 2, 127, 147, 60, 159, 168, 81, 163, 64, 143, 146, 157, 56, 245, 188, 182, 218, 33, 16, 255, 243, 210, 205, 12, 248, 236, 95, 151, 68, 23, 196, 167, 126, 61, 100, 93, 25, 115, 96, 129, 79, 220, 34, 42, 144, 136, 70, 238, 184, 20, 222, 94, 11, 219, 15, 50, 58, 10, 73, 6, 36, 125, 194, 211, 172, 98, 4, 149, 228, 121, 231, 200, 55, 109, 141, 213, 78, 169, 108, 86, 244, 234, 101, 122, 174, 8, 186, 120, 37, 46, 28, 166, 180, 198, 191, 221, 116, 31, 75, 189, 139, 138, 112, 62, 181, 102, 72, 3, 246, 14, 97, 53, 87, 185, 134, 193, 29, 158, 225, 40, 152, 17, 105, 217, 21, 148, 155, 30, 135, 233, 206, 85, 153, 223, 140, 161, 137, 13, 187, 230, 66, 104, 65, 45, 84, 162, 176, 247, 204, 22, 

Нелінійність  = 100 

Алгебраїчний імунітет  = 2 

Дельта-рівномірність  = 8 

Лінійна збитковість = 0 



120, 136, 241, 60, 190, 46, 212, 144, 37, 147, 75, 184, 47, 65, 213, 149, 23, 155, 70, 245, 145, 17, 188, 133, 254, 187, 33, 224, 78, 63, 100, 177, 107, 86, 162, 130, 186, 229, 142, 148, 25, 173, 132, 255, 234, 8, 80, 111, 62, 66, 19, 216, 84, 29, 13, 206, 202, 12, 87, 252, 122, 42, 32, 189, 101, 11, 41, 209, 26, 4, 219, 5, 10, 129, 48, 109, 54, 243, 57, 236, 45, 79, 51, 89, 196, 153, 201, 124, 208, 179, 163, 126, 134, 110, 92, 125, 253, 205, 58, 218, 88, 223, 182, 217, 72, 215, 211, 40, 180, 91, 16, 128, 90, 56, 14, 35, 250, 28, 123, 178, 139, 198, 83, 52, 99, 157, 39, 199, 104, 74, 183, 151, 228, 15, 106, 116, 34, 1, 117, 195, 71, 171, 105, 203, 233, 181, 96, 0, 103, 9, 31, 200, 231, 143, 249, 168, 242, 20, 27, 248, 164, 3, 49, 55, 150, 207, 175, 76, 121, 2, 176, 246, 146, 238, 227, 93, 240, 81, 44, 36, 30, 141, 237, 127, 251, 50, 230, 244, 169, 221, 95, 247, 113, 166, 165, 194, 98, 131, 204, 38, 193, 115, 137, 154, 210, 43, 118, 222, 77, 82, 21, 174, 61, 220, 161, 67, 24, 59, 172, 170, 6, 167, 239, 152, 226, 192, 102, 69, 185, 235, 53, 114, 18, 159, 119, 108, 156, 22, 197, 140, 64, 68, 112, 7, 135, 138, 94, 225, 97, 73, 158, 191, 85, 232, 214, 160, 

Нелінійність  = 96 

Алгебраїчний імунітет  = 3 

Дельта-рівномірність  = 12 

Лінійна збитковість = 0 



122, 255, 133, 125, 241, 204, 218, 33, 145, 215, 1, 159, 200, 190, 76, 48, 211, 184, 178, 61, 68, 8, 172, 118, 222, 154, 84, 210, 193, 56, 105, 175, 127, 249, 53, 96, 207, 185, 247, 187, 34, 134, 35, 183, 129, 194, 166, 243, 179, 65, 46, 36, 81, 208, 192, 69, 113, 117, 149, 225, 83, 39, 132, 197, 90, 5, 119, 102, 167, 80, 253, 37, 18, 23, 6, 73, 77, 22, 227, 99, 108, 124, 63, 32, 94, 251, 97, 100, 11, 147, 162, 19, 0, 242, 152, 24, 245, 109, 173, 72, 177, 223, 51, 38, 135, 216, 142, 40, 202, 57, 75, 201, 199, 74, 236, 31, 136, 47, 110, 168, 219, 21, 114, 87, 244, 181, 254, 64, 146, 188, 2, 92, 42, 121, 186, 155, 115, 16, 9, 198, 232, 25, 66, 41, 174, 176, 62, 13, 189, 49, 101, 111, 137, 164, 230, 248, 98, 148, 156, 91, 220, 10, 59, 67, 214, 52, 7, 79, 126, 107, 213, 45, 93, 191, 171, 224, 206, 85, 158, 50, 238, 29, 106, 252, 229, 195, 180, 112, 240, 95, 234, 153, 237, 104, 26, 20, 239, 58, 89, 71, 70, 88, 169, 143, 161, 139, 203, 228, 123, 233, 120, 196, 27, 163, 205, 246, 151, 130, 128, 165, 60, 30, 209, 212, 141, 250, 157, 226, 4, 140, 217, 116, 170, 54, 103, 15, 235, 12, 182, 43, 150, 221, 14, 231, 17, 3, 138, 55, 78, 44, 86, 160, 28, 144, 131, 82, 

Нелінійність  = 96 

Алгебраїчний імунітет  = 3 

Дельта-рівномірність  = 14 

Лінійна збитковість = 0 



124, 114, 38, 109, 204, 50, 127, 224, 88, 180, 218, 193, 177, 19, 99, 6, 243, 67, 186, 40, 71, 171, 182, 229, 68, 39, 15, 69, 58, 137, 165, 24, 2, 52, 76, 132, 176, 104, 192, 163, 179, 141, 53, 5, 78, 129, 85, 239, 30, 12, 89, 17, 161, 236, 153, 22, 106, 207, 148, 251, 205, 135, 11, 41, 201, 216, 228, 155, 54, 7, 57, 209, 147, 188, 73, 126, 113, 136, 36, 253, 250, 172, 245, 142, 121, 144, 122, 101, 60, 44, 173, 34, 8, 134, 32, 167, 26, 219, 200, 42, 111, 232, 35, 79, 138, 25, 194, 93, 159, 125, 254, 131, 202, 174, 28, 16, 237, 154, 184, 51, 117, 102, 181, 18, 70, 87, 81, 59, 105, 143, 98, 244, 220, 164, 46, 115, 120, 77, 190, 110, 191, 9, 158, 187, 169, 90, 63, 91, 82, 65, 168, 246, 157, 199, 33, 248, 45, 156, 112, 183, 203, 170, 234, 146, 149, 133, 107, 196, 226, 31, 252, 49, 175, 233, 61, 10, 208, 75, 108, 66, 145, 151, 198, 130, 240, 1, 152, 116, 74, 119, 103, 249, 20, 211, 195, 242, 197, 227, 13, 72, 206, 221, 166, 55, 27, 97, 213, 255, 37, 56, 185, 0, 235, 223, 94, 95, 47, 222, 118, 189, 212, 247, 14, 100, 238, 64, 214, 92, 162, 83, 84, 178, 62, 160, 215, 230, 21, 80, 3, 150, 29, 86, 96, 217, 48, 43, 128, 241, 4, 123, 231, 139, 210, 140, 23, 225, 

Нелінійність  = 96 

Алгебраїчний імунітет  = 3 

Дельта-рівномірність  = 10 

Лінійна збитковість = 0 



124, 114, 38, 109, 204, 50, 127, 224, 88, 180, 218, 193, 177, 19, 99, 6, 243, 67, 186, 40, 71, 171, 182, 229, 68, 39, 15, 69, 58, 137, 165, 24, 2, 52, 76, 132, 176, 104, 192, 163, 179, 141, 53, 5, 78, 129, 85, 239, 30, 12, 89, 17, 161, 236, 153, 22, 106, 207, 148, 251, 205, 135, 11, 41, 201, 216, 228, 155, 54, 7, 57, 209, 147, 188, 73, 126, 113, 136, 36, 253, 250, 172, 245, 142, 121, 144, 122, 101, 60, 44, 173, 34, 8, 134, 32, 167, 26, 219, 200, 42, 111, 232, 35, 79, 138, 25, 194, 93, 159, 125, 254, 131, 202, 174, 28, 16, 237, 154, 184, 51, 117, 102, 181, 18, 70, 87, 81, 59, 105, 143, 98, 244, 220, 164, 46, 115, 120, 77, 190, 110, 191, 9, 158, 187, 169, 90, 63, 91, 82, 65, 168, 246, 157, 199, 33, 248, 45, 156, 112, 183, 203, 170, 234, 146, 149, 133, 107, 196, 226, 31, 252, 49, 175, 233, 61, 10, 208, 75, 108, 66, 145, 151, 198, 130, 240, 1, 152, 116, 74, 119, 103, 249, 20, 211, 195, 242, 197, 227, 13, 72, 206, 221, 166, 55, 27, 97, 213, 255, 37, 56, 185, 0, 235, 223, 94, 95, 47, 222, 118, 189, 212, 247, 14, 100, 238, 64, 214, 92, 162, 83, 84, 178, 62, 160, 215, 230, 21, 80, 3, 150, 29, 86, 96, 217, 48, 43, 128, 241, 4, 123, 231, 139, 210, 140, 23, 225, 

Нелінійність  = 96 

Алгебраїчний імунітет  = 3 

Дельта-рівномірність  = 10 

Лінійна збитковість = 0 



108, 129, 169, 98, 221, 83, 153, 176, 44, 61, 92, 101, 170, 154, 189, 131, 130, 141, 148, 174, 208, 60, 119, 197, 206, 202, 110, 195, 125, 123, 109, 186, 143, 185, 31, 76, 3, 152, 205, 182, 42, 86, 190, 247, 163, 132, 62, 58, 28, 145, 29, 204, 49, 84, 9, 68, 87, 16, 112, 237, 94, 41, 6, 147, 47, 140, 43, 150, 27, 67, 128, 97, 53, 88, 64, 151, 228, 234, 52, 175, 156, 157, 21, 177, 99, 212, 187, 105, 23, 194, 180, 56, 142, 90, 235, 171, 227, 226, 33, 238, 136, 137, 138, 168, 71, 236, 24, 121, 45, 73, 25, 48, 85, 120, 8, 100, 117, 173, 213, 218, 210, 224, 164, 203, 50, 216, 160, 54, 242, 38, 207, 77, 51, 96, 159, 124, 32, 26, 240, 116, 89, 248, 10, 134, 230, 111, 181, 184, 63, 66, 223, 215, 7, 200, 211, 81, 231, 220, 18, 55, 122, 225, 219, 59, 214, 30, 93, 17, 165, 126, 40, 146, 80, 69, 161, 167, 193, 246, 79, 166, 192, 75, 252, 239, 104, 72, 106, 232, 11, 103, 196, 209, 255, 139, 201, 107, 57, 4, 115, 133, 217, 178, 114, 82, 65, 179, 102, 12, 244, 78, 254, 155, 249, 243, 113, 36, 162, 253, 95, 188, 22, 183, 70, 39, 135, 149, 0, 2, 198, 5, 46, 35, 191, 251, 199, 245, 118, 233, 20, 19, 158, 127, 229, 91, 250, 74, 172, 241, 13, 1, 14, 222, 144, 15, 37, 34, 

Нелінійність  = 96 

Алгебраїчний імунітет  = 3 

Дельта-рівномірність  = 10 

Лінійна збитковість = 0 



67, 148, 112, 132, 187, 66, 88, 154, 99, 59, 142, 73, 236, 161, 118, 84, 183, 133, 126, 255, 11, 156, 129, 246, 204, 131, 151, 128, 108, 120, 145, 209, 164, 227, 188, 104, 65, 90, 235, 172, 115, 189, 149, 226, 42, 175, 97, 103, 80, 98, 111, 27, 46, 159, 89, 184, 8, 40, 253, 163, 137, 20, 23, 199, 205, 50, 134, 15, 242, 62, 72, 153, 249, 63, 167, 122, 107, 197, 124, 78, 71, 214, 82, 177, 61, 248, 140, 100, 171, 220, 136, 58, 74, 57, 168, 125, 37, 178, 116, 219, 212, 135, 218, 147, 186, 155, 81, 231, 102, 55, 150, 196, 127, 6, 121, 91, 21, 152, 44, 45, 200, 33, 173, 96, 1, 117, 239, 224, 244, 38, 47, 180, 94, 69, 211, 233, 166, 101, 119, 79, 157, 144, 22, 143, 130, 191, 210, 213, 41, 138, 162, 228, 141, 28, 114, 4, 203, 179, 252, 222, 230, 192, 53, 24, 54, 232, 217, 56, 170, 202, 34, 160, 254, 206, 76, 5, 229, 95, 0, 243, 48, 17, 68, 245, 216, 105, 77, 3, 113, 83, 234, 39, 7, 2, 106, 29, 215, 182, 201, 193, 190, 32, 110, 35, 198, 25, 181, 85, 223, 194, 176, 237, 251, 185, 31, 165, 12, 26, 169, 36, 109, 247, 123, 18, 30, 240, 52, 92, 93, 250, 49, 158, 174, 14, 10, 75, 221, 43, 207, 70, 146, 238, 64, 139, 195, 13, 86, 241, 60, 19, 51, 16, 225, 87, 208, 9, 

Нелінійність  = 96 

Алгебраїчний імунітет  = 3 

Дельта-рівномірність  = 12 

Лінійна збитковість = 0 



102, 134, 195, 137, 22, 161, 99, 198, 37, 116, 21, 185, 71, 143, 239, 223, 190, 231, 216, 205, 162, 38, 249, 251, 16, 120, 44, 19, 100, 252, 92, 94, 98, 186, 214, 232, 222, 51, 43, 243, 217, 188, 138, 206, 146, 42, 41, 48, 6, 191, 11, 107, 180, 96, 149, 233, 196, 123, 135, 229, 8, 201, 80, 189, 111, 78, 155, 76, 28, 207, 122, 140, 47, 13, 91, 175, 0, 57, 58, 45, 209, 244, 53, 75, 240, 4, 70, 108, 150, 73, 15, 79, 141, 50, 112, 245, 176, 2, 145, 192, 52, 3, 67, 184, 31, 255, 104, 159, 32, 27, 170, 203, 90, 179, 200, 160, 89, 17, 220, 172, 164, 81, 253, 97, 250, 158, 156, 208, 93, 173, 227, 148, 124, 142, 14, 219, 12, 204, 221, 40, 165, 213, 55, 113, 54, 166, 95, 86, 187, 23, 247, 61, 39, 181, 30, 177, 133, 64, 199, 193, 110, 77, 72, 129, 154, 171, 254, 147, 167, 125, 84, 36, 18, 151, 130, 225, 34, 62, 194, 106, 182, 49, 248, 228, 20, 35, 83, 117, 127, 237, 241, 66, 87, 63, 168, 121, 152, 56, 82, 1, 163, 118, 157, 9, 119, 211, 33, 136, 183, 68, 59, 65, 109, 128, 238, 126, 88, 178, 230, 114, 169, 242, 85, 210, 105, 74, 224, 235, 132, 234, 197, 212, 29, 25, 115, 236, 7, 5, 131, 139, 215, 26, 218, 10, 24, 101, 246, 60, 103, 202, 46, 174, 153, 69, 226, 144, 

Нелінійність  = 96 

Алгебраїчний імунітет  = 3 

Дельта-рівномірність  = 10 

Лінійна збитковість = 0 



194, 145, 21, 209, 118, 52, 0, 230, 138, 244, 71, 226, 92, 251, 197, 93, 121, 239, 232, 41, 162, 127, 58, 37, 68, 77, 73, 143, 213, 195, 178, 30, 220, 48, 224, 31, 182, 120, 5, 189, 60, 35, 183, 109, 132, 252, 184, 190, 100, 223, 248, 137, 172, 43, 49, 62, 238, 154, 192, 219, 39, 165, 210, 80, 1, 245, 128, 152, 54, 168, 160, 32, 129, 243, 218, 69, 114, 81, 157, 151, 42, 167, 225, 207, 108, 241, 169, 214, 24, 140, 206, 171, 88, 163, 59, 33, 255, 191, 221, 50, 119, 141, 75, 133, 53, 72, 179, 126, 215, 250, 124, 117, 27, 158, 11, 231, 227, 47, 44, 17, 102, 249, 180, 216, 76, 8, 204, 155, 148, 104, 164, 106, 9, 205, 91, 99, 84, 55, 200, 175, 235, 113, 13, 82, 135, 97, 16, 29, 236, 176, 254, 45, 211, 253, 131, 229, 96, 208, 237, 246, 103, 18, 28, 203, 19, 79, 87, 146, 74, 139, 66, 2, 217, 64, 115, 46, 186, 61, 3, 247, 122, 181, 134, 234, 125, 14, 240, 26, 188, 112, 25, 110, 170, 12, 142, 101, 51, 198, 185, 174, 161, 228, 89, 156, 95, 242, 57, 111, 7, 83, 85, 107, 90, 196, 136, 123, 116, 4, 187, 78, 201, 147, 86, 63, 202, 38, 23, 105, 150, 166, 199, 193, 233, 159, 173, 149, 34, 40, 212, 153, 22, 67, 36, 10, 15, 98, 130, 56, 222, 20, 65, 70, 144, 94, 177, 6, 

Нелінійність  = 96 

Алгебраїчний імунітет  = 3 

Дельта-рівномірність  = 10 

Лінійна збитковість = 0 



114, 39, 2, 138, 73, 181, 165, 166, 0, 68, 158, 238, 184, 172, 53, 195, 198, 149, 248, 13, 154, 66, 61, 169, 241, 155, 86, 239, 112, 157, 192, 36, 41, 28, 126, 105, 161, 29, 38, 90, 32, 189, 211, 144, 113, 115, 109, 72, 177, 200, 254, 208, 101, 136, 162, 226, 37, 243, 143, 111, 176, 183, 69, 141, 244, 171, 151, 247, 129, 96, 228, 160, 4, 179, 12, 237, 104, 10, 135, 185, 227, 76, 130, 42, 140, 221, 252, 74, 250, 121, 217, 242, 51, 235, 186, 20, 11, 65, 102, 124, 167, 54, 47, 77, 21, 59, 87, 159, 3, 58, 255, 164, 219, 108, 23, 191, 156, 49, 22, 56, 210, 85, 127, 202, 163, 207, 178, 180, 67, 57, 212, 128, 133, 24, 110, 190, 168, 182, 8, 117, 139, 33, 14, 245, 91, 64, 236, 83, 98, 196, 122, 150, 94, 19, 224, 203, 99, 103, 81, 233, 173, 187, 197, 71, 27, 120, 230, 46, 88, 78, 84, 229, 153, 52, 216, 31, 170, 92, 30, 146, 60, 63, 79, 246, 6, 82, 234, 251, 95, 1, 16, 107, 175, 70, 17, 18, 50, 231, 213, 116, 204, 194, 123, 25, 253, 134, 7, 45, 62, 137, 240, 34, 193, 205, 249, 55, 174, 15, 40, 100, 148, 206, 75, 44, 125, 152, 131, 188, 225, 132, 222, 80, 119, 35, 223, 220, 218, 89, 118, 147, 199, 232, 142, 145, 201, 5, 97, 9, 214, 48, 93, 209, 43, 215, 106, 26, 

Нелінійність  = 96 

Алгебраїчний імунітет  = 3 

Дельта-рівномірність  = 12 

Лінійна збитковість = 0 



214, 188, 82, 215, 180, 209, 34, 4, 129, 207, 86, 205, 156, 243, 206, 124, 154, 248, 236, 91, 187, 128, 120, 147, 106, 97, 109, 201, 218, 226, 186, 68, 250, 240, 252, 72, 193, 107, 43, 1, 196, 127, 231, 161, 150, 237, 163, 177, 88, 234, 224, 145, 167, 69, 35, 108, 204, 12, 190, 242, 64, 160, 157, 148, 29, 62, 89, 146, 53, 184, 164, 110, 137, 212, 93, 125, 92, 170, 155, 152, 79, 197, 199, 153, 138, 235, 210, 151, 101, 176, 192, 144, 112, 141, 21, 90, 136, 228, 219, 123, 159, 28, 76, 103, 63, 14, 54, 185, 23, 216, 95, 36, 42, 165, 60, 217, 227, 59, 221, 66, 143, 232, 203, 194, 22, 169, 225, 113, 142, 132, 173, 191, 61, 168, 98, 25, 85, 114, 211, 162, 229, 87, 37, 202, 126, 100, 38, 122, 15, 116, 18, 27, 179, 11, 49, 17, 51, 24, 13, 245, 5, 52, 65, 200, 16, 94, 247, 233, 230, 3, 19, 241, 104, 8, 32, 70, 253, 75, 71, 26, 119, 140, 111, 171, 117, 58, 183, 46, 149, 251, 9, 102, 74, 40, 134, 115, 84, 131, 83, 44, 39, 222, 246, 45, 249, 6, 78, 182, 57, 181, 172, 48, 67, 133, 213, 33, 130, 239, 195, 135, 223, 41, 175, 121, 10, 30, 208, 118, 158, 96, 244, 2, 50, 255, 139, 174, 77, 80, 166, 105, 189, 178, 55, 47, 73, 198, 0, 56, 238, 81, 7, 220, 31, 99, 20, 254, 

Нелінійність  = 96 

Алгебраїчний імунітет  = 3 

Дельта-рівномірність  = 12 

Лінійна збитковість = 0 



234, 237, 33, 212, 185, 115, 93, 71, 174, 80, 48, 186, 117, 105, 156, 144, 211, 160, 129, 196, 173, 168, 50, 4, 242, 158, 73, 194, 236, 238, 112, 21, 188, 18, 81, 103, 40, 55, 157, 75, 26, 82, 39, 83, 183, 88, 215, 45, 86, 222, 145, 241, 10, 42, 8, 46, 195, 17, 213, 243, 65, 58, 44, 206, 132, 137, 14, 139, 170, 198, 87, 19, 219, 128, 124, 95, 72, 61, 231, 190, 200, 29, 94, 224, 254, 106, 159, 36, 53, 37, 98, 79, 97, 41, 111, 255, 131, 138, 120, 154, 0, 24, 223, 177, 116, 133, 47, 104, 99, 165, 163, 101, 147, 172, 1, 161, 204, 143, 153, 76, 141, 230, 152, 92, 63, 205, 203, 240, 23, 6, 247, 2, 110, 134, 31, 135, 169, 175, 248, 218, 249, 192, 233, 246, 13, 12, 155, 162, 180, 108, 150, 146, 167, 35, 123, 78, 221, 245, 34, 96, 51, 216, 90, 142, 118, 136, 59, 5, 25, 227, 52, 151, 208, 202, 148, 62, 119, 130, 64, 114, 43, 251, 68, 100, 113, 179, 57, 182, 122, 3, 187, 229, 199, 176, 9, 28, 121, 70, 49, 77, 15, 54, 220, 89, 244, 166, 239, 225, 217, 32, 85, 20, 232, 91, 16, 27, 11, 164, 74, 207, 84, 250, 7, 109, 189, 102, 171, 140, 127, 125, 235, 226, 30, 209, 107, 69, 193, 252, 22, 66, 38, 126, 67, 181, 201, 184, 197, 191, 178, 210, 56, 228, 149, 214, 253, 60, 

Нелінійність  = 94 

Алгебраїчний імунітет  = 3 

Дельта-рівномірність  = 10 

Лінійна збитковість = 0 



10, 38, 15, 73, 29, 60, 212, 95, 150, 24, 105, 149, 3, 103, 205, 187, 159, 31, 176, 111, 107, 94, 34, 74, 96, 225, 90, 175, 99, 181, 186, 130, 20, 217, 35, 147, 86, 53, 151, 67, 156, 45, 43, 240, 219, 138, 92, 144, 231, 246, 5, 188, 6, 108, 145, 110, 203, 199, 81, 152, 235, 126, 157, 223, 161, 61, 0, 132, 30, 113, 206, 66, 251, 68, 169, 55, 127, 1, 213, 80, 208, 196, 85, 134, 82, 84, 4, 204, 27, 119, 177, 155, 182, 57, 131, 136, 172, 28, 164, 77, 242, 21, 167, 41, 109, 220, 71, 26, 171, 248, 89, 120, 230, 253, 123, 238, 178, 124, 16, 215, 207, 154, 195, 228, 247, 141, 254, 62, 91, 170, 183, 18, 229, 140, 255, 39, 209, 76, 180, 125, 168, 160, 244, 37, 211, 87, 232, 58, 198, 97, 22, 8, 189, 112, 190, 42, 237, 158, 51, 201, 115, 192, 101, 13, 226, 143, 40, 185, 214, 49, 241, 184, 165, 200, 33, 56, 25, 224, 139, 63, 17, 46, 129, 162, 210, 2, 19, 221, 250, 191, 32, 116, 166, 44, 233, 252, 12, 117, 7, 146, 236, 100, 197, 227, 133, 75, 163, 70, 239, 88, 202, 153, 234, 78, 64, 222, 79, 72, 243, 36, 83, 93, 194, 118, 23, 216, 137, 69, 142, 114, 14, 102, 106, 122, 52, 245, 65, 98, 50, 47, 59, 54, 174, 148, 249, 135, 11, 48, 193, 173, 121, 179, 128, 218, 104, 9, 

Нелінійність  = 94 

Алгебраїчний імунітет  = 3 

Дельта-рівномірність  = 12 

Лінійна збитковість = 0 



157, 217, 49, 151, 172, 40, 214, 203, 179, 65, 226, 91, 5, 6, 90, 155, 197, 20, 198, 9, 16, 22, 190, 254, 232, 244, 209, 113, 183, 180, 69, 131, 143, 2, 124, 165, 229, 50, 111, 251, 85, 240, 123, 33, 82, 149, 213, 71, 32, 44, 225, 27, 26, 106, 8, 118, 252, 47, 99, 176, 119, 247, 175, 223, 241, 236, 100, 182, 56, 10, 78, 248, 58, 196, 12, 83, 239, 60, 200, 122, 237, 81, 129, 142, 64, 17, 103, 73, 253, 249, 156, 3, 67, 29, 185, 101, 39, 147, 105, 57, 199, 204, 153, 141, 37, 51, 163, 192, 7, 222, 169, 144, 43, 205, 114, 13, 23, 112, 211, 11, 19, 186, 25, 187, 189, 242, 48, 218, 92, 110, 104, 135, 219, 14, 68, 167, 235, 138, 161, 128, 177, 184, 77, 158, 24, 230, 93, 134, 255, 59, 108, 250, 1, 97, 30, 201, 66, 70, 0, 228, 160, 146, 139, 188, 220, 193, 76, 74, 35, 125, 96, 89, 137, 136, 233, 55, 84, 54, 215, 80, 221, 86, 117, 150, 216, 94, 246, 191, 102, 194, 168, 120, 98, 4, 234, 63, 130, 72, 245, 52, 195, 75, 127, 15, 28, 126, 109, 178, 38, 154, 206, 42, 115, 243, 133, 210, 174, 132, 107, 87, 212, 53, 46, 238, 171, 79, 231, 164, 18, 166, 148, 202, 34, 173, 224, 162, 61, 181, 36, 207, 116, 159, 145, 208, 88, 62, 21, 121, 31, 227, 95, 170, 45, 140, 41, 152, 

Нелінійність  = 94 

Алгебраїчний імунітет  = 3 

Дельта-рівномірність  = 10 

Лінійна збитковість = 0 



242, 201, 159, 34, 75, 78, 207, 185, 225, 116, 94, 1, 140, 86, 232, 93, 209, 131, 165, 69, 177, 246, 194, 99, 171, 228, 70, 154, 199, 189, 80, 60, 250, 182, 144, 151, 241, 87, 100, 4, 183, 23, 252, 253, 25, 3, 179, 126, 68, 134, 195, 90, 218, 27, 57, 190, 222, 149, 143, 6, 184, 192, 198, 238, 55, 239, 114, 81, 254, 89, 36, 14, 37, 33, 56, 135, 213, 148, 203, 217, 124, 2, 88, 216, 113, 233, 255, 101, 146, 43, 142, 103, 188, 73, 175, 191, 123, 46, 84, 173, 247, 202, 214, 102, 138, 51, 166, 109, 119, 64, 145, 115, 244, 107, 163, 150, 193, 18, 221, 0, 136, 160, 17, 155, 62, 40, 223, 117, 49, 83, 229, 13, 118, 147, 54, 132, 7, 245, 226, 227, 63, 12, 161, 208, 9, 24, 121, 156, 48, 237, 157, 112, 235, 204, 15, 104, 71, 176, 67, 215, 219, 95, 120, 168, 79, 110, 251, 169, 22, 44, 122, 231, 197, 58, 76, 230, 139, 137, 97, 59, 128, 74, 186, 248, 11, 162, 66, 111, 133, 52, 19, 29, 42, 236, 98, 39, 10, 172, 181, 240, 45, 105, 206, 61, 16, 65, 85, 130, 205, 92, 47, 125, 167, 153, 180, 50, 243, 174, 127, 41, 234, 249, 152, 106, 28, 96, 196, 108, 38, 129, 5, 170, 26, 77, 178, 82, 31, 32, 20, 210, 21, 141, 91, 8, 158, 187, 72, 164, 211, 53, 35, 220, 30, 200, 224, 212, 

Нелінійність  = 94 

Алгебраїчний імунітет  = 3 

Дельта-рівномірність  = 12 

Лінійна збитковість = 0 



227, 169, 108, 218, 107, 213, 204, 42, 113, 207, 221, 90, 48, 13, 47, 52, 56, 30, 200, 203, 193, 1, 91, 101, 7, 44, 92, 145, 222, 27, 195, 118, 126, 173, 50, 72, 176, 2, 94, 202, 111, 161, 59, 235, 137, 73, 151, 78, 177, 65, 103, 125, 15, 100, 175, 201, 167, 246, 196, 143, 150, 123, 62, 232, 25, 253, 194, 99, 228, 189, 242, 225, 120, 210, 211, 36, 168, 183, 46, 57, 178, 190, 166, 152, 191, 19, 16, 254, 136, 31, 162, 229, 68, 251, 237, 121, 117, 219, 160, 35, 14, 163, 214, 185, 171, 114, 53, 80, 29, 205, 17, 209, 32, 24, 124, 179, 141, 241, 199, 6, 187, 245, 188, 170, 11, 165, 112, 138, 28, 98, 159, 212, 224, 102, 51, 66, 181, 164, 88, 23, 0, 233, 142, 43, 67, 231, 110, 119, 197, 9, 64, 172, 76, 148, 49, 134, 234, 149, 158, 93, 37, 249, 192, 5, 230, 250, 83, 174, 77, 252, 223, 84, 131, 130, 4, 79, 236, 146, 217, 81, 95, 33, 135, 20, 157, 71, 180, 155, 240, 184, 60, 87, 63, 105, 18, 206, 21, 144, 86, 54, 156, 69, 8, 75, 116, 140, 96, 74, 147, 41, 208, 109, 255, 122, 10, 45, 97, 139, 248, 226, 182, 85, 55, 34, 40, 82, 216, 132, 220, 106, 104, 61, 39, 26, 243, 12, 247, 127, 3, 89, 244, 22, 239, 153, 58, 128, 238, 38, 186, 198, 215, 154, 70, 115, 133, 129, 

Нелінійність  = 94 

Алгебраїчний імунітет  = 3 

Дельта-рівномірність  = 14 

Лінійна збитковість = 0 



Час виконання: 141.274000 секунд

Блок з необхідними параметрами знайдено

Кількість виконаних ітерацій = 4 
_______________________________________________________________________________________________
