
Початкове число ітерацій = 150
N = 10
PSO S-boxes:
99, 124, 119, 123, 242, 107, 111, 197, 48, 1, 103, 43, 254, 215, 171, 118, 202, 130, 201, 125, 250, 89, 71, 240, 173, 212, 162, 175, 156, 164, 114, 192, 183, 253, 147, 38, 54, 63, 247, 204, 52, 165, 229, 241, 113, 216, 49, 21, 4, 199, 35, 195, 24, 150, 5, 154, 7, 18, 128, 226, 235, 39, 178, 117, 9, 131, 44, 26, 27, 110, 90, 160, 82, 59, 214, 179, 41, 227, 47, 132, 83, 209, 0, 237, 32, 252, 177, 91, 106, 203, 190, 57, 74, 76, 88, 207, 208, 239, 170, 251, 67, 77, 51, 133, 69, 249, 2, 127, 80, 60, 159, 168, 81, 163, 64, 143, 146, 157, 56, 245, 188, 182, 218, 33, 16, 255, 243, 210, 205, 12, 19, 236, 95, 151, 68, 23, 196, 167, 126, 61, 100, 93, 25, 115, 96, 129, 79, 220, 34, 42, 144, 136, 70, 238, 184, 20, 222, 94, 11, 219, 224, 50, 58, 10, 73, 6, 36, 92, 194, 211, 172, 98, 145, 149, 228, 121, 231, 200, 55, 109, 141, 213, 78, 169, 108, 86, 244, 234, 101, 122, 174, 8, 186, 120, 37, 46, 28, 166, 180, 198, 232, 221, 116, 31, 75, 189, 139, 138, 112, 62, 181, 102, 72, 3, 246, 14, 97, 53, 87, 185, 134, 193, 29, 158, 225, 248, 152, 17, 105, 217, 142, 148, 155, 30, 135, 233, 206, 85, 40, 223, 140, 161, 137, 13, 191, 230, 66, 104, 65, 153, 45, 15, 176, 84, 187, 22, 

Нелінійність  = 112 

Алгебраїчний імунітет  = 2 

Дельта-рівномірність  = 4 

Лінійна збитковість = 255 



99, 124, 119, 123, 242, 107, 111, 197, 48, 1, 103, 43, 254, 215, 171, 118, 202, 130, 201, 125, 250, 89, 71, 240, 173, 212, 162, 175, 156, 164, 114, 192, 183, 253, 147, 38, 54, 63, 204, 247, 52, 165, 229, 241, 113, 216, 49, 21, 4, 199, 35, 195, 24, 150, 5, 154, 7, 18, 128, 226, 235, 39, 178, 117, 9, 131, 44, 26, 27, 110, 90, 160, 82, 59, 214, 179, 41, 227, 47, 132, 83, 209, 0, 237, 32, 252, 177, 91, 106, 203, 190, 57, 74, 76, 88, 207, 208, 239, 170, 251, 67, 77, 51, 133, 69, 249, 2, 127, 80, 60, 159, 168, 81, 163, 64, 143, 146, 157, 56, 245, 188, 182, 218, 33, 16, 255, 243, 210, 205, 12, 19, 236, 95, 151, 68, 23, 196, 167, 126, 61, 100, 93, 25, 115, 96, 129, 79, 220, 34, 42, 144, 136, 70, 238, 184, 20, 222, 94, 11, 219, 224, 50, 58, 10, 73, 6, 36, 92, 194, 211, 172, 98, 145, 149, 228, 121, 231, 200, 55, 109, 141, 213, 78, 169, 108, 86, 244, 234, 101, 122, 174, 8, 186, 120, 37, 46, 28, 166, 180, 198, 232, 221, 116, 31, 75, 189, 139, 138, 112, 62, 181, 102, 72, 3, 246, 14, 97, 53, 87, 185, 134, 193, 29, 158, 225, 248, 152, 17, 105, 217, 142, 148, 155, 30, 135, 233, 206, 85, 40, 223, 140, 161, 137, 13, 191, 230, 66, 104, 65, 153, 45, 15, 176, 84, 187, 22, 

Нелінійність  = 110 

Алгебраїчний імунітет  = 2 

Дельта-рівномірність  = 6 

Лінійна збитковість = 126 



99, 124, 119, 123, 242, 81, 57, 197, 48, 187, 103, 26, 254, 21, 171, 118, 202, 68, 201, 125, 250, 89, 34, 240, 173, 233, 162, 175, 156, 164, 114, 192, 105, 253, 45, 38, 54, 63, 214, 79, 52, 165, 25, 241, 113, 216, 49, 142, 209, 199, 35, 195, 24, 150, 5, 154, 7, 18, 128, 226, 235, 39, 178, 117, 9, 131, 44, 43, 27, 110, 90, 160, 82, 59, 146, 179, 41, 227, 47, 132, 83, 4, 0, 237, 32, 252, 177, 91, 106, 203, 190, 111, 74, 76, 88, 207, 208, 239, 170, 251, 67, 77, 51, 133, 69, 249, 2, 127, 80, 60, 159, 168, 107, 163, 64, 143, 108, 157, 56, 245, 188, 182, 218, 33, 16, 255, 243, 210, 205, 12, 19, 236, 95, 151, 130, 23, 196, 167, 126, 61, 100, 93, 229, 115, 96, 129, 13, 220, 71, 42, 144, 136, 70, 238, 184, 20, 222, 94, 11, 219, 224, 50, 58, 10, 73, 6, 36, 92, 194, 211, 172, 98, 145, 149, 228, 121, 231, 200, 55, 109, 141, 213, 78, 169, 3, 86, 244, 234, 101, 122, 174, 8, 186, 120, 37, 46, 28, 166, 180, 198, 232, 221, 116, 31, 75, 189, 139, 138, 112, 62, 181, 102, 72, 246, 191, 14, 97, 53, 87, 185, 134, 193, 29, 158, 225, 248, 152, 17, 183, 217, 215, 148, 155, 30, 135, 212, 206, 85, 40, 223, 140, 161, 137, 84, 230, 147, 66, 104, 65, 153, 15, 204, 176, 1, 22, 247, 

Нелінійність  = 102 

Алгебраїчний імунітет  = 3 

Дельта-рівномірність  = 8 

Лінійна збитковість = 0 



99, 124, 119, 123, 242, 107, 57, 201, 130, 1, 103, 43, 254, 72, 171, 112, 202, 48, 129, 125, 250, 89, 71, 240, 173, 212, 162, 21, 156, 44, 114, 192, 105, 253, 147, 38, 54, 31, 210, 150, 52, 187, 229, 249, 113, 216, 217, 175, 4, 199, 35, 195, 24, 140, 5, 154, 7, 18, 128, 226, 235, 39, 178, 117, 9, 131, 164, 26, 27, 110, 90, 160, 82, 59, 214, 179, 41, 227, 47, 132, 83, 209, 0, 237, 32, 252, 177, 91, 165, 203, 190, 111, 74, 76, 88, 207, 208, 239, 170, 251, 67, 77, 51, 133, 69, 241, 2, 127, 80, 60, 159, 168, 81, 163, 64, 143, 146, 157, 56, 245, 188, 182, 218, 33, 16, 255, 243, 194, 205, 12, 19, 236, 95, 151, 68, 23, 196, 167, 126, 61, 100, 93, 25, 115, 96, 197, 79, 220, 34, 42, 144, 136, 70, 238, 184, 20, 222, 94, 11, 219, 224, 50, 58, 10, 73, 6, 36, 92, 104, 211, 172, 98, 145, 149, 228, 121, 231, 200, 55, 109, 141, 213, 78, 169, 108, 86, 244, 234, 101, 122, 174, 8, 186, 120, 37, 46, 28, 166, 180, 198, 232, 221, 116, 63, 75, 189, 139, 138, 118, 62, 181, 102, 215, 3, 246, 14, 97, 53, 87, 185, 134, 193, 29, 158, 225, 248, 152, 17, 183, 49, 142, 148, 155, 30, 135, 233, 206, 85, 40, 223, 153, 161, 137, 13, 191, 230, 66, 45, 65, 15, 22, 204, 176, 84, 106, 247, 

Нелінійність  = 100 

Алгебраїчний імунітет  = 3 

Дельта-рівномірність  = 8 

Лінійна збитковість = 0 



99, 124, 119, 123, 242, 107, 111, 202, 80, 1, 103, 43, 254, 215, 171, 118, 197, 235, 201, 92, 250, 89, 71, 240, 173, 212, 224, 175, 156, 164, 114, 192, 183, 253, 48, 38, 54, 236, 63, 19, 52, 165, 229, 241, 113, 216, 49, 142, 145, 199, 35, 195, 24, 150, 5, 154, 7, 18, 128, 226, 130, 39, 178, 117, 9, 131, 44, 26, 27, 110, 90, 160, 82, 59, 214, 179, 41, 227, 47, 132, 83, 209, 0, 237, 32, 252, 177, 91, 106, 203, 190, 57, 74, 76, 88, 207, 208, 239, 170, 251, 67, 77, 51, 133, 69, 249, 2, 127, 147, 60, 159, 168, 81, 163, 64, 143, 146, 157, 56, 245, 188, 182, 62, 33, 16, 255, 243, 210, 205, 12, 218, 198, 95, 151, 68, 23, 196, 167, 126, 61, 100, 93, 25, 115, 96, 129, 79, 220, 34, 42, 144, 136, 70, 238, 184, 20, 222, 94, 11, 219, 15, 50, 58, 10, 73, 6, 36, 125, 194, 211, 172, 98, 4, 149, 228, 121, 231, 200, 55, 109, 141, 213, 78, 169, 108, 86, 244, 234, 101, 122, 174, 8, 186, 120, 37, 46, 28, 166, 180, 104, 232, 221, 116, 31, 75, 189, 139, 138, 112, 187, 181, 102, 72, 3, 246, 14, 97, 53, 87, 185, 134, 193, 29, 158, 225, 248, 152, 17, 105, 217, 21, 148, 155, 30, 135, 233, 206, 85, 40, 223, 140, 161, 137, 13, 191, 230, 66, 84, 65, 153, 45, 162, 176, 22, 247, 204, 

Нелінійність  = 100 

Алгебраїчний імунітет  = 2 

Дельта-рівномірність  = 8 

Лінійна збитковість = 0 



124, 114, 38, 109, 204, 50, 127, 224, 88, 180, 218, 193, 177, 19, 99, 6, 243, 67, 186, 40, 71, 171, 182, 229, 68, 39, 15, 69, 58, 137, 165, 24, 2, 52, 76, 132, 176, 104, 192, 163, 179, 141, 53, 5, 78, 129, 85, 239, 30, 12, 89, 17, 161, 236, 153, 22, 106, 207, 148, 251, 205, 135, 11, 41, 201, 216, 228, 155, 54, 7, 57, 209, 147, 188, 73, 126, 113, 136, 36, 253, 250, 172, 245, 142, 121, 144, 122, 101, 60, 44, 173, 34, 8, 134, 32, 167, 26, 219, 200, 42, 111, 232, 35, 79, 138, 25, 194, 93, 159, 125, 254, 131, 202, 174, 28, 16, 237, 154, 184, 51, 117, 102, 181, 18, 70, 87, 81, 59, 105, 143, 98, 244, 220, 164, 46, 115, 120, 77, 190, 110, 191, 9, 158, 187, 169, 90, 63, 91, 82, 65, 168, 246, 157, 199, 33, 248, 45, 156, 112, 183, 203, 170, 234, 146, 149, 133, 107, 196, 226, 31, 252, 49, 175, 233, 61, 10, 208, 75, 108, 66, 145, 151, 198, 130, 240, 1, 152, 116, 74, 119, 103, 249, 20, 211, 195, 242, 197, 227, 13, 72, 206, 221, 166, 55, 27, 97, 213, 255, 37, 56, 185, 0, 235, 223, 94, 95, 47, 222, 118, 189, 212, 247, 14, 100, 238, 64, 214, 92, 162, 83, 84, 178, 62, 160, 215, 230, 21, 80, 3, 150, 29, 86, 96, 217, 48, 43, 128, 241, 4, 123, 231, 139, 210, 140, 23, 225, 

Нелінійність  = 96 

Алгебраїчний імунітет  = 3 

Дельта-рівномірність  = 10 

Лінійна збитковість = 0 



82, 168, 215, 141, 195, 64, 185, 73, 150, 65, 175, 77, 173, 163, 183, 45, 132, 85, 137, 161, 75, 109, 191, 229, 184, 139, 204, 95, 228, 98, 227, 152, 162, 246, 67, 81, 138, 104, 252, 213, 76, 48, 170, 0, 245, 56, 43, 172, 177, 6, 34, 61, 19, 255, 156, 160, 28, 22, 114, 221, 235, 121, 97, 123, 93, 220, 101, 47, 186, 218, 38, 66, 53, 253, 176, 107, 106, 79, 99, 145, 207, 171, 134, 14, 12, 194, 198, 216, 102, 69, 10, 149, 129, 24, 154, 135, 59, 237, 140, 124, 144, 91, 4, 174, 217, 74, 1, 225, 54, 92, 87, 203, 147, 189, 84, 232, 190, 17, 133, 70, 122, 71, 63, 44, 96, 159, 208, 9, 15, 20, 113, 239, 200, 182, 142, 157, 13, 165, 26, 158, 192, 219, 52, 46, 131, 117, 110, 58, 119, 88, 249, 201, 181, 193, 100, 127, 90, 230, 62, 240, 169, 223, 51, 236, 5, 108, 16, 29, 130, 153, 112, 33, 231, 50, 105, 243, 248, 94, 247, 35, 210, 155, 180, 125, 111, 238, 206, 2, 214, 31, 146, 49, 136, 86, 188, 57, 128, 244, 226, 224, 60, 197, 202, 196, 37, 212, 151, 8, 78, 27, 143, 3, 89, 167, 205, 120, 30, 251, 23, 179, 21, 41, 118, 234, 11, 254, 7, 164, 72, 241, 25, 187, 233, 209, 250, 166, 222, 103, 115, 148, 39, 116, 211, 199, 126, 178, 242, 80, 40, 83, 36, 68, 32, 42, 55, 18, 

Нелінійність  = 96 

Алгебраїчний імунітет  = 3 

Дельта-рівномірність  = 12 

Лінійна збитковість = 0 



30, 191, 195, 164, 163, 161, 185, 73, 231, 127, 154, 54, 235, 136, 133, 34, 121, 160, 114, 76, 186, 153, 168, 105, 182, 82, 102, 214, 151, 174, 85, 108, 206, 218, 183, 84, 167, 188, 116, 125, 22, 57, 37, 93, 104, 148, 14, 27, 146, 90, 94, 129, 46, 47, 200, 65, 107, 242, 70, 8, 97, 66, 3, 83, 48, 199, 135, 41, 45, 109, 55, 134, 118, 17, 38, 189, 5, 144, 86, 184, 52, 63, 246, 122, 42, 79, 247, 44, 201, 106, 100, 126, 15, 143, 32, 91, 31, 233, 111, 113, 110, 23, 50, 130, 64, 158, 21, 166, 81, 68, 137, 225, 193, 202, 131, 203, 132, 170, 216, 176, 198, 9, 74, 26, 165, 162, 178, 39, 219, 43, 173, 112, 123, 150, 29, 103, 213, 67, 180, 177, 89, 255, 254, 239, 60, 156, 171, 11, 243, 149, 7, 145, 138, 207, 222, 169, 61, 51, 194, 69, 240, 251, 115, 204, 139, 175, 33, 36, 212, 20, 101, 192, 96, 217, 71, 53, 241, 236, 78, 142, 75, 210, 59, 80, 190, 215, 248, 12, 147, 0, 117, 16, 19, 124, 155, 10, 6, 72, 208, 1, 98, 224, 99, 13, 238, 56, 181, 232, 196, 40, 249, 228, 49, 227, 2, 244, 187, 28, 140, 120, 229, 88, 25, 205, 157, 226, 95, 223, 58, 18, 119, 245, 24, 221, 152, 77, 35, 220, 253, 4, 211, 237, 230, 172, 62, 179, 87, 252, 209, 234, 159, 92, 141, 128, 197, 250, 

Нелінійність  = 96 

Алгебраїчний імунітет  = 3 

Дельта-рівномірність  = 10 

Лінійна збитковість = 0 



104, 127, 114, 125, 238, 31, 77, 230, 113, 51, 144, 89, 246, 98, 165, 105, 208, 70, 178, 121, 231, 126, 112, 240, 166, 195, 150, 61, 151, 81, 88, 177, 237, 235, 140, 76, 96, 74, 209, 172, 68, 205, 212, 222, 115, 206, 171, 154, 12, 182, 69, 179, 86, 174, 50, 143, 19, 65, 133, 232, 233, 53, 162, 253, 60, 169, 27, 245, 35, 157, 87, 192, 91, 30, 201, 33, 78, 217, 134, 173, 204, 196, 57, 228, 71, 242, 21, 95, 159, 187, 215, 94, 14, 84, 164, 203, 189, 191, 160, 130, 73, 45, 52, 132, 79, 220, 49, 214, 90, 149, 198, 67, 97, 168, 62, 226, 63, 183, 72, 225, 181, 42, 241, 32, 26, 229, 249, 185, 54, 56, 39, 10, 118, 153, 163, 34, 122, 92, 234, 7, 139, 211, 184, 124, 37, 161, 38, 44, 41, 11, 251, 5, 83, 25, 244, 20, 22, 218, 243, 48, 116, 93, 106, 190, 82, 75, 64, 194, 43, 55, 15, 2, 8, 216, 3, 141, 239, 180, 102, 158, 136, 99, 120, 123, 199, 224, 47, 248, 101, 128, 236, 200, 170, 131, 58, 28, 119, 138, 254, 108, 0, 46, 188, 59, 80, 156, 213, 18, 109, 23, 210, 6, 227, 175, 219, 85, 100, 167, 193, 186, 148, 129, 221, 147, 66, 17, 223, 40, 197, 110, 176, 152, 137, 117, 13, 135, 155, 247, 4, 111, 146, 252, 142, 36, 207, 145, 1, 107, 103, 16, 24, 29, 255, 250, 9, 202, 

Нелінійність  = 96 

Алгебраїчний імунітет  = 3 

Дельта-рівномірність  = 14 

Лінійна збитковість = 0 



86, 166, 220, 144, 202, 111, 172, 101, 141, 62, 160, 73, 224, 171, 176, 63, 147, 103, 148, 205, 123, 139, 16, 219, 186, 152, 185, 153, 210, 121, 190, 183, 200, 15, 97, 76, 154, 135, 229, 212, 66, 198, 168, 59, 158, 126, 47, 127, 167, 57, 44, 98, 51, 194, 157, 149, 36, 102, 115, 203, 4, 19, 104, 120, 39, 211, 95, 22, 31, 187, 6, 119, 68, 191, 105, 232, 195, 143, 90, 79, 20, 178, 24, 72, 94, 243, 201, 173, 155, 64, 56, 131, 107, 49, 132, 8, 88, 239, 30, 109, 161, 84, 113, 163, 250, 118, 5, 227, 240, 85, 108, 225, 87, 188, 222, 10, 177, 11, 193, 129, 244, 91, 182, 218, 174, 180, 213, 136, 221, 45, 146, 226, 228, 137, 48, 60, 99, 116, 241, 145, 32, 2, 246, 204, 74, 125, 214, 65, 184, 114, 150, 249, 9, 156, 106, 112, 237, 242, 248, 151, 40, 12, 50, 179, 43, 164, 23, 42, 236, 192, 33, 92, 34, 215, 128, 199, 78, 69, 133, 175, 165, 206, 216, 130, 21, 234, 93, 53, 230, 46, 252, 41, 13, 71, 255, 17, 231, 7, 159, 196, 28, 100, 170, 18, 96, 55, 52, 75, 83, 27, 209, 0, 162, 67, 235, 58, 253, 80, 208, 122, 117, 26, 35, 124, 181, 251, 138, 110, 25, 3, 61, 189, 169, 81, 245, 37, 223, 82, 29, 197, 140, 238, 70, 54, 1, 77, 142, 89, 134, 38, 247, 207, 233, 14, 254, 217, 

Нелінійність  = 96 

Алгебраїчний імунітет  = 3 

Дельта-рівномірність  = 10 

Лінійна збитковість = 0 



Час виконання: 285.637000 секунд

Блок з необхідними параметрами знайдено

Кількість виконаних ітерацій = 4 
_______________________________________________________________________________________________
