
Початкове число ітерацій = 50
N = 20
PSO S-boxes:
99, 124, 119, 123, 242, 107, 111, 197, 48, 1, 103, 43, 254, 215, 171, 118, 202, 130, 201, 125, 250, 89, 71, 240, 173, 212, 162, 175, 156, 164, 114, 192, 183, 253, 147, 38, 54, 63, 247, 204, 52, 165, 229, 241, 113, 216, 49, 21, 4, 199, 35, 195, 24, 150, 5, 154, 7, 18, 128, 226, 235, 39, 178, 117, 9, 131, 44, 26, 27, 110, 90, 160, 82, 59, 214, 179, 41, 227, 47, 132, 83, 209, 0, 237, 32, 252, 177, 91, 106, 203, 190, 57, 74, 76, 88, 207, 208, 239, 170, 251, 67, 77, 51, 133, 69, 249, 2, 127, 80, 60, 159, 168, 81, 163, 64, 143, 146, 157, 56, 245, 188, 182, 218, 33, 16, 255, 243, 210, 205, 12, 19, 236, 95, 151, 68, 23, 196, 167, 126, 61, 100, 93, 25, 115, 96, 129, 79, 220, 34, 42, 144, 136, 70, 238, 184, 20, 222, 94, 11, 219, 224, 50, 58, 10, 73, 6, 36, 92, 194, 211, 172, 98, 145, 149, 228, 121, 231, 200, 55, 109, 141, 213, 78, 169, 108, 86, 244, 234, 101, 122, 174, 8, 186, 120, 37, 46, 28, 166, 180, 198, 232, 221, 116, 31, 75, 189, 139, 138, 112, 62, 181, 102, 72, 3, 246, 14, 97, 53, 87, 185, 134, 193, 29, 158, 225, 248, 152, 17, 105, 217, 142, 148, 155, 30, 135, 233, 206, 85, 40, 223, 140, 161, 137, 13, 191, 230, 66, 104, 65, 153, 45, 15, 176, 84, 187, 22, 

Нелінійність  = 112 

Алгебраїчний імунітет  = 2 

Дельта-рівномірність  = 4 

Лінійна збитковість = 255 



99, 124, 119, 123, 242, 107, 111, 197, 48, 1, 103, 43, 254, 215, 171, 118, 202, 130, 201, 125, 250, 89, 71, 240, 173, 212, 162, 175, 156, 164, 114, 192, 183, 253, 147, 38, 54, 63, 204, 247, 52, 165, 229, 241, 113, 216, 49, 21, 4, 199, 35, 195, 24, 150, 5, 154, 7, 18, 128, 226, 235, 39, 178, 117, 9, 131, 44, 26, 27, 110, 90, 160, 82, 59, 214, 179, 41, 227, 47, 132, 83, 209, 0, 237, 32, 252, 177, 91, 106, 203, 190, 57, 74, 76, 88, 207, 208, 239, 170, 251, 67, 77, 51, 133, 69, 249, 2, 127, 80, 60, 159, 168, 81, 163, 64, 143, 146, 157, 56, 245, 188, 182, 218, 33, 16, 255, 243, 210, 205, 12, 19, 236, 95, 151, 68, 23, 196, 167, 126, 61, 100, 93, 25, 115, 96, 129, 79, 220, 34, 42, 144, 136, 70, 238, 184, 20, 222, 94, 11, 219, 224, 50, 58, 10, 73, 6, 36, 92, 194, 211, 172, 98, 145, 149, 228, 121, 231, 200, 55, 109, 141, 213, 78, 169, 108, 86, 244, 234, 101, 122, 174, 8, 186, 120, 37, 46, 28, 166, 180, 198, 232, 221, 116, 31, 75, 189, 139, 138, 112, 62, 181, 102, 72, 3, 246, 14, 97, 53, 87, 185, 134, 193, 29, 158, 225, 248, 152, 17, 105, 217, 142, 148, 155, 30, 135, 233, 206, 85, 40, 223, 140, 161, 137, 13, 191, 230, 66, 104, 65, 153, 45, 15, 176, 84, 187, 22, 

Нелінійність  = 110 

Алгебраїчний імунітет  = 2 

Дельта-рівномірність  = 6 

Лінійна збитковість = 126 



99, 124, 119, 207, 242, 107, 57, 197, 192, 1, 103, 249, 254, 215, 126, 118, 202, 68, 201, 75, 250, 89, 71, 240, 173, 212, 162, 175, 156, 164, 102, 48, 178, 253, 147, 151, 234, 63, 157, 34, 52, 10, 229, 241, 113, 183, 217, 21, 4, 199, 35, 195, 24, 150, 5, 154, 7, 18, 128, 226, 235, 39, 216, 117, 9, 131, 44, 26, 27, 110, 90, 160, 82, 59, 214, 179, 41, 227, 47, 132, 83, 209, 0, 237, 32, 252, 177, 91, 106, 203, 190, 111, 74, 76, 88, 123, 208, 239, 170, 251, 67, 77, 51, 133, 69, 43, 2, 127, 80, 60, 159, 168, 81, 163, 64, 143, 146, 87, 56, 245, 188, 182, 218, 33, 16, 255, 243, 210, 205, 12, 19, 236, 95, 38, 130, 23, 196, 167, 171, 61, 100, 93, 25, 115, 96, 129, 79, 220, 8, 42, 144, 136, 70, 238, 184, 20, 222, 94, 11, 219, 224, 50, 58, 165, 73, 6, 36, 92, 194, 211, 172, 98, 145, 149, 228, 121, 231, 200, 55, 109, 141, 213, 78, 169, 108, 86, 244, 54, 101, 122, 174, 187, 186, 120, 37, 46, 28, 166, 180, 198, 232, 221, 116, 31, 125, 189, 139, 138, 112, 62, 181, 114, 72, 3, 246, 14, 97, 53, 153, 185, 134, 193, 29, 158, 225, 248, 152, 17, 105, 49, 142, 148, 155, 30, 135, 233, 206, 85, 40, 223, 140, 161, 137, 13, 191, 230, 66, 104, 65, 22, 45, 15, 176, 84, 247, 204, 

Нелінійність  = 102 

Алгебраїчний імунітет  = 3 

Дельта-рівномірність  = 8 

Лінійна збитковість = 0 



99, 124, 119, 123, 242, 107, 111, 202, 80, 1, 103, 43, 254, 215, 171, 118, 197, 235, 201, 92, 250, 89, 71, 240, 173, 212, 224, 175, 156, 164, 114, 192, 183, 253, 48, 38, 54, 152, 63, 19, 52, 165, 229, 241, 113, 216, 49, 142, 145, 199, 35, 195, 24, 150, 5, 154, 7, 18, 128, 226, 130, 39, 178, 117, 9, 131, 44, 26, 27, 110, 90, 160, 82, 59, 214, 179, 41, 227, 47, 132, 83, 209, 0, 237, 32, 252, 177, 91, 106, 203, 190, 57, 74, 76, 88, 207, 208, 239, 170, 251, 67, 77, 51, 133, 69, 249, 2, 127, 147, 60, 159, 168, 10, 163, 64, 143, 146, 157, 56, 245, 188, 182, 218, 33, 16, 255, 243, 210, 205, 12, 81, 236, 95, 151, 68, 23, 196, 167, 126, 61, 100, 93, 25, 115, 96, 129, 79, 220, 34, 42, 144, 136, 70, 238, 184, 20, 222, 94, 11, 219, 204, 50, 58, 65, 73, 6, 36, 125, 194, 211, 172, 98, 4, 149, 228, 121, 231, 200, 55, 109, 141, 213, 78, 169, 108, 86, 244, 234, 101, 122, 174, 8, 186, 120, 37, 46, 28, 166, 180, 198, 232, 221, 116, 31, 75, 189, 139, 138, 112, 62, 181, 102, 72, 3, 246, 14, 97, 53, 87, 185, 134, 193, 29, 158, 225, 248, 187, 17, 105, 217, 21, 148, 155, 30, 135, 233, 206, 85, 40, 223, 140, 161, 137, 13, 191, 230, 66, 104, 15, 153, 45, 162, 176, 84, 247, 22, 

Нелінійність  = 100 

Алгебраїчний імунітет  = 2 

Дельта-рівномірність  = 8 

Лінійна збитковість = 0 



99, 124, 119, 123, 242, 81, 57, 202, 48, 84, 103, 26, 254, 21, 171, 118, 197, 68, 201, 125, 250, 89, 34, 240, 173, 233, 162, 175, 156, 164, 114, 192, 105, 253, 230, 38, 54, 63, 246, 79, 52, 165, 229, 241, 113, 216, 49, 142, 209, 199, 35, 195, 24, 150, 5, 154, 7, 18, 128, 226, 235, 39, 178, 117, 9, 131, 44, 43, 27, 110, 90, 160, 82, 59, 214, 179, 41, 227, 47, 132, 83, 4, 0, 237, 32, 252, 177, 91, 106, 203, 190, 111, 74, 76, 88, 207, 208, 239, 170, 251, 67, 77, 51, 133, 69, 249, 2, 127, 80, 60, 159, 168, 107, 163, 64, 143, 146, 157, 56, 245, 188, 182, 218, 33, 16, 255, 243, 210, 205, 12, 92, 236, 95, 151, 130, 23, 196, 167, 126, 61, 100, 93, 25, 115, 96, 129, 19, 220, 71, 42, 144, 136, 70, 238, 184, 20, 222, 94, 11, 219, 224, 50, 58, 10, 73, 6, 36, 98, 194, 211, 172, 148, 145, 149, 228, 121, 231, 200, 55, 109, 141, 213, 78, 169, 108, 86, 244, 234, 101, 122, 174, 8, 186, 120, 37, 46, 28, 166, 180, 198, 232, 221, 116, 31, 75, 189, 139, 138, 112, 62, 181, 102, 72, 3, 29, 14, 97, 53, 87, 185, 134, 193, 85, 158, 225, 248, 152, 17, 183, 217, 215, 247, 155, 30, 135, 212, 206, 13, 40, 223, 140, 161, 137, 22, 191, 147, 66, 104, 65, 153, 45, 15, 176, 1, 187, 204, 

Нелінійність  = 100 

Алгебраїчний імунітет  = 3 

Дельта-рівномірність  = 8 

Лінійна збитковість = 0 



122, 124, 119, 123, 242, 107, 36, 197, 48, 1, 103, 155, 254, 215, 171, 186, 62, 130, 201, 125, 250, 89, 221, 240, 173, 212, 162, 175, 133, 164, 114, 192, 183, 253, 147, 38, 54, 63, 134, 213, 52, 165, 229, 141, 113, 4, 49, 21, 216, 199, 35, 195, 24, 150, 5, 154, 7, 18, 128, 226, 235, 39, 178, 117, 9, 131, 44, 26, 27, 110, 90, 160, 82, 59, 214, 179, 41, 227, 47, 132, 83, 209, 0, 237, 32, 252, 177, 91, 106, 203, 190, 57, 74, 76, 88, 207, 208, 239, 170, 251, 67, 77, 51, 156, 69, 249, 2, 127, 80, 60, 159, 168, 81, 163, 64, 143, 146, 157, 56, 245, 188, 182, 218, 33, 16, 255, 243, 210, 205, 12, 19, 236, 95, 151, 68, 23, 196, 167, 126, 61, 100, 93, 25, 115, 96, 129, 102, 220, 34, 42, 144, 136, 70, 238, 184, 20, 222, 94, 11, 219, 224, 50, 58, 10, 73, 6, 111, 92, 194, 211, 172, 98, 145, 149, 228, 121, 231, 200, 55, 109, 241, 152, 78, 169, 108, 86, 244, 234, 101, 99, 174, 8, 118, 120, 37, 46, 28, 166, 180, 198, 232, 71, 116, 31, 75, 189, 139, 138, 112, 202, 181, 45, 72, 3, 246, 14, 97, 53, 87, 185, 79, 193, 29, 158, 225, 248, 84, 17, 105, 217, 142, 148, 43, 30, 135, 233, 206, 85, 40, 223, 140, 161, 137, 13, 191, 230, 66, 104, 65, 153, 22, 15, 176, 187, 247, 204, 

Нелінійність  = 100 

Алгебраїчний імунітет  = 2 

Дельта-рівномірність  = 10 

Лінійна збитковість = 0 



122, 255, 133, 125, 241, 204, 218, 33, 145, 215, 1, 159, 200, 190, 76, 48, 211, 184, 178, 61, 68, 8, 172, 118, 222, 154, 84, 210, 193, 56, 105, 175, 127, 249, 53, 96, 207, 185, 247, 187, 34, 134, 35, 183, 129, 194, 166, 243, 179, 65, 46, 36, 81, 208, 192, 69, 113, 117, 149, 225, 83, 39, 132, 197, 90, 5, 119, 102, 167, 80, 253, 37, 18, 23, 6, 73, 77, 22, 227, 99, 108, 124, 63, 32, 94, 251, 97, 100, 11, 147, 162, 19, 0, 242, 152, 24, 245, 109, 173, 72, 177, 223, 51, 38, 135, 216, 142, 40, 202, 57, 75, 201, 199, 74, 236, 31, 136, 47, 110, 168, 219, 21, 114, 87, 244, 181, 254, 64, 146, 188, 2, 92, 42, 121, 186, 155, 115, 16, 9, 198, 232, 25, 66, 41, 174, 176, 62, 13, 189, 49, 101, 111, 137, 164, 230, 248, 98, 148, 156, 91, 220, 10, 59, 67, 214, 52, 7, 79, 126, 107, 213, 45, 93, 191, 171, 224, 206, 85, 158, 50, 238, 29, 106, 252, 229, 195, 180, 112, 240, 95, 234, 153, 237, 104, 26, 20, 239, 58, 89, 71, 70, 88, 169, 143, 161, 139, 203, 228, 123, 233, 120, 196, 27, 163, 205, 246, 151, 130, 128, 165, 60, 30, 209, 212, 141, 250, 157, 226, 4, 140, 217, 116, 170, 54, 103, 15, 235, 12, 182, 43, 150, 221, 14, 231, 17, 3, 138, 55, 78, 44, 86, 160, 28, 144, 131, 82, 

Нелінійність  = 96 

Алгебраїчний імунітет  = 3 

Дельта-рівномірність  = 14 

Лінійна збитковість = 0 



124, 43, 223, 49, 76, 148, 91, 232, 65, 155, 213, 171, 229, 234, 185, 126, 253, 75, 27, 144, 33, 142, 55, 237, 143, 125, 72, 243, 202, 96, 191, 197, 225, 80, 178, 120, 90, 194, 103, 87, 242, 174, 128, 217, 209, 16, 200, 192, 123, 130, 11, 196, 150, 212, 182, 28, 42, 6, 249, 149, 30, 68, 57, 231, 29, 110, 172, 215, 146, 132, 203, 168, 20, 85, 218, 169, 254, 184, 32, 1, 164, 60, 220, 163, 67, 183, 193, 53, 211, 56, 36, 77, 139, 51, 10, 118, 116, 45, 31, 24, 83, 39, 44, 239, 62, 95, 34, 48, 112, 151, 166, 15, 66, 175, 105, 177, 18, 117, 235, 156, 206, 159, 160, 241, 119, 250, 106, 188, 7, 13, 226, 136, 141, 162, 109, 5, 176, 73, 12, 52, 251, 104, 22, 64, 79, 86, 181, 82, 161, 247, 70, 46, 224, 233, 99, 122, 227, 41, 214, 158, 100, 38, 94, 93, 154, 61, 240, 81, 186, 0, 205, 74, 59, 238, 54, 138, 165, 198, 207, 89, 63, 17, 208, 244, 47, 199, 26, 246, 88, 121, 2, 19, 216, 222, 107, 14, 236, 25, 140, 204, 9, 190, 131, 157, 147, 195, 35, 170, 228, 187, 3, 210, 101, 127, 189, 98, 173, 58, 21, 133, 69, 102, 71, 40, 135, 180, 111, 97, 167, 230, 115, 201, 4, 255, 129, 252, 92, 221, 113, 50, 8, 134, 245, 153, 37, 179, 145, 219, 248, 23, 152, 84, 137, 108, 78, 114, 

Нелінійність  = 96 

Алгебраїчний імунітет  = 3 

Дельта-рівномірність  = 10 

Лінійна збитковість = 0 



122, 255, 133, 125, 241, 204, 218, 33, 145, 215, 1, 159, 200, 190, 76, 48, 211, 184, 178, 61, 68, 8, 172, 118, 222, 154, 84, 210, 193, 56, 105, 175, 127, 249, 53, 96, 207, 185, 247, 187, 34, 134, 35, 183, 129, 194, 166, 243, 179, 65, 46, 36, 81, 208, 192, 69, 113, 117, 149, 225, 83, 39, 132, 197, 90, 5, 119, 102, 167, 80, 253, 37, 18, 23, 6, 73, 77, 22, 227, 99, 108, 124, 63, 32, 94, 251, 97, 100, 11, 147, 162, 19, 0, 242, 152, 24, 245, 109, 173, 72, 177, 223, 51, 38, 135, 216, 142, 40, 202, 57, 75, 201, 199, 74, 236, 31, 136, 47, 110, 168, 219, 21, 114, 87, 244, 181, 254, 64, 146, 188, 2, 92, 42, 121, 186, 155, 115, 16, 9, 198, 232, 25, 66, 41, 174, 176, 62, 13, 189, 49, 101, 111, 137, 164, 230, 248, 98, 148, 156, 91, 220, 10, 59, 67, 214, 52, 7, 79, 126, 107, 213, 45, 93, 191, 171, 224, 206, 85, 158, 50, 238, 29, 106, 252, 229, 195, 180, 112, 240, 95, 234, 153, 237, 104, 26, 20, 239, 58, 89, 71, 70, 88, 169, 143, 161, 139, 203, 228, 123, 233, 120, 196, 27, 163, 205, 246, 151, 130, 128, 165, 60, 30, 209, 212, 141, 250, 157, 226, 4, 140, 217, 116, 170, 54, 103, 15, 235, 12, 182, 43, 150, 221, 14, 231, 17, 3, 138, 55, 78, 44, 86, 160, 28, 144, 131, 82, 

Нелінійність  = 96 

Алгебраїчний імунітет  = 3 

Дельта-рівномірність  = 14 

Лінійна збитковість = 0 



118, 23, 211, 58, 95, 83, 157, 66, 176, 88, 22, 120, 171, 154, 244, 147, 89, 179, 167, 131, 96, 212, 178, 227, 20, 219, 151, 123, 60, 136, 246, 133, 107, 63, 145, 78, 73, 137, 142, 2, 30, 84, 43, 214, 241, 191, 109, 48, 51, 186, 6, 153, 210, 59, 221, 55, 46, 80, 141, 27, 204, 231, 86, 72, 198, 65, 26, 207, 201, 44, 67, 183, 218, 248, 182, 9, 194, 126, 159, 41, 24, 94, 56, 135, 199, 18, 104, 206, 189, 139, 165, 249, 52, 166, 61, 164, 4, 28, 49, 103, 180, 192, 114, 85, 250, 50, 122, 32, 93, 138, 238, 197, 233, 111, 54, 230, 10, 8, 190, 193, 98, 236, 160, 39, 234, 62, 11, 29, 19, 25, 150, 127, 21, 188, 184, 132, 220, 226, 148, 242, 229, 213, 225, 116, 77, 110, 101, 36, 13, 173, 128, 14, 143, 203, 205, 92, 217, 155, 35, 115, 91, 228, 162, 53, 76, 33, 170, 40, 161, 202, 69, 1, 144, 251, 208, 181, 64, 169, 222, 232, 100, 247, 108, 47, 172, 17, 174, 140, 240, 124, 237, 3, 209, 5, 195, 90, 74, 99, 168, 243, 253, 134, 82, 163, 105, 97, 239, 187, 185, 7, 125, 149, 70, 235, 121, 255, 45, 113, 196, 245, 117, 224, 16, 254, 37, 129, 119, 106, 158, 112, 15, 38, 175, 42, 200, 130, 156, 146, 12, 252, 68, 34, 71, 57, 102, 79, 0, 223, 216, 215, 87, 152, 75, 177, 81, 31, 

Нелінійність  = 96 

Алгебраїчний імунітет  = 3 

Дельта-рівномірність  = 12 

Лінійна збитковість = 0 



139, 96, 129, 113, 56, 159, 141, 251, 242, 187, 156, 7, 21, 28, 238, 161, 226, 127, 39, 125, 106, 14, 0, 233, 136, 58, 177, 235, 119, 220, 77, 172, 207, 30, 97, 214, 41, 31, 99, 245, 231, 137, 73, 5, 164, 12, 246, 128, 166, 43, 197, 19, 254, 140, 157, 118, 213, 248, 179, 50, 75, 222, 237, 2, 149, 174, 232, 225, 255, 110, 114, 170, 63, 55, 17, 158, 217, 10, 208, 48, 163, 204, 100, 32, 253, 45, 224, 81, 38, 183, 23, 27, 234, 101, 42, 54, 146, 60, 190, 210, 18, 83, 4, 117, 22, 111, 153, 189, 173, 133, 218, 221, 25, 202, 230, 209, 108, 36, 138, 66, 1, 178, 120, 227, 88, 180, 250, 103, 40, 160, 241, 15, 107, 154, 61, 150, 130, 142, 105, 196, 244, 52, 243, 72, 215, 152, 91, 87, 76, 167, 123, 59, 240, 13, 70, 169, 247, 121, 206, 49, 67, 16, 171, 252, 144, 205, 186, 57, 79, 212, 132, 201, 126, 192, 29, 116, 53, 249, 26, 104, 98, 216, 200, 80, 143, 228, 64, 182, 33, 9, 151, 155, 223, 94, 162, 69, 35, 85, 195, 89, 236, 24, 193, 112, 78, 74, 229, 134, 11, 219, 51, 191, 95, 135, 47, 211, 148, 102, 6, 82, 176, 122, 181, 199, 203, 62, 34, 86, 239, 115, 90, 124, 131, 8, 165, 68, 184, 194, 168, 185, 20, 175, 3, 198, 37, 188, 145, 92, 65, 109, 44, 71, 147, 84, 93, 46, 

Нелінійність  = 96 

Алгебраїчний імунітет  = 3 

Дельта-рівномірність  = 12 

Лінійна збитковість = 0 



99, 124, 119, 123, 242, 107, 57, 201, 130, 1, 103, 43, 254, 72, 171, 112, 202, 48, 129, 125, 250, 89, 71, 240, 173, 212, 162, 21, 156, 44, 114, 192, 13, 253, 147, 38, 54, 31, 251, 185, 52, 187, 229, 249, 113, 216, 217, 175, 4, 199, 35, 195, 24, 150, 5, 154, 7, 18, 128, 226, 235, 39, 178, 117, 9, 131, 164, 26, 27, 110, 90, 160, 82, 59, 214, 179, 41, 227, 47, 132, 83, 209, 0, 237, 32, 252, 177, 91, 165, 203, 190, 111, 74, 76, 88, 207, 208, 239, 170, 121, 67, 77, 51, 133, 69, 241, 2, 127, 80, 60, 159, 168, 81, 163, 64, 143, 146, 157, 56, 245, 188, 182, 218, 33, 16, 255, 243, 210, 205, 12, 19, 236, 95, 151, 68, 23, 196, 167, 126, 61, 100, 93, 25, 115, 96, 197, 79, 220, 34, 42, 144, 136, 70, 238, 184, 20, 222, 94, 11, 219, 224, 50, 58, 10, 73, 6, 36, 92, 194, 211, 172, 98, 145, 149, 228, 29, 231, 200, 55, 109, 141, 213, 78, 169, 108, 86, 244, 234, 101, 122, 174, 8, 186, 120, 37, 46, 28, 166, 180, 198, 232, 221, 116, 63, 75, 189, 139, 138, 118, 62, 181, 102, 215, 3, 246, 14, 97, 53, 87, 225, 134, 193, 105, 158, 153, 248, 152, 17, 183, 49, 142, 148, 155, 30, 135, 233, 206, 85, 40, 223, 140, 161, 137, 191, 22, 230, 66, 104, 65, 45, 176, 15, 204, 84, 106, 247, 

Нелінійність  = 96 

Алгебраїчний імунітет  = 3 

Дельта-рівномірність  = 10 

Лінійна збитковість = 0 



102, 57, 206, 60, 109, 171, 248, 108, 22, 244, 208, 193, 17, 203, 175, 38, 82, 107, 211, 13, 172, 115, 19, 187, 202, 90, 33, 66, 3, 72, 237, 168, 212, 85, 55, 255, 74, 199, 152, 48, 64, 145, 142, 62, 229, 232, 181, 196, 180, 167, 245, 252, 147, 221, 184, 213, 139, 185, 131, 45, 218, 12, 174, 192, 93, 36, 222, 111, 250, 103, 40, 169, 75, 92, 179, 209, 146, 238, 117, 106, 241, 253, 223, 247, 205, 226, 251, 35, 120, 243, 217, 97, 149, 151, 41, 233, 124, 183, 54, 173, 4, 210, 135, 0, 176, 126, 150, 194, 160, 163, 104, 50, 158, 16, 10, 190, 39, 133, 231, 77, 52, 29, 165, 177, 125, 219, 61, 44, 137, 240, 21, 88, 70, 9, 56, 83, 130, 1, 123, 230, 14, 94, 191, 129, 198, 30, 157, 78, 220, 114, 239, 69, 47, 80, 132, 96, 188, 197, 63, 15, 110, 122, 28, 228, 87, 42, 215, 67, 27, 178, 7, 234, 236, 182, 225, 162, 254, 118, 51, 200, 113, 58, 99, 159, 100, 91, 143, 148, 224, 155, 153, 5, 216, 249, 23, 166, 235, 6, 73, 154, 186, 25, 59, 37, 144, 242, 128, 53, 136, 214, 68, 8, 189, 89, 127, 138, 161, 101, 46, 31, 112, 34, 18, 201, 170, 65, 71, 49, 141, 76, 195, 11, 81, 121, 119, 2, 116, 204, 156, 246, 84, 207, 24, 105, 95, 86, 98, 134, 164, 26, 227, 43, 20, 32, 79, 140, 

Нелінійність  = 96 

Алгебраїчний імунітет  = 3 

Дельта-рівномірність  = 10 

Лінійна збитковість = 0 



31, 194, 112, 166, 156, 41, 245, 102, 83, 161, 25, 127, 253, 142, 64, 24, 158, 21, 190, 146, 49, 26, 4, 0, 16, 55, 159, 71, 251, 105, 208, 7, 130, 237, 8, 229, 174, 75, 2, 152, 240, 6, 58, 5, 17, 99, 221, 100, 205, 38, 154, 93, 110, 173, 184, 239, 144, 120, 63, 73, 70, 211, 97, 122, 10, 72, 168, 183, 35, 115, 220, 171, 136, 96, 153, 252, 106, 213, 254, 108, 198, 241, 90, 242, 225, 210, 126, 131, 109, 12, 51, 236, 3, 34, 206, 30, 103, 247, 139, 40, 185, 230, 244, 188, 192, 45, 246, 28, 177, 47, 77, 86, 224, 19, 11, 48, 66, 163, 138, 200, 179, 195, 193, 187, 150, 123, 189, 135, 172, 132, 101, 218, 74, 162, 175, 232, 78, 182, 149, 88, 89, 36, 134, 203, 143, 215, 228, 243, 219, 65, 133, 67, 27, 114, 169, 248, 42, 57, 170, 107, 209, 141, 121, 84, 196, 118, 44, 111, 22, 227, 255, 92, 204, 155, 94, 13, 82, 197, 147, 119, 165, 202, 39, 216, 56, 20, 176, 234, 148, 117, 167, 250, 113, 116, 178, 223, 15, 85, 164, 46, 87, 160, 180, 249, 125, 80, 9, 151, 62, 54, 212, 222, 186, 14, 199, 201, 33, 231, 1, 37, 59, 140, 95, 98, 68, 124, 91, 238, 43, 145, 50, 226, 53, 18, 32, 214, 104, 29, 76, 61, 233, 69, 52, 181, 235, 191, 137, 81, 157, 79, 60, 217, 129, 23, 128, 207, 

Нелінійність  = 96 

Алгебраїчний імунітет  = 3 

Дельта-рівномірність  = 12 

Лінійна збитковість = 0 



106, 197, 148, 15, 26, 139, 168, 5, 90, 79, 169, 95, 7, 230, 205, 143, 213, 202, 203, 134, 240, 131, 161, 21, 112, 204, 192, 71, 166, 176, 141, 200, 214, 35, 133, 52, 115, 163, 56, 50, 117, 178, 2, 252, 140, 249, 108, 125, 121, 220, 72, 245, 207, 40, 57, 142, 34, 80, 162, 251, 152, 49, 94, 174, 39, 164, 64, 62, 69, 127, 167, 201, 83, 54, 25, 209, 97, 37, 190, 149, 101, 193, 132, 22, 144, 23, 208, 215, 206, 218, 199, 76, 119, 118, 104, 236, 41, 217, 173, 29, 135, 248, 55, 196, 8, 4, 65, 130, 185, 91, 188, 81, 93, 170, 120, 189, 158, 179, 98, 242, 233, 226, 232, 82, 75, 246, 32, 250, 210, 27, 123, 198, 126, 165, 157, 46, 216, 51, 124, 175, 16, 195, 60, 73, 92, 150, 113, 241, 105, 107, 3, 33, 100, 255, 234, 159, 6, 47, 219, 147, 223, 59, 70, 243, 146, 58, 78, 111, 28, 17, 11, 137, 235, 184, 180, 110, 10, 36, 45, 122, 182, 1, 231, 53, 171, 211, 20, 84, 87, 160, 247, 63, 228, 103, 13, 44, 99, 156, 77, 239, 67, 253, 153, 86, 191, 9, 89, 194, 225, 66, 31, 155, 96, 42, 227, 102, 74, 116, 24, 181, 14, 48, 183, 0, 151, 18, 12, 88, 222, 138, 30, 145, 136, 43, 129, 154, 244, 177, 19, 186, 224, 212, 172, 221, 38, 61, 238, 187, 237, 85, 68, 109, 254, 128, 229, 114, 

Нелінійність  = 96 

Алгебраїчний імунітет  = 3 

Дельта-рівномірність  = 14 

Лінійна збитковість = 0 



119, 218, 150, 142, 229, 184, 213, 166, 170, 154, 90, 161, 221, 211, 167, 91, 250, 192, 195, 131, 155, 80, 227, 177, 236, 234, 129, 145, 71, 132, 168, 111, 136, 241, 130, 112, 175, 187, 216, 36, 105, 165, 134, 235, 152, 239, 156, 0, 135, 252, 104, 116, 120, 207, 185, 128, 18, 173, 219, 233, 14, 140, 202, 181, 149, 97, 255, 9, 171, 115, 194, 138, 96, 124, 99, 146, 153, 122, 208, 117, 27, 198, 50, 137, 55, 3, 248, 59, 39, 110, 179, 86, 159, 85, 107, 121, 17, 206, 215, 188, 172, 21, 199, 92, 5, 10, 108, 189, 103, 106, 98, 61, 38, 144, 212, 125, 102, 223, 83, 113, 217, 123, 226, 82, 196, 240, 69, 162, 180, 249, 42, 26, 94, 19, 190, 201, 158, 230, 204, 13, 238, 60, 246, 95, 160, 200, 126, 174, 51, 93, 222, 32, 100, 43, 209, 118, 45, 114, 143, 127, 133, 109, 46, 72, 251, 225, 74, 210, 231, 205, 214, 67, 62, 88, 254, 147, 81, 164, 25, 54, 193, 56, 70, 224, 169, 182, 7, 87, 29, 2, 228, 16, 220, 23, 76, 139, 30, 148, 232, 176, 183, 253, 89, 73, 163, 41, 244, 247, 178, 48, 141, 78, 66, 157, 243, 77, 1, 33, 49, 6, 151, 31, 203, 20, 191, 47, 8, 237, 75, 44, 101, 40, 52, 28, 4, 35, 64, 63, 186, 197, 242, 58, 57, 84, 24, 79, 53, 65, 22, 245, 34, 37, 11, 68, 12, 15, 

Нелінійність  = 96 

Алгебраїчний імунітет  = 3 

Дельта-рівномірність  = 10 

Лінійна збитковість = 0 



181, 226, 164, 98, 150, 154, 189, 220, 182, 134, 120, 91, 193, 6, 211, 127, 242, 147, 148, 101, 206, 178, 153, 5, 192, 210, 35, 207, 199, 209, 112, 34, 229, 252, 166, 163, 184, 95, 122, 23, 202, 68, 227, 114, 86, 195, 160, 155, 118, 243, 157, 191, 198, 108, 83, 190, 196, 94, 170, 97, 125, 221, 231, 113, 249, 205, 4, 126, 165, 117, 115, 121, 65, 79, 168, 102, 188, 208, 77, 230, 144, 75, 84, 63, 137, 45, 244, 158, 13, 76, 161, 140, 142, 92, 103, 56, 214, 133, 136, 212, 174, 48, 54, 138, 57, 251, 255, 50, 80, 61, 149, 152, 185, 107, 146, 217, 219, 105, 0, 41, 19, 21, 111, 14, 28, 66, 88, 173, 110, 78, 222, 90, 70, 82, 119, 139, 240, 239, 100, 93, 26, 60, 151, 27, 72, 44, 1, 234, 96, 46, 176, 124, 180, 218, 18, 141, 162, 247, 58, 20, 16, 179, 224, 204, 53, 51, 183, 109, 130, 169, 59, 201, 17, 250, 7, 129, 223, 15, 233, 73, 177, 203, 74, 167, 200, 36, 24, 38, 186, 143, 241, 228, 194, 225, 104, 248, 64, 197, 25, 39, 52, 40, 156, 47, 135, 215, 116, 172, 43, 3, 85, 9, 87, 69, 10, 11, 2, 22, 237, 159, 216, 131, 253, 29, 31, 213, 71, 132, 55, 187, 254, 42, 171, 238, 232, 175, 67, 89, 62, 33, 99, 236, 145, 8, 128, 246, 49, 106, 12, 235, 81, 245, 30, 123, 32, 37, 

Нелінійність  = 96 

Алгебраїчний імунітет  = 3 

Дельта-рівномірність  = 10 

Лінійна збитковість = 0 



12, 144, 226, 5, 219, 223, 153, 91, 123, 41, 157, 34, 88, 224, 242, 90, 33, 58, 169, 8, 93, 234, 250, 213, 21, 200, 134, 243, 211, 70, 163, 113, 237, 103, 148, 133, 229, 61, 16, 120, 177, 106, 85, 78, 7, 104, 68, 149, 164, 119, 62, 218, 239, 126, 43, 154, 208, 110, 1, 35, 69, 109, 80, 75, 215, 150, 190, 246, 94, 130, 4, 135, 131, 227, 195, 183, 189, 221, 249, 49, 132, 184, 182, 25, 115, 203, 225, 186, 102, 77, 99, 151, 29, 178, 165, 67, 238, 17, 152, 13, 92, 121, 19, 2, 156, 254, 52, 6, 205, 11, 56, 192, 158, 112, 82, 42, 108, 45, 240, 170, 0, 199, 247, 155, 63, 47, 217, 84, 187, 36, 81, 105, 139, 117, 162, 216, 87, 101, 138, 147, 54, 209, 214, 31, 51, 24, 74, 20, 181, 168, 185, 196, 201, 244, 10, 22, 116, 253, 176, 245, 76, 100, 23, 141, 37, 38, 194, 179, 172, 86, 48, 66, 235, 122, 175, 125, 193, 9, 248, 72, 241, 159, 191, 129, 46, 204, 136, 124, 89, 40, 231, 228, 251, 173, 230, 27, 26, 65, 59, 188, 128, 167, 50, 143, 15, 255, 53, 160, 98, 83, 79, 232, 14, 161, 252, 146, 202, 44, 3, 180, 28, 137, 95, 145, 60, 140, 30, 206, 212, 111, 142, 198, 222, 127, 96, 236, 55, 97, 57, 18, 171, 71, 174, 107, 64, 210, 118, 39, 166, 32, 233, 197, 73, 220, 207, 114, 

Нелінійність  = 94 

Алгебраїчний імунітет  = 3 

Дельта-рівномірність  = 12 

Лінійна збитковість = 0 



20, 181, 101, 143, 105, 6, 53, 91, 171, 141, 197, 116, 209, 80, 39, 34, 155, 137, 16, 126, 30, 252, 212, 254, 247, 11, 133, 58, 230, 54, 189, 232, 136, 188, 246, 198, 81, 127, 35, 123, 206, 222, 32, 203, 14, 115, 166, 220, 190, 3, 221, 38, 77, 170, 211, 227, 8, 70, 29, 69, 47, 158, 62, 153, 240, 46, 179, 139, 83, 18, 44, 142, 121, 67, 98, 37, 201, 151, 235, 79, 52, 219, 238, 89, 103, 120, 85, 112, 241, 244, 56, 117, 73, 27, 180, 4, 19, 88, 36, 97, 164, 66, 145, 165, 163, 17, 194, 5, 132, 186, 43, 111, 192, 86, 202, 13, 223, 144, 159, 93, 216, 191, 106, 156, 218, 182, 231, 76, 25, 75, 87, 168, 92, 108, 55, 21, 122, 217, 100, 104, 95, 175, 102, 96, 178, 84, 57, 161, 49, 176, 187, 210, 242, 177, 12, 233, 174, 41, 128, 224, 237, 78, 65, 42, 26, 245, 167, 234, 135, 82, 68, 249, 236, 64, 150, 131, 226, 138, 113, 119, 149, 40, 124, 173, 130, 118, 94, 59, 146, 24, 50, 250, 114, 110, 134, 2, 195, 33, 157, 185, 225, 243, 99, 10, 71, 61, 204, 147, 154, 22, 229, 193, 28, 228, 109, 72, 253, 251, 31, 184, 51, 160, 125, 48, 1, 214, 248, 162, 74, 152, 140, 196, 129, 199, 0, 9, 45, 208, 60, 215, 107, 23, 207, 205, 200, 239, 7, 213, 255, 63, 169, 148, 172, 90, 15, 183, 

Нелінійність  = 94 

Алгебраїчний імунітет  = 3 

Дельта-рівномірність  = 12 

Лінійна збитковість = 0 



98, 10, 5, 215, 1, 58, 210, 82, 0, 237, 64, 226, 77, 181, 62, 166, 186, 32, 37, 89, 122, 150, 4, 184, 135, 218, 160, 126, 209, 198, 203, 146, 188, 53, 171, 223, 88, 151, 60, 80, 38, 123, 153, 162, 157, 113, 36, 178, 230, 54, 213, 254, 189, 79, 222, 234, 202, 228, 86, 190, 21, 242, 248, 208, 217, 121, 165, 103, 27, 250, 199, 167, 152, 105, 65, 195, 57, 129, 76, 90, 229, 112, 127, 139, 47, 196, 232, 182, 94, 158, 92, 173, 59, 69, 204, 187, 193, 145, 172, 252, 81, 16, 23, 71, 44, 101, 236, 6, 84, 128, 169, 2, 28, 168, 118, 35, 19, 132, 241, 251, 212, 42, 52, 201, 227, 15, 61, 31, 148, 174, 176, 245, 175, 191, 238, 163, 51, 114, 161, 134, 49, 14, 225, 39, 30, 8, 115, 131, 255, 179, 116, 87, 170, 24, 130, 102, 117, 142, 104, 177, 106, 133, 147, 211, 149, 108, 141, 156, 140, 143, 99, 91, 33, 34, 72, 26, 120, 144, 13, 235, 185, 224, 207, 97, 70, 246, 124, 50, 221, 66, 29, 17, 67, 253, 25, 155, 68, 180, 119, 125, 216, 46, 96, 154, 220, 12, 164, 45, 200, 244, 138, 240, 7, 83, 95, 78, 197, 48, 243, 233, 110, 239, 74, 43, 136, 73, 9, 219, 111, 75, 22, 85, 41, 231, 40, 206, 183, 247, 249, 93, 205, 63, 194, 192, 55, 107, 109, 137, 18, 3, 20, 11, 100, 159, 214, 56, 

Нелінійність  = 94 

Алгебраїчний імунітет  = 3 

Дельта-рівномірність  = 10 

Лінійна збитковість = 0 



Час виконання: 1169.194000 секунд

Блок з необхідними параметрами знайдено

Кількість виконаних ітерацій = 6 
_______________________________________________________________________________________________
