
Початкове число ітерацій = 10
N = 40
PSO S-boxes:
99, 124, 119, 123, 242, 107, 111, 197, 48, 1, 103, 43, 254, 215, 171, 118, 202, 130, 201, 125, 250, 89, 71, 240, 173, 212, 162, 175, 156, 164, 114, 192, 183, 253, 147, 38, 54, 63, 247, 204, 52, 165, 229, 241, 113, 216, 49, 21, 4, 199, 35, 195, 24, 150, 5, 154, 7, 18, 128, 226, 235, 39, 178, 117, 9, 131, 44, 26, 27, 110, 90, 160, 82, 59, 214, 179, 41, 227, 47, 132, 83, 209, 0, 237, 32, 252, 177, 91, 106, 203, 190, 57, 74, 76, 88, 207, 208, 239, 170, 251, 67, 77, 51, 133, 69, 249, 2, 127, 80, 60, 159, 168, 81, 163, 64, 143, 146, 157, 56, 245, 188, 182, 218, 33, 16, 255, 243, 210, 205, 12, 19, 236, 95, 151, 68, 23, 196, 167, 126, 61, 100, 93, 25, 115, 96, 129, 79, 220, 34, 42, 144, 136, 70, 238, 184, 20, 222, 94, 11, 219, 224, 50, 58, 10, 73, 6, 36, 92, 194, 211, 172, 98, 145, 149, 228, 121, 231, 200, 55, 109, 141, 213, 78, 169, 108, 86, 244, 234, 101, 122, 174, 8, 186, 120, 37, 46, 28, 166, 180, 198, 232, 221, 116, 31, 75, 189, 139, 138, 112, 62, 181, 102, 72, 3, 246, 14, 97, 53, 87, 185, 134, 193, 29, 158, 225, 248, 152, 17, 105, 217, 142, 148, 155, 30, 135, 233, 206, 85, 40, 223, 140, 161, 137, 13, 191, 230, 66, 104, 65, 153, 45, 15, 176, 84, 187, 22, 

Нелінійність  = 112 

Алгебраїчний імунітет  = 2 

Дельта-рівномірність  = 4 

Лінійна збитковість = 255 



99, 124, 119, 123, 242, 107, 111, 197, 48, 1, 103, 43, 254, 215, 171, 118, 202, 130, 201, 125, 250, 89, 71, 240, 173, 212, 162, 175, 156, 164, 114, 192, 183, 253, 147, 38, 54, 63, 204, 247, 52, 165, 229, 241, 113, 216, 49, 21, 4, 199, 35, 195, 24, 150, 5, 154, 7, 18, 128, 226, 235, 39, 178, 117, 9, 131, 44, 26, 27, 110, 90, 160, 82, 59, 214, 179, 41, 227, 47, 132, 83, 209, 0, 237, 32, 252, 177, 91, 106, 203, 190, 57, 74, 76, 88, 207, 208, 239, 170, 251, 67, 77, 51, 133, 69, 249, 2, 127, 80, 60, 159, 168, 81, 163, 64, 143, 146, 157, 56, 245, 188, 182, 218, 33, 16, 255, 243, 210, 205, 12, 19, 236, 95, 151, 68, 23, 196, 167, 126, 61, 100, 93, 25, 115, 96, 129, 79, 220, 34, 42, 144, 136, 70, 238, 184, 20, 222, 94, 11, 219, 224, 50, 58, 10, 73, 6, 36, 92, 194, 211, 172, 98, 145, 149, 228, 121, 231, 200, 55, 109, 141, 213, 78, 169, 108, 86, 244, 234, 101, 122, 174, 8, 186, 120, 37, 46, 28, 166, 180, 198, 232, 221, 116, 31, 75, 189, 139, 138, 112, 62, 181, 102, 72, 3, 246, 14, 97, 53, 87, 185, 134, 193, 29, 158, 225, 248, 152, 17, 105, 217, 142, 148, 155, 30, 135, 233, 206, 85, 40, 223, 140, 161, 137, 13, 191, 230, 66, 104, 65, 153, 45, 15, 176, 84, 187, 22, 

Нелінійність  = 110 

Алгебраїчний імунітет  = 2 

Дельта-рівномірність  = 6 

Лінійна збитковість = 126 



99, 124, 119, 123, 242, 81, 57, 202, 48, 84, 103, 26, 254, 21, 171, 118, 197, 68, 201, 125, 250, 89, 34, 240, 173, 233, 162, 175, 156, 164, 114, 192, 105, 253, 230, 38, 54, 63, 241, 79, 52, 165, 229, 117, 113, 216, 49, 142, 209, 199, 35, 195, 24, 150, 5, 154, 7, 18, 128, 226, 235, 39, 178, 194, 9, 131, 44, 43, 27, 110, 90, 160, 82, 59, 214, 179, 41, 227, 47, 132, 83, 4, 0, 237, 32, 252, 177, 91, 106, 203, 190, 111, 74, 76, 88, 207, 208, 239, 170, 133, 67, 77, 51, 234, 69, 249, 2, 127, 80, 60, 159, 168, 107, 163, 64, 143, 146, 157, 56, 245, 188, 182, 218, 33, 16, 255, 243, 210, 205, 12, 19, 236, 95, 151, 130, 23, 196, 167, 126, 61, 100, 93, 25, 115, 96, 129, 251, 220, 71, 42, 144, 136, 70, 238, 184, 20, 222, 94, 11, 219, 224, 50, 58, 10, 73, 6, 36, 92, 120, 211, 172, 98, 145, 149, 228, 121, 231, 200, 55, 109, 141, 213, 78, 169, 108, 86, 244, 85, 101, 122, 174, 8, 186, 148, 37, 46, 28, 166, 180, 198, 232, 221, 116, 31, 75, 189, 139, 138, 112, 62, 181, 102, 72, 3, 246, 14, 97, 53, 87, 185, 134, 193, 29, 158, 225, 248, 152, 17, 183, 217, 215, 206, 155, 30, 135, 212, 247, 65, 40, 223, 140, 161, 137, 13, 191, 147, 66, 104, 153, 204, 45, 15, 176, 1, 187, 22, 

Нелінійність  = 102 

Алгебраїчний імунітет  = 3 

Дельта-рівномірність  = 10 

Лінійна збитковість = 0 



99, 124, 119, 123, 242, 107, 57, 201, 130, 1, 103, 43, 254, 72, 171, 112, 202, 48, 129, 125, 250, 89, 71, 240, 173, 212, 162, 21, 156, 44, 114, 192, 105, 253, 147, 38, 54, 31, 206, 246, 52, 204, 229, 249, 113, 216, 217, 175, 4, 199, 35, 195, 24, 150, 5, 154, 7, 18, 128, 226, 235, 39, 178, 117, 9, 131, 164, 26, 27, 110, 90, 160, 82, 59, 214, 179, 41, 227, 47, 132, 83, 209, 0, 237, 32, 252, 177, 91, 165, 203, 190, 111, 74, 76, 88, 207, 208, 239, 170, 251, 67, 77, 51, 133, 69, 241, 2, 127, 80, 60, 159, 168, 81, 163, 64, 143, 146, 157, 56, 245, 188, 182, 218, 33, 16, 255, 243, 210, 205, 12, 19, 236, 95, 151, 68, 23, 196, 167, 126, 61, 100, 93, 25, 115, 96, 197, 79, 220, 34, 42, 144, 136, 70, 238, 184, 20, 222, 94, 11, 219, 224, 50, 58, 10, 73, 6, 36, 92, 194, 211, 172, 98, 145, 149, 228, 121, 231, 200, 55, 109, 141, 213, 78, 169, 108, 86, 244, 234, 101, 122, 174, 8, 186, 120, 37, 46, 28, 166, 180, 198, 232, 221, 116, 63, 75, 189, 139, 138, 118, 62, 181, 102, 215, 3, 191, 14, 97, 53, 87, 185, 134, 193, 29, 158, 225, 248, 152, 17, 183, 49, 142, 148, 155, 30, 135, 233, 223, 85, 40, 247, 140, 161, 137, 13, 176, 230, 66, 104, 65, 153, 45, 15, 187, 84, 106, 22, 

Нелінійність  = 100 

Алгебраїчний імунітет  = 3 

Дельта-рівномірність  = 8 

Лінійна збитковість = 0 



99, 124, 119, 123, 242, 107, 111, 202, 80, 1, 103, 43, 254, 215, 171, 118, 197, 235, 201, 92, 250, 89, 71, 240, 173, 212, 224, 175, 156, 164, 114, 192, 183, 253, 48, 38, 54, 60, 63, 19, 52, 165, 229, 241, 113, 216, 49, 142, 145, 199, 35, 195, 24, 150, 5, 154, 7, 18, 128, 226, 130, 39, 178, 117, 9, 131, 44, 26, 27, 110, 90, 160, 82, 59, 214, 179, 41, 227, 47, 132, 83, 209, 0, 237, 32, 252, 177, 91, 106, 203, 190, 57, 74, 76, 88, 207, 208, 239, 170, 251, 67, 77, 51, 133, 69, 249, 2, 127, 147, 213, 159, 168, 81, 163, 64, 143, 146, 157, 56, 245, 188, 182, 218, 33, 16, 255, 243, 186, 205, 12, 210, 236, 95, 151, 68, 23, 196, 167, 126, 61, 100, 93, 25, 115, 96, 129, 79, 220, 34, 42, 144, 136, 70, 238, 184, 20, 222, 94, 11, 219, 15, 50, 58, 10, 73, 6, 36, 125, 194, 211, 172, 98, 4, 149, 228, 121, 231, 200, 55, 109, 141, 225, 78, 169, 108, 86, 244, 234, 101, 122, 174, 8, 45, 120, 37, 46, 28, 166, 180, 198, 232, 221, 116, 31, 75, 189, 139, 138, 112, 62, 181, 102, 72, 3, 246, 14, 97, 53, 87, 185, 134, 193, 29, 158, 22, 248, 152, 17, 105, 217, 21, 148, 155, 30, 135, 233, 206, 85, 40, 223, 140, 161, 137, 13, 191, 230, 66, 104, 65, 153, 247, 162, 176, 84, 187, 204, 

Нелінійність  = 100 

Алгебраїчний імунітет  = 2 

Дельта-рівномірність  = 8 

Лінійна збитковість = 0 



149, 77, 66, 95, 42, 69, 59, 29, 223, 169, 68, 36, 12, 15, 198, 178, 4, 110, 248, 161, 40, 44, 3, 80, 211, 49, 165, 176, 160, 158, 135, 252, 167, 23, 123, 6, 231, 232, 84, 189, 74, 212, 54, 91, 100, 9, 97, 17, 136, 21, 250, 242, 195, 143, 157, 138, 210, 130, 190, 253, 0, 60, 194, 142, 202, 168, 93, 200, 199, 112, 116, 204, 76, 13, 31, 244, 166, 16, 20, 96, 51, 57, 127, 63, 26, 119, 227, 125, 208, 107, 162, 5, 254, 30, 129, 98, 11, 109, 213, 145, 230, 251, 53, 171, 39, 58, 245, 101, 131, 8, 139, 128, 90, 137, 18, 106, 134, 148, 75, 108, 174, 175, 65, 173, 181, 187, 34, 224, 236, 247, 217, 229, 132, 221, 185, 241, 155, 234, 89, 103, 111, 246, 35, 82, 156, 47, 50, 45, 222, 150, 215, 99, 102, 237, 228, 225, 92, 85, 240, 83, 214, 249, 19, 164, 24, 220, 114, 22, 182, 126, 147, 27, 124, 154, 205, 170, 48, 32, 163, 87, 153, 28, 146, 233, 38, 10, 118, 67, 196, 219, 191, 14, 104, 71, 184, 218, 186, 177, 52, 243, 239, 88, 141, 255, 73, 121, 151, 197, 7, 94, 144, 62, 56, 46, 133, 238, 72, 209, 203, 183, 193, 122, 86, 117, 179, 25, 1, 206, 37, 216, 33, 113, 192, 79, 172, 41, 180, 81, 64, 61, 120, 43, 226, 78, 140, 152, 159, 188, 70, 105, 115, 201, 235, 55, 2, 207, 

Нелінійність  = 98 

Алгебраїчний імунітет  = 3 

Дельта-рівномірність  = 12 

Лінійна збитковість = 0 



122, 255, 133, 125, 241, 204, 218, 33, 145, 215, 1, 159, 200, 190, 76, 48, 211, 184, 178, 61, 68, 8, 172, 118, 222, 154, 84, 210, 193, 56, 105, 175, 127, 249, 53, 96, 207, 185, 247, 187, 34, 134, 35, 183, 129, 194, 166, 243, 179, 65, 46, 36, 81, 208, 192, 69, 113, 117, 149, 225, 83, 39, 132, 197, 90, 5, 119, 102, 167, 80, 253, 37, 18, 23, 6, 73, 77, 22, 227, 99, 108, 124, 63, 32, 94, 251, 97, 100, 11, 147, 162, 19, 0, 242, 152, 24, 245, 109, 173, 72, 177, 223, 51, 38, 135, 216, 142, 40, 202, 57, 75, 201, 199, 74, 236, 31, 136, 47, 110, 168, 219, 21, 114, 87, 244, 181, 254, 64, 146, 188, 2, 92, 42, 121, 186, 155, 115, 16, 9, 198, 232, 25, 66, 41, 174, 176, 62, 13, 189, 49, 101, 111, 137, 164, 230, 248, 98, 148, 156, 91, 220, 10, 59, 67, 214, 52, 7, 79, 126, 107, 213, 45, 93, 191, 171, 224, 206, 85, 158, 50, 238, 29, 106, 252, 229, 195, 180, 112, 240, 95, 234, 153, 237, 104, 26, 20, 239, 58, 89, 71, 70, 88, 169, 143, 161, 139, 203, 228, 123, 233, 120, 196, 27, 163, 205, 246, 151, 130, 128, 165, 60, 30, 209, 212, 141, 250, 157, 226, 4, 140, 217, 116, 170, 54, 103, 15, 235, 12, 182, 43, 150, 221, 14, 231, 17, 3, 138, 55, 78, 44, 86, 160, 28, 144, 131, 82, 

Нелінійність  = 96 

Алгебраїчний імунітет  = 3 

Дельта-рівномірність  = 14 

Лінійна збитковість = 0 



124, 43, 223, 49, 76, 148, 91, 232, 65, 155, 213, 171, 229, 234, 185, 126, 253, 75, 27, 144, 33, 142, 55, 237, 143, 125, 72, 243, 202, 96, 191, 197, 225, 80, 178, 120, 90, 194, 103, 87, 242, 174, 128, 217, 209, 16, 200, 192, 123, 130, 11, 196, 150, 212, 182, 28, 42, 6, 249, 149, 30, 68, 57, 231, 29, 110, 172, 215, 146, 132, 203, 168, 20, 85, 218, 169, 254, 184, 32, 1, 164, 60, 220, 163, 67, 183, 193, 53, 211, 56, 36, 77, 139, 51, 10, 118, 116, 45, 31, 24, 83, 39, 44, 239, 62, 95, 34, 48, 112, 151, 166, 15, 66, 175, 105, 177, 18, 117, 235, 156, 206, 159, 160, 241, 119, 250, 106, 188, 7, 13, 226, 136, 141, 162, 109, 5, 176, 73, 12, 52, 251, 104, 22, 64, 79, 86, 181, 82, 161, 247, 70, 46, 224, 233, 99, 122, 227, 41, 214, 158, 100, 38, 94, 93, 154, 61, 240, 81, 186, 0, 205, 74, 59, 238, 54, 138, 165, 198, 207, 89, 63, 17, 208, 244, 47, 199, 26, 246, 88, 121, 2, 19, 216, 222, 107, 14, 236, 25, 140, 204, 9, 190, 131, 157, 147, 195, 35, 170, 228, 187, 3, 210, 101, 127, 189, 98, 173, 58, 21, 133, 69, 102, 71, 40, 135, 180, 111, 97, 167, 230, 115, 201, 4, 255, 129, 252, 92, 221, 113, 50, 8, 134, 245, 153, 37, 179, 145, 219, 248, 23, 152, 84, 137, 108, 78, 114, 

Нелінійність  = 96 

Алгебраїчний імунітет  = 3 

Дельта-рівномірність  = 10 

Лінійна збитковість = 0 



122, 255, 133, 125, 241, 204, 218, 33, 145, 215, 1, 159, 200, 190, 76, 48, 211, 184, 178, 61, 68, 8, 172, 118, 222, 154, 84, 210, 193, 56, 105, 175, 127, 249, 53, 96, 207, 185, 247, 187, 34, 134, 35, 183, 129, 194, 166, 243, 179, 65, 46, 36, 81, 208, 192, 69, 113, 117, 149, 225, 83, 39, 132, 197, 90, 5, 119, 102, 167, 80, 253, 37, 18, 23, 6, 73, 77, 22, 227, 99, 108, 124, 63, 32, 94, 251, 97, 100, 11, 147, 162, 19, 0, 242, 152, 24, 245, 109, 173, 72, 177, 223, 51, 38, 135, 216, 142, 40, 202, 57, 75, 201, 199, 74, 236, 31, 136, 47, 110, 168, 219, 21, 114, 87, 244, 181, 254, 64, 146, 188, 2, 92, 42, 121, 186, 155, 115, 16, 9, 198, 232, 25, 66, 41, 174, 176, 62, 13, 189, 49, 101, 111, 137, 164, 230, 248, 98, 148, 156, 91, 220, 10, 59, 67, 214, 52, 7, 79, 126, 107, 213, 45, 93, 191, 171, 224, 206, 85, 158, 50, 238, 29, 106, 252, 229, 195, 180, 112, 240, 95, 234, 153, 237, 104, 26, 20, 239, 58, 89, 71, 70, 88, 169, 143, 161, 139, 203, 228, 123, 233, 120, 196, 27, 163, 205, 246, 151, 130, 128, 165, 60, 30, 209, 212, 141, 250, 157, 226, 4, 140, 217, 116, 170, 54, 103, 15, 235, 12, 182, 43, 150, 221, 14, 231, 17, 3, 138, 55, 78, 44, 86, 160, 28, 144, 131, 82, 

Нелінійність  = 96 

Алгебраїчний імунітет  = 3 

Дельта-рівномірність  = 14 

Лінійна збитковість = 0 



87, 166, 67, 161, 71, 131, 122, 180, 40, 179, 48, 235, 11, 206, 164, 114, 177, 158, 34, 116, 105, 63, 80, 242, 189, 1, 208, 141, 133, 199, 75, 190, 162, 85, 132, 253, 36, 217, 65, 8, 212, 182, 25, 254, 53, 62, 229, 191, 200, 15, 107, 195, 106, 119, 172, 218, 246, 73, 94, 10, 84, 17, 240, 60, 255, 142, 236, 187, 223, 99, 33, 156, 45, 46, 193, 185, 68, 249, 55, 96, 42, 29, 145, 19, 222, 32, 169, 111, 209, 22, 13, 47, 143, 89, 128, 95, 155, 82, 241, 100, 59, 97, 168, 129, 92, 72, 194, 159, 64, 14, 136, 18, 204, 157, 44, 126, 211, 178, 153, 35, 88, 79, 248, 184, 220, 2, 57, 58, 50, 12, 170, 31, 176, 146, 250, 103, 207, 215, 175, 66, 24, 148, 27, 225, 214, 151, 28, 203, 226, 23, 232, 201, 197, 237, 228, 69, 130, 121, 0, 86, 127, 205, 210, 224, 56, 219, 165, 98, 38, 54, 154, 160, 5, 104, 61, 113, 9, 202, 234, 120, 181, 173, 244, 3, 139, 144, 39, 20, 108, 123, 6, 26, 171, 252, 124, 37, 239, 238, 245, 77, 90, 41, 109, 230, 221, 186, 192, 74, 140, 93, 16, 30, 118, 163, 174, 213, 138, 51, 150, 78, 167, 149, 137, 134, 101, 251, 125, 233, 52, 110, 243, 83, 231, 7, 115, 49, 43, 135, 188, 147, 152, 112, 196, 198, 70, 117, 216, 227, 81, 21, 247, 76, 91, 183, 102, 4, 

Нелінійність  = 96 

Алгебраїчний імунітет  = 3 

Дельта-рівномірність  = 12 

Лінійна збитковість = 0 



27, 85, 99, 169, 71, 122, 63, 204, 215, 199, 108, 65, 56, 25, 141, 131, 137, 130, 220, 154, 32, 10, 9, 5, 175, 245, 209, 186, 135, 152, 132, 3, 149, 34, 102, 237, 216, 51, 66, 50, 242, 238, 218, 235, 158, 69, 240, 224, 228, 232, 210, 249, 182, 213, 0, 136, 222, 208, 121, 82, 187, 105, 168, 28, 236, 77, 111, 255, 161, 107, 118, 110, 90, 73, 39, 202, 4, 12, 37, 89, 212, 59, 6, 248, 247, 167, 138, 86, 200, 29, 231, 93, 17, 78, 44, 206, 252, 81, 214, 35, 170, 14, 225, 230, 30, 94, 15, 128, 61, 58, 109, 195, 239, 192, 23, 140, 123, 188, 229, 114, 95, 194, 47, 22, 1, 203, 254, 2, 104, 205, 226, 26, 84, 127, 76, 197, 36, 181, 193, 233, 119, 148, 31, 68, 227, 183, 207, 253, 166, 124, 52, 62, 243, 117, 174, 234, 43, 53, 163, 112, 21, 164, 153, 134, 70, 176, 165, 101, 180, 40, 198, 173, 185, 196, 246, 98, 18, 103, 171, 113, 80, 116, 24, 129, 91, 48, 79, 41, 251, 57, 160, 20, 7, 191, 60, 151, 38, 67, 87, 177, 54, 100, 250, 16, 201, 42, 184, 143, 11, 211, 190, 13, 241, 74, 139, 221, 145, 142, 157, 45, 159, 156, 223, 150, 115, 244, 19, 92, 178, 162, 126, 155, 8, 172, 219, 96, 72, 33, 146, 97, 75, 217, 88, 55, 189, 83, 125, 120, 64, 179, 147, 133, 144, 46, 106, 49, 

Нелінійність  = 96 

Алгебраїчний імунітет  = 3 

Дельта-рівномірність  = 14 

Лінійна збитковість = 0 



81, 96, 153, 112, 98, 83, 129, 10, 16, 202, 138, 192, 58, 214, 201, 114, 7, 164, 43, 93, 38, 207, 19, 11, 221, 191, 142, 171, 149, 120, 143, 237, 222, 45, 161, 51, 228, 8, 18, 186, 44, 210, 232, 9, 108, 68, 6, 23, 240, 230, 33, 54, 36, 219, 187, 140, 253, 168, 89, 31, 254, 165, 154, 115, 122, 163, 252, 14, 34, 86, 32, 179, 107, 65, 82, 13, 239, 37, 56, 117, 35, 231, 206, 63, 249, 46, 173, 24, 78, 0, 212, 250, 159, 67, 116, 21, 25, 255, 243, 28, 27, 71, 17, 130, 229, 3, 209, 182, 1, 85, 167, 177, 175, 146, 119, 172, 94, 176, 158, 125, 76, 113, 178, 61, 195, 29, 246, 40, 236, 197, 241, 248, 72, 200, 74, 57, 20, 203, 131, 144, 66, 49, 188, 199, 190, 224, 101, 205, 59, 170, 102, 141, 155, 88, 215, 247, 242, 4, 227, 194, 22, 53, 189, 12, 52, 151, 50, 15, 245, 223, 217, 134, 118, 157, 5, 69, 156, 41, 234, 152, 180, 2, 104, 220, 184, 111, 100, 64, 80, 133, 139, 162, 213, 135, 84, 123, 39, 79, 208, 99, 169, 193, 62, 145, 30, 225, 160, 70, 166, 147, 55, 196, 47, 137, 26, 136, 150, 211, 148, 181, 75, 90, 121, 105, 124, 127, 198, 128, 60, 91, 204, 87, 109, 103, 238, 77, 106, 226, 183, 110, 244, 174, 235, 42, 48, 185, 251, 233, 92, 73, 218, 126, 132, 216, 95, 97, 

Нелінійність  = 96 

Алгебраїчний імунітет  = 3 

Дельта-рівномірність  = 12 

Лінійна збитковість = 0 



68, 80, 158, 107, 94, 133, 85, 235, 19, 239, 132, 32, 55, 224, 147, 95, 41, 167, 192, 182, 44, 88, 52, 31, 196, 16, 142, 193, 163, 216, 67, 28, 149, 126, 219, 39, 18, 234, 96, 48, 250, 197, 26, 69, 59, 231, 228, 166, 249, 29, 206, 175, 199, 101, 151, 143, 146, 178, 72, 212, 43, 42, 254, 103, 9, 74, 47, 2, 210, 138, 225, 255, 190, 20, 0, 162, 33, 211, 252, 117, 66, 3, 215, 97, 204, 15, 201, 127, 122, 5, 198, 21, 233, 242, 8, 202, 139, 50, 246, 25, 116, 71, 161, 165, 78, 173, 134, 93, 240, 220, 137, 170, 63, 191, 49, 23, 13, 38, 70, 7, 156, 183, 238, 148, 46, 87, 83, 203, 213, 205, 176, 135, 51, 177, 207, 241, 12, 62, 60, 100, 91, 56, 111, 105, 84, 155, 11, 217, 230, 58, 81, 92, 187, 237, 185, 248, 82, 17, 253, 247, 113, 64, 86, 35, 121, 179, 124, 141, 40, 164, 221, 154, 180, 208, 150, 129, 131, 99, 75, 112, 102, 65, 14, 214, 136, 109, 53, 145, 218, 79, 36, 73, 153, 115, 114, 227, 232, 120, 125, 172, 236, 1, 34, 171, 90, 27, 144, 128, 6, 174, 157, 37, 243, 160, 76, 195, 226, 119, 22, 159, 188, 24, 57, 200, 110, 152, 106, 229, 184, 251, 98, 189, 130, 140, 89, 77, 186, 61, 123, 54, 245, 209, 45, 118, 168, 104, 108, 181, 169, 4, 10, 194, 244, 223, 30, 222, 

Нелінійність  = 96 

Алгебраїчний імунітет  = 3 

Дельта-рівномірність  = 10 

Лінійна збитковість = 0 



138, 103, 146, 90, 50, 80, 93, 250, 253, 211, 62, 248, 57, 238, 212, 86, 191, 152, 226, 98, 64, 15, 251, 96, 209, 193, 218, 14, 163, 210, 144, 20, 182, 42, 132, 48, 56, 4, 8, 12, 17, 168, 31, 255, 66, 197, 52, 217, 154, 178, 100, 252, 195, 63, 227, 16, 70, 71, 25, 76, 186, 95, 242, 166, 7, 120, 213, 85, 143, 106, 29, 190, 77, 21, 204, 230, 122, 233, 36, 102, 114, 10, 128, 247, 207, 88, 145, 75, 13, 187, 244, 53, 5, 91, 126, 124, 27, 171, 232, 23, 32, 181, 220, 236, 69, 115, 34, 11, 60, 47, 184, 136, 54, 192, 65, 153, 205, 133, 101, 203, 137, 158, 151, 87, 18, 19, 74, 81, 1, 94, 180, 231, 105, 161, 43, 240, 175, 188, 199, 55, 129, 51, 170, 169, 97, 110, 82, 24, 249, 246, 134, 33, 40, 35, 83, 3, 79, 39, 201, 84, 0, 216, 45, 22, 41, 38, 225, 92, 135, 215, 131, 189, 26, 194, 235, 200, 28, 149, 206, 119, 214, 176, 67, 196, 125, 113, 237, 58, 37, 61, 6, 165, 89, 117, 228, 155, 177, 44, 130, 229, 185, 254, 156, 164, 224, 112, 99, 121, 202, 49, 30, 223, 167, 243, 150, 2, 239, 111, 118, 116, 107, 78, 159, 73, 174, 183, 172, 59, 108, 241, 109, 148, 157, 72, 222, 141, 142, 140, 208, 104, 123, 219, 127, 245, 221, 68, 160, 179, 234, 147, 173, 198, 46, 9, 162, 139, 

Нелінійність  = 96 

Алгебраїчний імунітет  = 3 

Дельта-рівномірність  = 10 

Лінійна збитковість = 0 



170, 97, 79, 108, 77, 93, 69, 51, 242, 172, 75, 47, 25, 46, 217, 198, 32, 122, 16, 180, 76, 61, 13, 84, 216, 68, 176, 193, 244, 165, 148, 18, 185, 60, 142, 23, 249, 235, 114, 207, 95, 232, 71, 100, 112, 48, 103, 228, 145, 34, 245, 4, 196, 162, 182, 155, 226, 131, 195, 8, 37, 80, 210, 153, 219, 239, 14, 218, 205, 134, 130, 222, 83, 36, 56, 27, 125, 250, 31, 116, 67, 203, 87, 109, 38, 136, 246, 201, 44, 132, 186, 29, 3, 42, 254, 241, 35, 140, 233, 247, 229, 255, 55, 175, 33, 89, 99, 111, 154, 171, 161, 58, 221, 159, 141, 204, 30, 151, 157, 133, 40, 173, 102, 189, 2, 124, 65, 118, 7, 123, 191, 240, 147, 167, 12, 139, 70, 88, 0, 192, 119, 117, 168, 85, 17, 59, 62, 66, 94, 179, 190, 113, 106, 236, 224, 234, 206, 96, 45, 28, 187, 129, 10, 49, 92, 72, 91, 200, 231, 127, 169, 74, 110, 174, 213, 73, 248, 82, 39, 26, 128, 81, 150, 227, 43, 78, 166, 188, 199, 214, 208, 146, 237, 90, 138, 9, 144, 194, 5, 152, 11, 126, 220, 52, 120, 50, 21, 164, 20, 158, 163, 178, 15, 57, 211, 243, 156, 230, 209, 1, 24, 197, 238, 54, 215, 6, 252, 53, 137, 251, 223, 86, 181, 183, 105, 64, 22, 41, 135, 184, 19, 63, 160, 115, 98, 107, 149, 253, 121, 143, 225, 104, 212, 177, 101, 202, 

Нелінійність  = 96 

Алгебраїчний імунітет  = 3 

Дельта-рівномірність  = 10 

Лінійна збитковість = 0 



91, 169, 84, 168, 93, 136, 127, 198, 56, 196, 112, 253, 33, 212, 172, 133, 103, 165, 63, 137, 118, 70, 85, 235, 208, 222, 216, 163, 158, 213, 87, 209, 188, 86, 143, 251, 67, 211, 76, 30, 238, 190, 36, 19, 72, 225, 252, 215, 224, 50, 134, 146, 125, 95, 170, 218, 244, 99, 106, 39, 108, 15, 27, 77, 0, 161, 167, 194, 243, 116, 47, 128, 49, 69, 203, 197, 90, 248, 73, 40, 55, 6, 152, 59, 245, 236, 185, 119, 221, 25, 226, 53, 148, 21, 135, 121, 187, 82, 250, 182, 89, 9, 192, 156, 115, 231, 199, 171, 201, 29, 153, 46, 206, 178, 132, 94, 228, 101, 164, 254, 100, 107, 7, 179, 117, 32, 80, 65, 129, 20, 8, 52, 176, 154, 246, 237, 227, 31, 249, 81, 51, 147, 1, 75, 219, 155, 217, 230, 232, 37, 83, 200, 175, 78, 68, 41, 159, 151, 26, 102, 139, 110, 247, 242, 16, 233, 34, 111, 223, 66, 64, 191, 144, 145, 186, 130, 43, 210, 177, 142, 35, 14, 255, 44, 45, 92, 181, 105, 5, 131, 204, 38, 166, 3, 195, 98, 24, 234, 140, 202, 61, 160, 79, 220, 124, 17, 149, 96, 2, 11, 162, 207, 126, 180, 10, 114, 205, 189, 88, 109, 173, 74, 113, 241, 13, 120, 184, 58, 60, 104, 57, 183, 240, 48, 28, 214, 62, 71, 12, 54, 23, 22, 122, 97, 229, 150, 18, 193, 141, 138, 4, 123, 239, 157, 174, 42, 

Нелінійність  = 96 

Алгебраїчний імунітет  = 3 

Дельта-рівномірність  = 12 

Лінійна збитковість = 0 



108, 35, 13, 235, 28, 72, 213, 100, 14, 237, 81, 236, 91, 198, 82, 174, 193, 62, 66, 117, 153, 155, 17, 211, 154, 241, 164, 142, 224, 210, 217, 170, 194, 70, 185, 223, 110, 166, 93, 95, 47, 145, 179, 212, 167, 130, 49, 199, 250, 83, 97, 151, 202, 105, 240, 248, 218, 239, 133, 160, 53, 245, 3, 225, 233, 132, 163, 113, 247, 254, 200, 169, 171, 128, 85, 231, 64, 143, 187, 98, 226, 141, 207, 41, 214, 149, 32, 126, 188, 182, 112, 43, 60, 75, 52, 67, 106, 232, 40, 21, 24, 102, 238, 89, 61, 135, 99, 26, 104, 137, 57, 16, 44, 177, 246, 54, 42, 34, 56, 147, 234, 73, 173, 206, 189, 121, 71, 55, 79, 215, 4, 253, 172, 195, 78, 157, 22, 131, 191, 152, 25, 88, 87, 45, 107, 19, 116, 37, 12, 183, 139, 59, 196, 84, 181, 5, 77, 146, 90, 203, 111, 31, 39, 33, 101, 127, 162, 109, 51, 9, 114, 74, 18, 255, 38, 201, 148, 205, 251, 65, 118, 243, 221, 125, 94, 176, 230, 244, 150, 80, 158, 186, 144, 249, 48, 86, 168, 178, 197, 10, 96, 76, 120, 63, 36, 136, 134, 252, 216, 192, 208, 156, 227, 140, 20, 122, 219, 50, 69, 138, 115, 11, 46, 124, 229, 30, 190, 165, 29, 180, 0, 161, 1, 228, 175, 8, 129, 123, 6, 159, 27, 23, 209, 119, 204, 184, 15, 222, 68, 7, 58, 242, 220, 2, 92, 103, 

Нелінійність  = 96 

Алгебраїчний імунітет  = 3 

Дельта-рівномірність  = 12 

Лінійна збитковість = 0 



30, 188, 120, 144, 121, 27, 75, 111, 180, 153, 199, 138, 220, 107, 66, 46, 178, 141, 42, 132, 71, 3, 222, 7, 6, 15, 151, 88, 239, 74, 208, 235, 162, 215, 5, 197, 101, 125, 48, 119, 206, 229, 105, 218, 17, 131, 187, 95, 193, 18, 230, 52, 83, 10, 214, 244, 72, 87, 43, 80, 54, 159, 89, 161, 252, 59, 183, 143, 1, 25, 53, 160, 147, 78, 67, 92, 118, 168, 0, 103, 225, 236, 2, 113, 124, 142, 173, 165, 250, 242, 212, 136, 90, 51, 189, 28, 186, 130, 63, 122, 163, 245, 145, 166, 61, 41, 40, 9, 158, 184, 68, 4, 32, 110, 217, 31, 243, 198, 13, 210, 237, 19, 139, 174, 232, 93, 200, 94, 20, 127, 126, 195, 112, 219, 156, 50, 191, 29, 100, 106, 233, 201, 157, 69, 176, 11, 65, 45, 209, 213, 36, 172, 123, 16, 154, 82, 196, 64, 134, 99, 211, 150, 56, 60, 249, 227, 26, 240, 140, 167, 169, 254, 33, 58, 86, 148, 70, 190, 98, 133, 14, 234, 164, 226, 247, 241, 47, 85, 185, 203, 79, 12, 182, 231, 202, 117, 137, 177, 97, 115, 224, 251, 84, 114, 22, 91, 205, 221, 248, 44, 228, 135, 170, 35, 37, 181, 81, 216, 38, 21, 204, 109, 77, 96, 39, 155, 34, 24, 149, 175, 171, 116, 223, 129, 179, 128, 102, 253, 246, 152, 76, 238, 57, 194, 108, 207, 23, 49, 255, 73, 192, 146, 8, 104, 55, 62, 

Нелінійність  = 96 

Алгебраїчний імунітет  = 3 

Дельта-рівномірність  = 10 

Лінійна збитковість = 0 



214, 241, 208, 252, 202, 174, 182, 108, 165, 84, 249, 73, 190, 2, 239, 242, 42, 106, 100, 231, 28, 51, 184, 207, 53, 79, 152, 59, 109, 240, 159, 158, 60, 196, 24, 102, 126, 230, 175, 15, 219, 104, 177, 132, 103, 134, 228, 210, 137, 161, 113, 205, 47, 216, 127, 193, 167, 95, 50, 181, 232, 30, 35, 209, 85, 7, 185, 195, 19, 105, 39, 57, 179, 0, 78, 145, 99, 135, 97, 162, 148, 117, 94, 233, 164, 138, 98, 192, 23, 37, 67, 123, 136, 154, 141, 68, 76, 90, 222, 96, 77, 114, 44, 157, 26, 110, 234, 139, 80, 54, 124, 140, 143, 74, 120, 70, 55, 9, 183, 168, 122, 238, 64, 101, 215, 14, 1, 58, 111, 25, 172, 121, 147, 244, 254, 170, 220, 144, 236, 229, 41, 153, 171, 250, 4, 128, 20, 66, 142, 29, 11, 88, 3, 89, 188, 130, 245, 206, 32, 116, 211, 218, 198, 21, 226, 186, 8, 34, 197, 48, 131, 156, 146, 251, 200, 247, 86, 243, 107, 49, 176, 155, 225, 160, 191, 212, 82, 52, 5, 33, 201, 173, 16, 255, 194, 187, 13, 6, 246, 119, 227, 56, 180, 43, 27, 217, 40, 12, 169, 75, 166, 248, 18, 63, 36, 253, 83, 235, 62, 91, 150, 31, 115, 129, 224, 10, 93, 133, 81, 204, 69, 189, 71, 178, 87, 46, 223, 45, 237, 118, 203, 221, 61, 72, 112, 38, 125, 65, 163, 92, 17, 22, 213, 151, 149, 199, 

Нелінійність  = 96 

Алгебраїчний імунітет  = 3 

Дельта-рівномірність  = 12 

Лінійна збитковість = 0 



240, 211, 167, 60, 86, 89, 217, 181, 228, 127, 102, 12, 162, 116, 254, 119, 223, 142, 179, 90, 94, 253, 192, 152, 184, 250, 80, 165, 220, 214, 104, 69, 255, 205, 153, 166, 246, 169, 133, 36, 200, 46, 249, 146, 31, 32, 71, 145, 78, 151, 189, 100, 238, 42, 84, 193, 222, 170, 150, 45, 182, 188, 196, 234, 63, 241, 130, 40, 248, 112, 28, 37, 53, 43, 72, 139, 17, 157, 6, 219, 135, 39, 117, 208, 50, 242, 11, 123, 163, 64, 54, 106, 224, 103, 197, 201, 138, 75, 26, 47, 141, 20, 230, 25, 147, 7, 44, 128, 124, 87, 125, 111, 252, 132, 158, 159, 221, 41, 229, 19, 161, 171, 51, 81, 74, 38, 218, 97, 79, 110, 236, 148, 137, 2, 59, 66, 126, 108, 212, 23, 85, 29, 155, 190, 95, 233, 83, 49, 30, 243, 172, 129, 174, 24, 134, 177, 96, 216, 225, 207, 210, 99, 143, 88, 92, 131, 3, 185, 55, 48, 180, 235, 5, 10, 173, 245, 195, 18, 187, 35, 52, 33, 203, 70, 34, 164, 178, 15, 68, 61, 27, 226, 113, 62, 198, 4, 136, 122, 199, 107, 58, 118, 183, 67, 239, 91, 175, 168, 209, 82, 232, 237, 140, 0, 16, 186, 22, 154, 21, 73, 14, 98, 65, 1, 149, 206, 204, 93, 194, 144, 231, 57, 105, 13, 176, 9, 202, 251, 156, 56, 247, 191, 76, 115, 227, 120, 109, 77, 121, 8, 215, 114, 101, 213, 244, 160, 

Нелінійність  = 96 

Алгебраїчний імунітет  = 3 

Дельта-рівномірність  = 10 

Лінійна збитковість = 0 



118, 163, 155, 158, 46, 53, 98, 193, 32, 213, 111, 205, 35, 29, 172, 109, 232, 107, 75, 142, 76, 37, 58, 23, 169, 62, 224, 148, 167, 196, 68, 186, 2, 151, 173, 252, 30, 103, 228, 239, 211, 143, 51, 41, 147, 206, 113, 55, 217, 210, 166, 94, 219, 189, 106, 207, 164, 208, 175, 216, 112, 77, 123, 36, 203, 227, 33, 245, 71, 104, 80, 117, 34, 67, 78, 235, 16, 52, 59, 144, 47, 20, 200, 14, 45, 73, 171, 129, 121, 61, 225, 220, 24, 69, 241, 110, 3, 251, 49, 115, 87, 90, 197, 244, 178, 192, 209, 128, 120, 21, 5, 214, 40, 187, 38, 1, 28, 180, 253, 185, 237, 93, 226, 63, 249, 26, 223, 182, 89, 64, 154, 134, 100, 13, 43, 65, 141, 70, 152, 146, 50, 138, 95, 19, 133, 42, 137, 82, 156, 212, 236, 168, 0, 74, 114, 215, 31, 132, 159, 22, 248, 140, 162, 85, 204, 240, 54, 233, 139, 176, 198, 130, 108, 88, 4, 44, 12, 145, 15, 122, 199, 184, 194, 127, 18, 195, 254, 250, 102, 92, 66, 105, 234, 56, 10, 160, 83, 165, 9, 79, 230, 246, 218, 181, 116, 125, 191, 229, 17, 170, 174, 124, 57, 242, 135, 6, 157, 221, 39, 48, 247, 150, 119, 126, 27, 201, 8, 183, 238, 84, 97, 161, 202, 190, 11, 91, 222, 136, 86, 81, 60, 179, 255, 25, 177, 96, 101, 231, 149, 188, 153, 131, 243, 7, 72, 99, 

Нелінійність  = 96 

Алгебраїчний імунітет  = 3 

Дельта-рівномірність  = 12 

Лінійна збитковість = 0 



55, 91, 94, 153, 49, 87, 79, 192, 21, 239, 40, 59, 143, 251, 147, 180, 0, 118, 34, 13, 57, 82, 254, 20, 186, 42, 229, 164, 204, 234, 80, 249, 210, 75, 190, 219, 51, 26, 110, 44, 81, 149, 226, 140, 74, 32, 236, 15, 220, 107, 17, 212, 223, 221, 165, 67, 246, 122, 102, 232, 106, 92, 193, 179, 9, 16, 90, 52, 23, 86, 98, 188, 66, 28, 2, 252, 112, 238, 101, 68, 100, 78, 158, 208, 253, 64, 172, 37, 133, 10, 177, 61, 73, 45, 72, 250, 194, 176, 121, 227, 22, 125, 169, 108, 85, 175, 138, 103, 12, 136, 5, 95, 201, 174, 83, 183, 154, 139, 65, 69, 150, 132, 89, 217, 157, 222, 70, 36, 142, 7, 161, 113, 77, 244, 173, 38, 151, 146, 240, 6, 185, 123, 43, 39, 171, 24, 159, 216, 235, 115, 131, 47, 63, 104, 97, 88, 211, 155, 114, 209, 215, 182, 189, 60, 3, 54, 200, 27, 71, 109, 214, 243, 196, 30, 14, 130, 129, 134, 191, 145, 62, 230, 148, 231, 144, 11, 25, 203, 160, 228, 166, 124, 53, 128, 195, 218, 255, 241, 178, 197, 84, 35, 41, 207, 156, 4, 248, 237, 184, 202, 105, 76, 33, 135, 48, 163, 187, 167, 225, 213, 206, 8, 50, 116, 224, 31, 242, 1, 141, 46, 152, 205, 162, 245, 117, 29, 126, 119, 58, 199, 111, 18, 137, 247, 198, 233, 170, 127, 19, 56, 93, 96, 120, 168, 181, 99, 

Нелінійність  = 96 

Алгебраїчний імунітет  = 3 

Дельта-рівномірність  = 12 

Лінійна збитковість = 0 



87, 105, 154, 118, 110, 89, 132, 39, 26, 195, 140, 178, 80, 222, 202, 115, 32, 165, 63, 104, 62, 194, 34, 31, 224, 188, 146, 175, 156, 122, 144, 226, 159, 70, 169, 53, 214, 94, 45, 199, 127, 209, 230, 38, 112, 250, 24, 71, 41, 225, 46, 77, 48, 191, 179, 141, 236, 160, 92, 60, 253, 135, 103, 182, 97, 164, 231, 21, 102, 81, 50, 254, 113, 42, 158, 40, 218, 59, 68, 201, 185, 221, 198, 184, 235, 252, 180, 37, 58, 19, 211, 206, 75, 249, 111, 22, 49, 247, 239, 55, 155, 79, 27, 139, 212, 10, 8, 28, 91, 90, 170, 189, 168, 150, 119, 30, 13, 171, 148, 220, 96, 128, 85, 65, 181, 57, 240, 66, 238, 1, 227, 88, 82, 196, 43, 69, 67, 44, 131, 174, 138, 56, 237, 129, 216, 219, 76, 217, 145, 84, 106, 143, 151, 33, 187, 117, 234, 12, 73, 15, 157, 210, 137, 114, 153, 241, 54, 163, 245, 173, 2, 133, 125, 23, 29, 17, 248, 134, 5, 192, 176, 72, 64, 101, 223, 108, 243, 197, 14, 93, 203, 149, 9, 47, 86, 11, 204, 161, 124, 52, 177, 244, 120, 51, 183, 35, 109, 147, 95, 200, 142, 251, 193, 130, 18, 20, 190, 255, 0, 100, 83, 98, 166, 233, 186, 99, 4, 208, 123, 78, 25, 229, 136, 172, 232, 3, 215, 6, 246, 121, 242, 167, 61, 16, 205, 228, 74, 107, 162, 36, 126, 213, 7, 152, 207, 116, 

Нелінійність  = 96 

Алгебраїчний імунітет  = 3 

Дельта-рівномірність  = 10 

Лінійна збитковість = 0 



210, 234, 201, 237, 202, 166, 184, 125, 159, 86, 50, 70, 197, 27, 239, 236, 9, 114, 120, 228, 49, 137, 177, 208, 75, 102, 155, 78, 119, 238, 227, 164, 79, 212, 40, 103, 129, 218, 179, 34, 148, 108, 186, 145, 104, 140, 214, 195, 127, 172, 112, 17, 254, 21, 122, 7, 162, 100, 67, 101, 81, 45, 58, 96, 152, 29, 176, 182, 31, 107, 136, 77, 168, 80, 230, 150, 97, 216, 94, 170, 146, 124, 110, 235, 156, 30, 174, 190, 36, 53, 25, 59, 139, 147, 213, 85, 149, 196, 199, 109, 123, 222, 61, 154, 24, 188, 233, 141, 83, 62, 183, 13, 144, 23, 8, 10, 71, 219, 178, 167, 132, 115, 231, 194, 12, 35, 37, 246, 93, 33, 207, 55, 15, 229, 161, 187, 249, 76, 221, 130, 48, 91, 66, 242, 151, 105, 247, 225, 133, 113, 65, 209, 88, 106, 60, 5, 14, 143, 46, 131, 217, 223, 204, 56, 215, 20, 192, 205, 191, 248, 138, 157, 142, 51, 189, 245, 175, 19, 171, 54, 22, 158, 253, 47, 2, 220, 99, 64, 18, 41, 198, 169, 38, 193, 0, 252, 160, 163, 82, 117, 42, 250, 73, 44, 224, 153, 87, 251, 90, 206, 95, 243, 28, 39, 52, 121, 118, 203, 26, 98, 4, 74, 173, 135, 63, 43, 180, 57, 134, 1, 89, 68, 240, 128, 244, 16, 116, 200, 211, 111, 32, 3, 226, 72, 255, 84, 185, 11, 232, 92, 126, 165, 6, 241, 181, 69, 

Нелінійність  = 96 

Алгебраїчний імунітет  = 3 

Дельта-рівномірність  = 12 

Лінійна збитковість = 0 



228, 202, 156, 49, 89, 154, 203, 182, 217, 118, 98, 17, 0, 43, 224, 139, 212, 135, 173, 81, 192, 234, 189, 123, 172, 229, 88, 152, 194, 186, 57, 80, 241, 193, 145, 146, 199, 96, 111, 29, 183, 40, 67, 252, 39, 32, 174, 120, 141, 213, 178, 108, 22, 45, 55, 185, 19, 134, 144, 31, 190, 176, 201, 231, 225, 50, 179, 78, 51, 97, 116, 34, 65, 124, 76, 171, 245, 159, 188, 85, 122, 27, 83, 94, 110, 236, 242, 107, 169, 150, 220, 250, 115, 7, 168, 26, 132, 21, 221, 210, 227, 59, 206, 105, 209, 70, 75, 106, 184, 72, 151, 226, 66, 1, 211, 86, 191, 18, 207, 30, 142, 60, 113, 147, 69, 68, 38, 126, 13, 3, 73, 246, 214, 238, 64, 24, 20, 240, 36, 37, 25, 47, 11, 84, 87, 196, 157, 223, 41, 164, 158, 35, 230, 215, 112, 100, 155, 167, 63, 205, 140, 95, 121, 163, 255, 101, 232, 93, 46, 208, 127, 218, 92, 119, 48, 138, 198, 23, 10, 143, 187, 251, 53, 243, 109, 244, 71, 42, 16, 166, 248, 33, 61, 204, 162, 130, 131, 165, 177, 239, 77, 5, 233, 99, 114, 2, 195, 28, 197, 82, 79, 129, 161, 249, 56, 103, 235, 148, 175, 14, 128, 90, 237, 44, 133, 149, 216, 136, 247, 8, 254, 91, 253, 74, 9, 125, 102, 58, 200, 153, 117, 170, 222, 6, 62, 4, 104, 15, 219, 160, 54, 137, 181, 52, 12, 180, 

Нелінійність  = 96 

Алгебраїчний імунітет  = 3 

Дельта-рівномірність  = 12 

Лінійна збитковість = 0 



102, 96, 142, 154, 211, 120, 179, 198, 208, 229, 99, 52, 235, 155, 105, 237, 80, 71, 111, 223, 151, 159, 226, 51, 171, 68, 70, 162, 200, 46, 97, 147, 2, 129, 156, 190, 212, 188, 252, 89, 69, 239, 165, 209, 144, 241, 4, 201, 32, 181, 254, 78, 182, 54, 134, 27, 83, 48, 213, 101, 128, 231, 197, 242, 39, 25, 34, 23, 57, 112, 133, 42, 217, 186, 176, 125, 158, 167, 194, 61, 38, 130, 132, 137, 169, 236, 205, 36, 160, 24, 110, 184, 88, 108, 124, 232, 166, 225, 173, 152, 16, 63, 119, 17, 31, 104, 193, 153, 29, 221, 174, 60, 192, 84, 206, 74, 219, 53, 138, 109, 33, 227, 28, 164, 72, 131, 121, 107, 87, 251, 245, 0, 234, 113, 77, 127, 247, 58, 150, 204, 238, 49, 210, 228, 10, 14, 76, 149, 163, 65, 50, 196, 62, 64, 91, 126, 82, 177, 139, 122, 92, 15, 7, 106, 21, 218, 244, 86, 224, 172, 246, 35, 1, 9, 216, 90, 222, 202, 43, 20, 199, 37, 55, 178, 185, 93, 248, 45, 233, 47, 103, 13, 180, 143, 100, 157, 135, 203, 141, 136, 140, 170, 56, 243, 215, 161, 187, 67, 191, 85, 5, 250, 44, 148, 240, 26, 73, 94, 79, 95, 189, 195, 8, 98, 114, 145, 183, 59, 146, 6, 175, 81, 230, 118, 168, 19, 12, 220, 249, 123, 3, 214, 40, 115, 207, 30, 22, 18, 41, 253, 75, 66, 11, 116, 117, 255, 

Нелінійність  = 96 

Алгебраїчний імунітет  = 3 

Дельта-рівномірність  = 12 

Лінійна збитковість = 0 



75, 137, 101, 162, 140, 68, 124, 245, 240, 8, 25, 15, 202, 127, 108, 104, 190, 255, 99, 130, 148, 66, 11, 129, 93, 95, 161, 85, 90, 139, 64, 216, 178, 194, 92, 254, 94, 131, 110, 150, 5, 69, 50, 102, 83, 159, 147, 0, 30, 160, 21, 122, 229, 79, 38, 100, 91, 106, 84, 146, 112, 60, 98, 166, 55, 7, 19, 43, 67, 34, 151, 163, 56, 236, 116, 153, 219, 182, 62, 133, 191, 86, 143, 212, 123, 179, 20, 174, 70, 251, 208, 121, 252, 71, 144, 156, 49, 224, 97, 138, 228, 41, 17, 44, 74, 185, 233, 53, 176, 173, 164, 59, 52, 39, 113, 73, 3, 183, 42, 206, 103, 89, 171, 48, 154, 149, 217, 120, 109, 246, 204, 157, 247, 199, 231, 6, 155, 226, 198, 180, 181, 167, 239, 13, 172, 207, 82, 125, 10, 88, 197, 134, 242, 105, 22, 58, 205, 36, 33, 177, 96, 45, 235, 209, 201, 27, 61, 189, 40, 119, 168, 47, 77, 31, 115, 238, 136, 237, 2, 63, 214, 169, 135, 184, 65, 218, 152, 195, 158, 126, 203, 227, 210, 78, 128, 243, 165, 51, 145, 215, 24, 220, 142, 87, 29, 188, 175, 221, 80, 28, 225, 72, 26, 248, 186, 230, 9, 118, 222, 76, 200, 4, 234, 57, 249, 193, 241, 244, 54, 18, 211, 114, 107, 46, 250, 132, 213, 111, 35, 12, 117, 192, 141, 81, 1, 23, 187, 170, 253, 16, 32, 232, 37, 223, 196, 14, 

Нелінійність  = 96 

Алгебраїчний імунітет  = 3 

Дельта-рівномірність  = 14 

Лінійна збитковість = 0 



219, 96, 78, 209, 101, 20, 31, 116, 178, 175, 77, 186, 141, 192, 234, 156, 198, 109, 90, 84, 170, 18, 157, 221, 42, 61, 161, 121, 185, 76, 150, 182, 148, 60, 212, 174, 102, 32, 134, 137, 177, 143, 190, 48, 120, 125, 213, 239, 255, 93, 160, 195, 188, 50, 73, 70, 235, 46, 225, 224, 71, 45, 229, 11, 152, 8, 145, 98, 196, 162, 176, 147, 123, 27, 122, 172, 222, 245, 200, 129, 65, 103, 86, 144, 151, 228, 204, 166, 89, 191, 24, 22, 95, 108, 173, 208, 167, 244, 164, 211, 242, 105, 131, 106, 231, 163, 16, 87, 85, 153, 56, 133, 220, 92, 6, 126, 36, 14, 214, 139, 171, 118, 111, 7, 112, 114, 202, 165, 115, 215, 130, 226, 49, 104, 53, 232, 223, 238, 23, 252, 180, 75, 44, 248, 13, 74, 3, 138, 28, 247, 149, 72, 181, 113, 119, 88, 132, 5, 82, 55, 79, 159, 237, 66, 136, 100, 127, 135, 140, 203, 59, 207, 240, 146, 254, 227, 128, 197, 97, 30, 205, 236, 158, 10, 124, 34, 12, 230, 179, 58, 21, 40, 187, 218, 194, 216, 168, 169, 184, 62, 25, 91, 19, 80, 107, 249, 142, 33, 193, 110, 155, 69, 241, 35, 64, 183, 233, 81, 250, 199, 117, 17, 47, 52, 39, 41, 243, 38, 43, 253, 0, 251, 2, 154, 99, 206, 54, 68, 9, 4, 189, 37, 83, 210, 51, 201, 217, 63, 15, 26, 57, 246, 1, 94, 67, 29, 

Нелінійність  = 96 

Алгебраїчний імунітет  = 3 

Дельта-рівномірність  = 10 

Лінійна збитковість = 0 



144, 190, 172, 168, 174, 203, 194, 69, 183, 246, 72, 204, 108, 201, 164, 74, 118, 157, 235, 128, 163, 228, 117, 198, 89, 162, 191, 113, 143, 173, 245, 68, 23, 140, 200, 40, 149, 65, 224, 116, 125, 184, 19, 251, 202, 171, 67, 104, 158, 5, 151, 91, 95, 80, 170, 88, 130, 180, 131, 197, 234, 248, 179, 165, 136, 193, 34, 10, 232, 142, 132, 115, 227, 97, 6, 215, 133, 223, 94, 216, 186, 124, 7, 211, 187, 195, 90, 105, 18, 176, 226, 93, 30, 9, 189, 44, 43, 217, 32, 75, 120, 109, 103, 219, 222, 209, 206, 54, 148, 153, 101, 199, 107, 110, 63, 37, 114, 250, 102, 45, 220, 166, 98, 81, 47, 123, 239, 100, 141, 111, 177, 87, 146, 25, 57, 213, 208, 14, 86, 99, 126, 249, 58, 84, 252, 129, 59, 161, 27, 225, 159, 182, 240, 56, 26, 167, 205, 33, 207, 155, 156, 147, 61, 244, 52, 192, 2, 218, 134, 71, 76, 49, 188, 62, 185, 243, 15, 210, 24, 39, 96, 122, 196, 41, 64, 79, 78, 221, 29, 253, 0, 119, 50, 233, 51, 60, 22, 230, 229, 254, 127, 212, 150, 247, 242, 106, 53, 36, 38, 21, 77, 238, 16, 4, 66, 112, 3, 236, 231, 181, 48, 12, 241, 160, 152, 42, 135, 28, 169, 139, 121, 237, 17, 92, 1, 73, 46, 138, 82, 85, 35, 178, 154, 255, 137, 70, 13, 31, 145, 214, 11, 175, 20, 8, 55, 83, 

Нелінійність  = 96 

Алгебраїчний імунітет  = 3 

Дельта-рівномірність  = 12 

Лінійна збитковість = 0 



201, 78, 170, 129, 239, 125, 40, 153, 218, 229, 103, 88, 12, 215, 82, 162, 132, 152, 221, 100, 108, 241, 200, 233, 159, 164, 134, 126, 140, 179, 114, 217, 16, 174, 183, 206, 33, 128, 97, 213, 139, 63, 79, 253, 145, 210, 189, 60, 136, 199, 28, 156, 185, 127, 131, 45, 13, 89, 120, 203, 208, 77, 237, 59, 158, 249, 224, 74, 225, 112, 250, 178, 92, 155, 110, 248, 121, 148, 119, 72, 226, 223, 10, 91, 1, 43, 243, 111, 211, 219, 188, 166, 231, 176, 62, 161, 146, 207, 86, 138, 117, 22, 196, 95, 212, 228, 65, 81, 177, 171, 69, 149, 25, 80, 99, 175, 47, 214, 184, 222, 137, 56, 9, 118, 154, 135, 39, 193, 101, 141, 209, 106, 204, 197, 50, 87, 3, 31, 191, 115, 75, 55, 246, 252, 147, 54, 38, 14, 27, 48, 205, 168, 216, 150, 182, 235, 20, 5, 85, 186, 227, 53, 167, 36, 113, 32, 34, 165, 232, 11, 52, 240, 29, 68, 173, 198, 46, 251, 67, 96, 44, 0, 180, 220, 123, 105, 116, 151, 30, 194, 51, 90, 247, 41, 202, 70, 84, 24, 242, 255, 122, 143, 57, 42, 144, 76, 71, 58, 6, 37, 245, 157, 107, 133, 130, 104, 17, 109, 7, 192, 49, 230, 181, 18, 64, 172, 169, 73, 94, 254, 124, 160, 83, 66, 236, 61, 142, 93, 8, 238, 35, 190, 195, 15, 234, 98, 2, 4, 187, 102, 21, 244, 23, 19, 26, 163, 

Нелінійність  = 96 

Алгебраїчний імунітет  = 3 

Дельта-рівномірність  = 10 

Лінійна збитковість = 0 



242, 201, 159, 34, 75, 78, 207, 185, 225, 116, 94, 1, 140, 86, 232, 93, 209, 131, 165, 69, 177, 246, 194, 99, 171, 228, 70, 154, 199, 189, 80, 60, 250, 182, 144, 151, 241, 87, 100, 4, 183, 23, 252, 253, 25, 3, 179, 126, 68, 134, 195, 90, 218, 27, 57, 190, 222, 149, 143, 6, 184, 192, 198, 238, 55, 239, 114, 81, 254, 89, 36, 14, 37, 33, 56, 135, 213, 148, 203, 217, 124, 2, 88, 216, 113, 233, 255, 101, 146, 43, 142, 103, 188, 73, 175, 191, 123, 46, 84, 173, 247, 202, 214, 102, 138, 51, 166, 109, 119, 64, 145, 115, 244, 107, 163, 150, 193, 18, 221, 0, 136, 160, 17, 155, 62, 40, 223, 117, 49, 83, 229, 13, 118, 147, 54, 132, 7, 245, 226, 227, 63, 12, 161, 208, 9, 24, 121, 156, 48, 237, 157, 112, 235, 204, 15, 104, 71, 176, 67, 215, 219, 95, 120, 168, 79, 110, 251, 169, 22, 44, 122, 231, 197, 58, 76, 230, 139, 137, 97, 59, 128, 74, 186, 248, 11, 162, 66, 111, 133, 52, 19, 29, 42, 236, 98, 39, 10, 172, 181, 240, 45, 105, 206, 61, 16, 65, 85, 130, 205, 92, 47, 125, 167, 153, 180, 50, 243, 174, 127, 41, 234, 249, 152, 106, 28, 96, 196, 108, 38, 129, 5, 170, 26, 77, 178, 82, 31, 32, 20, 210, 21, 141, 91, 8, 158, 187, 72, 164, 211, 53, 35, 220, 30, 200, 224, 212, 

Нелінійність  = 94 

Алгебраїчний імунітет  = 3 

Дельта-рівномірність  = 12 

Лінійна збитковість = 0 



69, 244, 116, 111, 3, 103, 185, 23, 216, 245, 90, 109, 25, 40, 42, 123, 126, 195, 204, 98, 163, 136, 84, 179, 1, 171, 148, 2, 38, 24, 117, 133, 26, 101, 65, 141, 139, 212, 68, 151, 248, 88, 236, 27, 93, 249, 228, 102, 159, 36, 96, 156, 240, 153, 81, 30, 127, 11, 99, 7, 55, 22, 149, 132, 134, 253, 32, 54, 168, 189, 129, 79, 182, 235, 164, 178, 147, 251, 58, 5, 114, 144, 70, 130, 135, 246, 71, 143, 137, 237, 173, 217, 226, 78, 51, 176, 34, 86, 125, 121, 4, 115, 145, 44, 191, 29, 97, 82, 188, 234, 205, 175, 45, 158, 165, 140, 146, 231, 16, 124, 14, 64, 211, 110, 73, 243, 197, 154, 252, 128, 67, 160, 192, 169, 220, 207, 227, 186, 222, 13, 230, 198, 72, 17, 215, 74, 63, 170, 20, 118, 193, 181, 162, 172, 174, 105, 150, 37, 15, 43, 208, 120, 229, 187, 131, 41, 52, 138, 152, 21, 28, 89, 107, 0, 233, 242, 56, 255, 223, 196, 202, 241, 18, 201, 35, 19, 254, 48, 39, 180, 247, 104, 177, 76, 190, 166, 157, 8, 80, 225, 184, 250, 218, 94, 83, 206, 142, 9, 232, 12, 167, 203, 50, 77, 224, 53, 209, 33, 210, 200, 221, 91, 95, 60, 85, 87, 108, 61, 113, 183, 62, 155, 119, 59, 47, 75, 57, 46, 238, 100, 92, 106, 219, 194, 199, 10, 49, 239, 161, 213, 31, 66, 122, 214, 112, 6, 

Нелінійність  = 94 

Алгебраїчний імунітет  = 3 

Дельта-рівномірність  = 12 

Лінійна збитковість = 0 



61, 255, 189, 249, 101, 77, 67, 88, 156, 224, 71, 218, 133, 137, 116, 172, 72, 248, 64, 2, 160, 205, 27, 229, 215, 75, 113, 43, 162, 231, 53, 193, 14, 250, 74, 206, 68, 60, 191, 80, 54, 130, 219, 103, 17, 232, 234, 31, 12, 34, 49, 16, 253, 65, 138, 147, 3, 221, 58, 236, 110, 148, 81, 1, 153, 154, 181, 158, 212, 6, 192, 48, 73, 85, 108, 106, 222, 173, 98, 174, 211, 217, 86, 44, 50, 245, 237, 207, 195, 199, 159, 198, 175, 204, 190, 239, 25, 134, 102, 76, 240, 186, 70, 149, 243, 131, 84, 210, 89, 141, 214, 208, 246, 30, 220, 200, 180, 197, 167, 209, 121, 194, 66, 23, 135, 120, 150, 161, 247, 8, 144, 105, 241, 99, 45, 46, 19, 21, 155, 176, 122, 151, 196, 223, 230, 114, 117, 47, 41, 142, 227, 104, 184, 166, 242, 233, 15, 42, 225, 128, 129, 132, 165, 201, 168, 57, 87, 13, 123, 185, 20, 82, 226, 177, 228, 0, 10, 39, 112, 124, 18, 115, 107, 5, 40, 69, 63, 163, 126, 59, 125, 100, 183, 244, 169, 238, 182, 152, 11, 56, 146, 235, 109, 55, 29, 251, 78, 62, 119, 52, 118, 179, 51, 136, 213, 202, 7, 216, 140, 37, 91, 4, 170, 26, 187, 139, 38, 188, 90, 145, 157, 92, 33, 254, 36, 83, 94, 143, 127, 97, 24, 111, 93, 22, 79, 35, 96, 164, 178, 203, 252, 171, 9, 95, 32, 28, 

Нелінійність  = 94 

Алгебраїчний імунітет  = 3 

Дельта-рівномірність  = 10 

Лінійна збитковість = 0 



98, 10, 5, 215, 1, 58, 210, 82, 0, 237, 64, 226, 77, 181, 62, 166, 186, 32, 37, 89, 122, 150, 4, 184, 135, 218, 160, 126, 209, 198, 203, 146, 188, 53, 171, 223, 88, 151, 60, 80, 38, 123, 153, 162, 157, 113, 36, 178, 230, 54, 213, 254, 189, 79, 222, 234, 202, 228, 86, 190, 21, 242, 248, 208, 217, 121, 165, 103, 27, 250, 199, 167, 152, 105, 65, 195, 57, 129, 76, 90, 229, 112, 127, 139, 47, 196, 232, 182, 94, 158, 92, 173, 59, 69, 204, 187, 193, 145, 172, 252, 81, 16, 23, 71, 44, 101, 236, 6, 84, 128, 169, 2, 28, 168, 118, 35, 19, 132, 241, 251, 212, 42, 52, 201, 227, 15, 61, 31, 148, 174, 176, 245, 175, 191, 238, 163, 51, 114, 161, 134, 49, 14, 225, 39, 30, 8, 115, 131, 255, 179, 116, 87, 170, 24, 130, 102, 117, 142, 104, 177, 106, 133, 147, 211, 149, 108, 141, 156, 140, 143, 99, 91, 33, 34, 72, 26, 120, 144, 13, 235, 185, 224, 207, 97, 70, 246, 124, 50, 221, 66, 29, 17, 67, 253, 25, 155, 68, 180, 119, 125, 216, 46, 96, 154, 220, 12, 164, 45, 200, 244, 138, 240, 7, 83, 95, 78, 197, 48, 243, 233, 110, 239, 74, 43, 136, 73, 9, 219, 111, 75, 22, 85, 41, 231, 40, 206, 183, 247, 249, 93, 205, 63, 194, 192, 55, 107, 109, 137, 18, 3, 20, 11, 100, 159, 214, 56, 

Нелінійність  = 94 

Алгебраїчний імунітет  = 3 

Дельта-рівномірність  = 10 

Лінійна збитковість = 0 



20, 181, 101, 143, 105, 6, 53, 91, 171, 141, 197, 116, 209, 80, 39, 34, 155, 137, 16, 126, 30, 252, 212, 254, 247, 11, 133, 58, 230, 54, 189, 232, 136, 188, 246, 198, 81, 127, 35, 123, 206, 222, 32, 203, 14, 115, 166, 220, 190, 3, 221, 38, 77, 170, 211, 227, 8, 70, 29, 69, 47, 158, 62, 153, 240, 46, 179, 139, 83, 18, 44, 142, 121, 67, 98, 37, 201, 151, 235, 79, 52, 219, 238, 89, 103, 120, 85, 112, 241, 244, 56, 117, 73, 27, 180, 4, 19, 88, 36, 97, 164, 66, 145, 165, 163, 17, 194, 5, 132, 186, 43, 111, 192, 86, 202, 13, 223, 144, 159, 93, 216, 191, 106, 156, 218, 182, 231, 76, 25, 75, 87, 168, 92, 108, 55, 21, 122, 217, 100, 104, 95, 175, 102, 96, 178, 84, 57, 161, 49, 176, 187, 210, 242, 177, 12, 233, 174, 41, 128, 224, 237, 78, 65, 42, 26, 245, 167, 234, 135, 82, 68, 249, 236, 64, 150, 131, 226, 138, 113, 119, 149, 40, 124, 173, 130, 118, 94, 59, 146, 24, 50, 250, 114, 110, 134, 2, 195, 33, 157, 185, 225, 243, 99, 10, 71, 61, 204, 147, 154, 22, 229, 193, 28, 228, 109, 72, 253, 251, 31, 184, 51, 160, 125, 48, 1, 214, 248, 162, 74, 152, 140, 196, 129, 199, 0, 9, 45, 208, 60, 215, 107, 23, 207, 205, 200, 239, 7, 213, 255, 63, 169, 148, 172, 90, 15, 183, 

Нелінійність  = 94 

Алгебраїчний імунітет  = 3 

Дельта-рівномірність  = 12 

Лінійна збитковість = 0 



12, 144, 226, 5, 219, 223, 153, 91, 123, 41, 157, 34, 88, 224, 242, 90, 33, 58, 169, 8, 93, 234, 250, 213, 21, 200, 134, 243, 211, 70, 163, 113, 237, 103, 148, 133, 229, 61, 16, 120, 177, 106, 85, 78, 7, 104, 68, 149, 164, 119, 62, 218, 239, 126, 43, 154, 208, 110, 1, 35, 69, 109, 80, 75, 215, 150, 190, 246, 94, 130, 4, 135, 131, 227, 195, 183, 189, 221, 249, 49, 132, 184, 182, 25, 115, 203, 225, 186, 102, 77, 99, 151, 29, 178, 165, 67, 238, 17, 152, 13, 92, 121, 19, 2, 156, 254, 52, 6, 205, 11, 56, 192, 158, 112, 82, 42, 108, 45, 240, 170, 0, 199, 247, 155, 63, 47, 217, 84, 187, 36, 81, 105, 139, 117, 162, 216, 87, 101, 138, 147, 54, 209, 214, 31, 51, 24, 74, 20, 181, 168, 185, 196, 201, 244, 10, 22, 116, 253, 176, 245, 76, 100, 23, 141, 37, 38, 194, 179, 172, 86, 48, 66, 235, 122, 175, 125, 193, 9, 248, 72, 241, 159, 191, 129, 46, 204, 136, 124, 89, 40, 231, 228, 251, 173, 230, 27, 26, 65, 59, 188, 128, 167, 50, 143, 15, 255, 53, 160, 98, 83, 79, 232, 14, 161, 252, 146, 202, 44, 3, 180, 28, 137, 95, 145, 60, 140, 30, 206, 212, 111, 142, 198, 222, 127, 96, 236, 55, 97, 57, 18, 171, 71, 174, 107, 64, 210, 118, 39, 166, 32, 233, 197, 73, 220, 207, 114, 

Нелінійність  = 94 

Алгебраїчний імунітет  = 3 

Дельта-рівномірність  = 12 

Лінійна збитковість = 0 



90, 83, 140, 155, 205, 116, 177, 190, 216, 246, 91, 49, 231, 150, 88, 251, 54, 60, 100, 236, 129, 159, 239, 19, 163, 47, 55, 154, 226, 23, 94, 147, 255, 71, 151, 206, 217, 202, 254, 75, 58, 172, 143, 201, 149, 248, 244, 214, 31, 175, 93, 62, 191, 46, 141, 5, 218, 64, 221, 87, 113, 240, 192, 144, 37, 4, 187, 131, 48, 108, 139, 29, 235, 198, 230, 117, 161, 158, 122, 35, 26, 121, 59, 115, 173, 229, 80, 27, 119, 252, 20, 195, 82, 105, 28, 73, 197, 224, 168, 128, 17, 65, 107, 51, 22, 30, 207, 152, 138, 232, 176, 41, 193, 76, 212, 63, 223, 253, 183, 156, 137, 196, 242, 146, 24, 124, 103, 97, 125, 40, 233, 184, 170, 211, 77, 33, 136, 50, 208, 126, 32, 180, 145, 106, 114, 2, 18, 132, 96, 130, 243, 204, 44, 194, 69, 247, 66, 181, 148, 67, 133, 7, 112, 109, 13, 200, 160, 219, 118, 165, 153, 95, 186, 57, 220, 78, 142, 203, 38, 68, 162, 225, 169, 179, 213, 215, 72, 15, 52, 39, 99, 25, 1, 237, 101, 10, 178, 14, 199, 123, 84, 102, 42, 174, 8, 238, 245, 45, 135, 79, 36, 120, 34, 43, 127, 188, 9, 85, 241, 222, 189, 0, 234, 12, 61, 21, 16, 182, 164, 70, 56, 89, 166, 98, 53, 228, 81, 111, 227, 110, 167, 210, 86, 74, 104, 157, 250, 92, 6, 3, 249, 209, 11, 171, 185, 134, 

Нелінійність  = 94 

Алгебраїчний імунітет  = 3 

Дельта-рівномірність  = 12 

Лінійна збитковість = 0 



242, 201, 159, 34, 75, 78, 207, 185, 225, 116, 94, 1, 140, 86, 232, 93, 209, 131, 165, 69, 177, 246, 194, 99, 171, 228, 70, 154, 199, 189, 80, 60, 250, 182, 144, 151, 241, 87, 100, 4, 183, 23, 252, 253, 25, 3, 179, 126, 68, 134, 195, 90, 218, 27, 57, 190, 222, 149, 143, 6, 184, 192, 198, 238, 55, 239, 114, 81, 254, 89, 36, 14, 37, 33, 56, 135, 213, 148, 203, 217, 124, 2, 88, 216, 113, 233, 255, 101, 146, 43, 142, 103, 188, 73, 175, 191, 123, 46, 84, 173, 247, 202, 214, 102, 138, 51, 166, 109, 119, 64, 145, 115, 244, 107, 163, 150, 193, 18, 221, 0, 136, 160, 17, 155, 62, 40, 223, 117, 49, 83, 229, 13, 118, 147, 54, 132, 7, 245, 226, 227, 63, 12, 161, 208, 9, 24, 121, 156, 48, 237, 157, 112, 235, 204, 15, 104, 71, 176, 67, 215, 219, 95, 120, 168, 79, 110, 251, 169, 22, 44, 122, 231, 197, 58, 76, 230, 139, 137, 97, 59, 128, 74, 186, 248, 11, 162, 66, 111, 133, 52, 19, 29, 42, 236, 98, 39, 10, 172, 181, 240, 45, 105, 206, 61, 16, 65, 85, 130, 205, 92, 47, 125, 167, 153, 180, 50, 243, 174, 127, 41, 234, 249, 152, 106, 28, 96, 196, 108, 38, 129, 5, 170, 26, 77, 178, 82, 31, 32, 20, 210, 21, 141, 91, 8, 158, 187, 72, 164, 211, 53, 35, 220, 30, 200, 224, 212, 

Нелінійність  = 94 

Алгебраїчний імунітет  = 3 

Дельта-рівномірність  = 12 

Лінійна збитковість = 0 



104, 199, 191, 245, 175, 52, 228, 189, 220, 165, 42, 127, 16, 226, 128, 40, 28, 118, 252, 155, 97, 32, 91, 219, 10, 84, 243, 48, 105, 101, 129, 250, 251, 33, 247, 233, 136, 47, 31, 99, 75, 13, 148, 242, 62, 218, 22, 63, 12, 86, 119, 227, 9, 5, 41, 0, 146, 21, 110, 20, 244, 123, 152, 138, 174, 131, 230, 205, 65, 181, 126, 125, 163, 143, 100, 92, 134, 56, 61, 246, 4, 130, 213, 103, 43, 30, 140, 106, 157, 202, 78, 54, 178, 197, 236, 81, 209, 24, 132, 14, 77, 183, 68, 57, 124, 238, 156, 83, 185, 177, 50, 249, 38, 76, 141, 172, 49, 139, 74, 192, 188, 161, 69, 59, 46, 95, 214, 11, 102, 117, 223, 66, 17, 29, 72, 80, 167, 162, 2, 51, 170, 153, 15, 196, 121, 166, 208, 112, 1, 116, 90, 222, 254, 171, 19, 204, 158, 179, 142, 64, 60, 144, 212, 135, 108, 58, 55, 87, 225, 248, 111, 88, 194, 18, 221, 137, 149, 229, 215, 23, 53, 173, 186, 145, 8, 67, 150, 190, 187, 184, 168, 206, 109, 79, 36, 107, 207, 193, 7, 39, 96, 239, 94, 151, 164, 253, 176, 45, 122, 198, 26, 70, 200, 182, 115, 113, 44, 133, 34, 35, 180, 224, 160, 169, 237, 85, 71, 73, 240, 211, 154, 241, 89, 216, 93, 120, 235, 203, 25, 6, 210, 159, 82, 114, 3, 217, 37, 27, 255, 231, 232, 147, 201, 195, 98, 234, 

Нелінійність  = 94 

Алгебраїчний імунітет  = 3 

Дельта-рівномірність  = 12 

Лінійна збитковість = 0 



41, 246, 183, 142, 237, 158, 163, 112, 44, 109, 122, 73, 110, 186, 16, 231, 141, 175, 208, 49, 30, 157, 61, 226, 78, 167, 52, 132, 146, 219, 99, 191, 255, 197, 160, 27, 221, 193, 48, 214, 215, 11, 213, 95, 185, 172, 98, 77, 248, 238, 235, 21, 174, 154, 224, 250, 205, 83, 116, 115, 178, 20, 43, 239, 143, 105, 244, 26, 147, 151, 243, 182, 53, 194, 253, 28, 140, 144, 119, 210, 135, 234, 145, 5, 209, 181, 254, 123, 29, 138, 228, 201, 71, 202, 207, 103, 0, 252, 6, 128, 101, 165, 79, 17, 247, 251, 58, 55, 153, 217, 199, 85, 65, 170, 42, 189, 50, 7, 245, 200, 81, 184, 240, 46, 8, 76, 118, 121, 22, 212, 56, 38, 92, 32, 25, 57, 130, 67, 242, 125, 10, 129, 204, 86, 164, 155, 91, 9, 31, 89, 187, 148, 14, 96, 15, 93, 51, 168, 1, 223, 227, 12, 117, 80, 133, 179, 206, 218, 23, 19, 88, 139, 195, 34, 198, 13, 45, 203, 152, 108, 66, 24, 124, 18, 166, 225, 134, 176, 159, 68, 64, 69, 63, 126, 104, 54, 35, 102, 192, 33, 2, 229, 72, 233, 169, 60, 161, 220, 131, 40, 177, 74, 162, 136, 75, 137, 211, 82, 59, 190, 84, 188, 37, 127, 156, 149, 232, 62, 100, 230, 222, 39, 107, 180, 173, 150, 113, 36, 94, 241, 97, 4, 216, 120, 70, 106, 111, 114, 236, 196, 90, 171, 87, 47, 249, 3, 

Нелінійність  = 94 

Алгебраїчний імунітет  = 3 

Дельта-рівномірність  = 12 

Лінійна збитковість = 0 



Час виконання: 280.316000 секунд

Блок з необхідними параметрами знайдено

Кількість виконаних ітерацій = 4 
_______________________________________________________________________________________________
