
Початкове число ітерацій = 100
N = 40
PSO S-boxes:
99, 124, 119, 123, 242, 107, 111, 197, 48, 1, 103, 43, 254, 215, 171, 118, 202, 130, 201, 125, 250, 89, 71, 240, 173, 212, 162, 175, 156, 164, 114, 192, 183, 253, 147, 38, 54, 63, 247, 204, 52, 165, 229, 241, 113, 216, 49, 21, 4, 199, 35, 195, 24, 150, 5, 154, 7, 18, 128, 226, 235, 39, 178, 117, 9, 131, 44, 26, 27, 110, 90, 160, 82, 59, 214, 179, 41, 227, 47, 132, 83, 209, 0, 237, 32, 252, 177, 91, 106, 203, 190, 57, 74, 76, 88, 207, 208, 239, 170, 251, 67, 77, 51, 133, 69, 249, 2, 127, 80, 60, 159, 168, 81, 163, 64, 143, 146, 157, 56, 245, 188, 182, 218, 33, 16, 255, 243, 210, 205, 12, 19, 236, 95, 151, 68, 23, 196, 167, 126, 61, 100, 93, 25, 115, 96, 129, 79, 220, 34, 42, 144, 136, 70, 238, 184, 20, 222, 94, 11, 219, 224, 50, 58, 10, 73, 6, 36, 92, 194, 211, 172, 98, 145, 149, 228, 121, 231, 200, 55, 109, 141, 213, 78, 169, 108, 86, 244, 234, 101, 122, 174, 8, 186, 120, 37, 46, 28, 166, 180, 198, 232, 221, 116, 31, 75, 189, 139, 138, 112, 62, 181, 102, 72, 3, 246, 14, 97, 53, 87, 185, 134, 193, 29, 158, 225, 248, 152, 17, 105, 217, 142, 148, 155, 30, 135, 233, 206, 85, 40, 223, 140, 161, 137, 13, 191, 230, 66, 104, 65, 153, 45, 15, 176, 84, 187, 22, 

Нелінійність  = 112 

Алгебраїчний імунітет  = 2 

Дельта-рівномірність  = 4 

Лінійна збитковість = 255 



99, 124, 119, 123, 242, 107, 111, 197, 48, 1, 103, 43, 254, 215, 171, 118, 202, 130, 201, 125, 250, 89, 71, 240, 173, 212, 162, 175, 156, 164, 114, 192, 183, 253, 147, 38, 54, 63, 204, 247, 52, 165, 229, 241, 113, 216, 49, 21, 4, 199, 35, 195, 24, 150, 5, 154, 7, 18, 128, 226, 235, 39, 178, 117, 9, 131, 44, 26, 27, 110, 90, 160, 82, 59, 214, 179, 41, 227, 47, 132, 83, 209, 0, 237, 32, 252, 177, 91, 106, 203, 190, 57, 74, 76, 88, 207, 208, 239, 170, 251, 67, 77, 51, 133, 69, 249, 2, 127, 80, 60, 159, 168, 81, 163, 64, 143, 146, 157, 56, 245, 188, 182, 218, 33, 16, 255, 243, 210, 205, 12, 19, 236, 95, 151, 68, 23, 196, 167, 126, 61, 100, 93, 25, 115, 96, 129, 79, 220, 34, 42, 144, 136, 70, 238, 184, 20, 222, 94, 11, 219, 224, 50, 58, 10, 73, 6, 36, 92, 194, 211, 172, 98, 145, 149, 228, 121, 231, 200, 55, 109, 141, 213, 78, 169, 108, 86, 244, 234, 101, 122, 174, 8, 186, 120, 37, 46, 28, 166, 180, 198, 232, 221, 116, 31, 75, 189, 139, 138, 112, 62, 181, 102, 72, 3, 246, 14, 97, 53, 87, 185, 134, 193, 29, 158, 225, 248, 152, 17, 105, 217, 142, 148, 155, 30, 135, 233, 206, 85, 40, 223, 140, 161, 137, 13, 191, 230, 66, 104, 65, 153, 45, 15, 176, 84, 187, 22, 

Нелінійність  = 110 

Алгебраїчний імунітет  = 2 

Дельта-рівномірність  = 6 

Лінійна збитковість = 126 



99, 124, 119, 123, 242, 81, 57, 202, 48, 84, 103, 26, 254, 21, 171, 118, 197, 68, 201, 125, 250, 89, 34, 240, 173, 233, 162, 175, 156, 164, 114, 192, 105, 253, 230, 38, 54, 63, 232, 79, 52, 165, 229, 241, 113, 216, 49, 142, 209, 199, 35, 195, 24, 150, 5, 154, 7, 18, 128, 226, 235, 39, 178, 117, 9, 131, 44, 43, 27, 110, 90, 160, 82, 59, 214, 179, 41, 227, 47, 132, 83, 4, 0, 237, 32, 252, 177, 91, 106, 203, 190, 111, 74, 76, 88, 207, 208, 239, 170, 251, 67, 77, 51, 133, 69, 249, 2, 127, 80, 60, 159, 168, 107, 163, 64, 143, 146, 157, 56, 245, 188, 182, 218, 33, 16, 255, 243, 210, 205, 12, 19, 236, 95, 151, 130, 23, 196, 167, 126, 61, 100, 93, 25, 115, 96, 129, 224, 220, 71, 42, 144, 136, 70, 238, 184, 20, 222, 94, 11, 219, 244, 50, 58, 10, 73, 6, 36, 92, 194, 211, 172, 98, 145, 149, 228, 121, 231, 200, 55, 109, 141, 213, 78, 169, 108, 86, 180, 234, 101, 122, 174, 8, 186, 120, 37, 46, 28, 166, 102, 198, 75, 221, 116, 31, 189, 65, 139, 138, 112, 62, 181, 206, 72, 3, 246, 14, 97, 53, 87, 185, 134, 193, 29, 158, 225, 248, 152, 17, 183, 217, 215, 148, 155, 30, 135, 212, 247, 85, 40, 223, 140, 161, 137, 13, 191, 147, 66, 104, 176, 153, 45, 15, 204, 1, 187, 22, 

Нелінійність  = 102 

Алгебраїчний імунітет  = 3 

Дельта-рівномірність  = 8 

Лінійна збитковість = 0 



99, 124, 119, 123, 242, 107, 57, 201, 130, 1, 103, 43, 254, 72, 171, 112, 202, 48, 129, 125, 250, 89, 71, 240, 173, 212, 162, 21, 156, 44, 114, 192, 105, 253, 147, 38, 54, 31, 207, 245, 52, 187, 229, 249, 113, 216, 217, 175, 4, 199, 35, 195, 24, 150, 5, 154, 7, 18, 128, 226, 235, 39, 178, 117, 9, 131, 164, 26, 27, 110, 90, 160, 82, 59, 214, 179, 41, 227, 47, 132, 83, 209, 0, 237, 32, 252, 177, 91, 165, 203, 190, 111, 74, 76, 88, 104, 208, 239, 170, 251, 67, 77, 51, 133, 69, 241, 2, 127, 80, 60, 159, 168, 81, 163, 64, 143, 146, 157, 56, 79, 188, 182, 218, 33, 16, 255, 243, 210, 205, 12, 19, 236, 95, 151, 68, 23, 196, 167, 126, 61, 100, 93, 25, 115, 96, 197, 122, 220, 34, 42, 144, 136, 70, 238, 184, 20, 222, 94, 11, 219, 224, 50, 58, 10, 73, 6, 36, 92, 194, 211, 172, 98, 145, 149, 228, 121, 231, 200, 55, 109, 141, 213, 78, 169, 108, 86, 244, 234, 101, 102, 174, 8, 186, 120, 37, 46, 28, 166, 180, 198, 232, 221, 116, 63, 75, 189, 139, 138, 118, 62, 181, 15, 215, 3, 246, 14, 97, 53, 87, 185, 134, 193, 29, 158, 225, 248, 152, 17, 183, 49, 142, 148, 155, 30, 135, 233, 206, 85, 40, 223, 140, 161, 137, 13, 191, 230, 66, 153, 65, 204, 45, 84, 176, 22, 106, 247, 

Нелінійність  = 100 

Алгебраїчний імунітет  = 3 

Дельта-рівномірність  = 10 

Лінійна збитковість = 0 



99, 124, 119, 123, 242, 107, 111, 202, 80, 1, 103, 43, 254, 215, 171, 118, 197, 235, 201, 92, 250, 89, 71, 240, 173, 212, 224, 175, 156, 164, 114, 192, 183, 253, 48, 38, 54, 251, 63, 19, 52, 165, 229, 241, 113, 216, 49, 142, 145, 199, 35, 195, 24, 150, 5, 154, 7, 18, 128, 226, 130, 39, 178, 117, 9, 131, 44, 26, 27, 110, 90, 160, 82, 59, 214, 179, 41, 227, 47, 132, 83, 209, 0, 237, 32, 252, 177, 91, 106, 203, 190, 57, 74, 76, 88, 207, 208, 239, 170, 33, 67, 77, 51, 133, 69, 249, 2, 127, 147, 60, 159, 168, 81, 163, 64, 143, 146, 157, 56, 245, 188, 182, 218, 221, 16, 255, 243, 210, 205, 12, 231, 236, 95, 151, 68, 23, 196, 167, 126, 61, 100, 93, 25, 115, 96, 129, 79, 220, 34, 42, 144, 136, 70, 238, 184, 20, 222, 94, 11, 219, 15, 50, 58, 10, 73, 6, 36, 125, 194, 211, 172, 98, 4, 149, 228, 121, 204, 200, 55, 109, 141, 213, 78, 169, 108, 86, 244, 234, 101, 122, 174, 8, 186, 120, 37, 46, 28, 166, 180, 198, 232, 138, 116, 31, 75, 189, 139, 191, 112, 62, 181, 102, 72, 3, 246, 14, 97, 53, 87, 185, 134, 193, 29, 158, 225, 248, 152, 17, 105, 217, 21, 148, 155, 30, 135, 233, 206, 85, 40, 223, 140, 161, 137, 13, 22, 230, 66, 104, 65, 153, 45, 162, 176, 84, 187, 247, 

Нелінійність  = 100 

Алгебраїчний імунітет  = 2 

Дельта-рівномірність  = 8 

Лінійна збитковість = 0 



122, 255, 133, 125, 241, 204, 218, 33, 145, 215, 1, 159, 200, 190, 76, 48, 211, 184, 178, 61, 68, 8, 172, 118, 222, 154, 84, 210, 193, 56, 105, 175, 127, 249, 53, 96, 207, 185, 247, 187, 34, 134, 35, 183, 129, 194, 166, 243, 179, 65, 46, 36, 81, 208, 192, 69, 113, 117, 149, 225, 83, 39, 132, 197, 90, 5, 119, 102, 167, 80, 253, 37, 18, 23, 6, 73, 77, 22, 227, 99, 108, 124, 63, 32, 94, 251, 97, 100, 11, 147, 162, 19, 0, 242, 152, 24, 245, 109, 173, 72, 177, 223, 51, 38, 135, 216, 142, 40, 202, 57, 75, 201, 199, 74, 236, 31, 136, 47, 110, 168, 219, 21, 114, 87, 244, 181, 254, 64, 146, 188, 2, 92, 42, 121, 186, 155, 115, 16, 9, 198, 232, 25, 66, 41, 174, 176, 62, 13, 189, 49, 101, 111, 137, 164, 230, 248, 98, 148, 156, 91, 220, 10, 59, 67, 214, 52, 7, 79, 126, 107, 213, 45, 93, 191, 171, 224, 206, 85, 158, 50, 238, 29, 106, 252, 229, 195, 180, 112, 240, 95, 234, 153, 237, 104, 26, 20, 239, 58, 89, 71, 70, 88, 169, 143, 161, 139, 203, 228, 123, 233, 120, 196, 27, 163, 205, 246, 151, 130, 128, 165, 60, 30, 209, 212, 141, 250, 157, 226, 4, 140, 217, 116, 170, 54, 103, 15, 235, 12, 182, 43, 150, 221, 14, 231, 17, 3, 138, 55, 78, 44, 86, 160, 28, 144, 131, 82, 

Нелінійність  = 96 

Алгебраїчний імунітет  = 3 

Дельта-рівномірність  = 14 

Лінійна збитковість = 0 



124, 43, 223, 49, 76, 148, 91, 232, 65, 155, 213, 171, 229, 234, 185, 126, 253, 75, 27, 144, 33, 142, 55, 237, 143, 125, 72, 243, 202, 96, 191, 197, 225, 80, 178, 120, 90, 194, 103, 87, 242, 174, 128, 217, 209, 16, 200, 192, 123, 130, 11, 196, 150, 212, 182, 28, 42, 6, 249, 149, 30, 68, 57, 231, 29, 110, 172, 215, 146, 132, 203, 168, 20, 85, 218, 169, 254, 184, 32, 1, 164, 60, 220, 163, 67, 183, 193, 53, 211, 56, 36, 77, 139, 51, 10, 118, 116, 45, 31, 24, 83, 39, 44, 239, 62, 95, 34, 48, 112, 151, 166, 15, 66, 175, 105, 177, 18, 117, 235, 156, 206, 159, 160, 241, 119, 250, 106, 188, 7, 13, 226, 136, 141, 162, 109, 5, 176, 73, 12, 52, 251, 104, 22, 64, 79, 86, 181, 82, 161, 247, 70, 46, 224, 233, 99, 122, 227, 41, 214, 158, 100, 38, 94, 93, 154, 61, 240, 81, 186, 0, 205, 74, 59, 238, 54, 138, 165, 198, 207, 89, 63, 17, 208, 244, 47, 199, 26, 246, 88, 121, 2, 19, 216, 222, 107, 14, 236, 25, 140, 204, 9, 190, 131, 157, 147, 195, 35, 170, 228, 187, 3, 210, 101, 127, 189, 98, 173, 58, 21, 133, 69, 102, 71, 40, 135, 180, 111, 97, 167, 230, 115, 201, 4, 255, 129, 252, 92, 221, 113, 50, 8, 134, 245, 153, 37, 179, 145, 219, 248, 23, 152, 84, 137, 108, 78, 114, 

Нелінійність  = 96 

Алгебраїчний імунітет  = 3 

Дельта-рівномірність  = 10 

Лінійна збитковість = 0 



122, 255, 133, 125, 241, 204, 218, 33, 145, 215, 1, 159, 200, 190, 76, 48, 211, 184, 178, 61, 68, 8, 172, 118, 222, 154, 84, 210, 193, 56, 105, 175, 127, 249, 53, 96, 207, 185, 247, 187, 34, 134, 35, 183, 129, 194, 166, 243, 179, 65, 46, 36, 81, 208, 192, 69, 113, 117, 149, 225, 83, 39, 132, 197, 90, 5, 119, 102, 167, 80, 253, 37, 18, 23, 6, 73, 77, 22, 227, 99, 108, 124, 63, 32, 94, 251, 97, 100, 11, 147, 162, 19, 0, 242, 152, 24, 245, 109, 173, 72, 177, 223, 51, 38, 135, 216, 142, 40, 202, 57, 75, 201, 199, 74, 236, 31, 136, 47, 110, 168, 219, 21, 114, 87, 244, 181, 254, 64, 146, 188, 2, 92, 42, 121, 186, 155, 115, 16, 9, 198, 232, 25, 66, 41, 174, 176, 62, 13, 189, 49, 101, 111, 137, 164, 230, 248, 98, 148, 156, 91, 220, 10, 59, 67, 214, 52, 7, 79, 126, 107, 213, 45, 93, 191, 171, 224, 206, 85, 158, 50, 238, 29, 106, 252, 229, 195, 180, 112, 240, 95, 234, 153, 237, 104, 26, 20, 239, 58, 89, 71, 70, 88, 169, 143, 161, 139, 203, 228, 123, 233, 120, 196, 27, 163, 205, 246, 151, 130, 128, 165, 60, 30, 209, 212, 141, 250, 157, 226, 4, 140, 217, 116, 170, 54, 103, 15, 235, 12, 182, 43, 150, 221, 14, 231, 17, 3, 138, 55, 78, 44, 86, 160, 28, 144, 131, 82, 

Нелінійність  = 96 

Алгебраїчний імунітет  = 3 

Дельта-рівномірність  = 14 

Лінійна збитковість = 0 



118, 23, 211, 58, 95, 83, 157, 66, 176, 88, 22, 120, 171, 154, 244, 147, 89, 179, 167, 131, 96, 212, 178, 227, 20, 219, 151, 123, 60, 136, 246, 133, 107, 63, 145, 78, 73, 137, 142, 2, 30, 84, 43, 214, 241, 191, 109, 48, 51, 186, 6, 153, 210, 59, 221, 55, 46, 80, 141, 27, 204, 231, 86, 72, 198, 65, 26, 207, 201, 44, 67, 183, 218, 248, 182, 9, 194, 126, 159, 41, 24, 94, 56, 135, 199, 18, 104, 206, 189, 139, 165, 249, 52, 166, 61, 164, 4, 28, 49, 103, 180, 192, 114, 85, 250, 50, 122, 32, 93, 138, 238, 197, 233, 111, 54, 230, 10, 8, 190, 193, 98, 236, 160, 39, 234, 62, 11, 29, 19, 25, 150, 127, 21, 188, 184, 132, 220, 226, 148, 242, 229, 213, 225, 116, 77, 110, 101, 36, 13, 173, 128, 14, 143, 203, 205, 92, 217, 155, 35, 115, 91, 228, 162, 53, 76, 33, 170, 40, 161, 202, 69, 1, 144, 251, 208, 181, 64, 169, 222, 232, 100, 247, 108, 47, 172, 17, 174, 140, 240, 124, 237, 3, 209, 5, 195, 90, 74, 99, 168, 243, 253, 134, 82, 163, 105, 97, 239, 187, 185, 7, 125, 149, 70, 235, 121, 255, 45, 113, 196, 245, 117, 224, 16, 254, 37, 129, 119, 106, 158, 112, 15, 38, 175, 42, 200, 130, 156, 146, 12, 252, 68, 34, 71, 57, 102, 79, 0, 223, 216, 215, 87, 152, 75, 177, 81, 31, 

Нелінійність  = 96 

Алгебраїчний імунітет  = 3 

Дельта-рівномірність  = 12 

Лінійна збитковість = 0 



118, 23, 211, 58, 95, 83, 157, 66, 176, 88, 22, 120, 171, 154, 244, 147, 89, 179, 167, 131, 96, 212, 178, 227, 20, 219, 151, 123, 60, 136, 246, 133, 107, 63, 145, 78, 73, 137, 142, 2, 30, 84, 43, 214, 241, 191, 109, 48, 51, 186, 6, 153, 210, 59, 221, 55, 46, 80, 141, 27, 204, 231, 86, 72, 198, 65, 26, 207, 201, 44, 67, 183, 218, 248, 182, 9, 194, 126, 159, 41, 24, 94, 56, 135, 199, 18, 104, 206, 189, 139, 165, 249, 52, 166, 61, 164, 4, 28, 49, 103, 180, 192, 114, 85, 250, 50, 122, 32, 93, 138, 238, 197, 233, 111, 54, 230, 10, 8, 190, 193, 98, 236, 160, 39, 234, 62, 11, 29, 19, 25, 150, 127, 21, 188, 184, 132, 220, 226, 148, 242, 229, 213, 225, 116, 77, 110, 101, 36, 13, 173, 128, 14, 143, 203, 205, 92, 217, 155, 35, 115, 91, 228, 162, 53, 76, 33, 170, 40, 161, 202, 69, 1, 144, 251, 208, 181, 64, 169, 222, 232, 100, 247, 108, 47, 172, 17, 174, 140, 240, 124, 237, 3, 209, 5, 195, 90, 74, 99, 168, 243, 253, 134, 82, 163, 105, 97, 239, 187, 185, 7, 125, 149, 70, 235, 121, 255, 45, 113, 196, 245, 117, 224, 16, 254, 37, 129, 119, 106, 158, 112, 15, 38, 175, 42, 200, 130, 156, 146, 12, 252, 68, 34, 71, 57, 102, 79, 0, 223, 216, 215, 87, 152, 75, 177, 81, 31, 

Нелінійність  = 96 

Алгебраїчний імунітет  = 3 

Дельта-рівномірність  = 12 

Лінійна збитковість = 0 



106, 161, 123, 124, 242, 135, 142, 151, 76, 62, 75, 66, 239, 208, 145, 99, 205, 146, 195, 107, 199, 67, 100, 206, 187, 196, 141, 185, 167, 134, 112, 188, 168, 252, 121, 55, 98, 231, 247, 200, 47, 157, 175, 225, 118, 210, 82, 84, 54, 162, 39, 46, 41, 105, 58, 131, 37, 29, 26, 226, 193, 4, 166, 140, 32, 96, 6, 48, 11, 102, 136, 126, 64, 49, 156, 150, 52, 170, 147, 108, 91, 186, 18, 180, 50, 169, 155, 94, 80, 113, 183, 119, 201, 68, 132, 152, 219, 203, 171, 137, 95, 27, 51, 1, 88, 240, 42, 103, 115, 60, 35, 178, 174, 138, 197, 234, 144, 127, 72, 224, 164, 246, 189, 153, 81, 235, 204, 83, 93, 255, 15, 8, 251, 143, 110, 61, 9, 125, 192, 130, 73, 74, 233, 13, 0, 43, 59, 222, 78, 44, 212, 129, 89, 218, 253, 85, 148, 2, 14, 176, 223, 194, 160, 30, 217, 19, 28, 79, 104, 182, 184, 65, 97, 220, 139, 36, 77, 238, 165, 45, 245, 190, 86, 221, 101, 117, 241, 69, 209, 191, 38, 133, 10, 116, 34, 25, 5, 181, 114, 163, 63, 24, 173, 3, 154, 22, 158, 33, 122, 111, 230, 213, 232, 17, 248, 87, 244, 254, 227, 243, 120, 179, 236, 21, 202, 249, 216, 16, 56, 31, 57, 177, 109, 207, 70, 172, 215, 12, 149, 92, 159, 237, 20, 250, 128, 198, 211, 90, 214, 40, 71, 229, 7, 23, 53, 228, 

Нелінійність  = 96 

Алгебраїчний імунітет  = 3 

Дельта-рівномірність  = 12 

Лінійна збитковість = 0 



91, 158, 119, 120, 175, 106, 132, 148, 96, 70, 100, 62, 190, 166, 135, 111, 181, 149, 202, 118, 226, 103, 75, 223, 125, 201, 159, 127, 123, 122, 115, 176, 139, 211, 124, 68, 78, 105, 197, 35, 108, 144, 231, 170, 204, 92, 109, 44, 48, 154, 53, 185, 85, 151, 27, 71, 41, 17, 84, 165, 66, 3, 155, 187, 45, 163, 95, 34, 67, 133, 101, 138, 152, 150, 200, 179, 220, 234, 51, 97, 89, 191, 20, 207, 235, 251, 171, 26, 23, 213, 186, 54, 117, 77, 59, 199, 5, 196, 114, 215, 50, 88, 140, 243, 104, 188, 29, 239, 24, 110, 172, 210, 192, 162, 93, 143, 146, 178, 145, 79, 112, 28, 217, 55, 33, 252, 0, 195, 219, 147, 169, 87, 236, 157, 221, 8, 205, 173, 36, 164, 137, 86, 39, 237, 130, 11, 225, 206, 31, 64, 7, 227, 113, 43, 182, 40, 30, 253, 13, 245, 57, 99, 107, 60, 90, 16, 233, 4, 183, 228, 254, 73, 21, 214, 230, 156, 153, 216, 193, 134, 61, 208, 248, 82, 52, 160, 247, 14, 15, 129, 142, 126, 184, 72, 81, 80, 65, 121, 161, 22, 25, 218, 174, 49, 6, 194, 224, 102, 46, 76, 136, 131, 12, 38, 240, 58, 98, 255, 47, 9, 128, 232, 116, 177, 56, 203, 250, 246, 10, 37, 244, 32, 18, 69, 83, 189, 241, 209, 198, 168, 180, 141, 2, 249, 212, 242, 222, 42, 19, 167, 229, 1, 94, 238, 63, 74, 

Нелінійність  = 96 

Алгебраїчний імунітет  = 3 

Дельта-рівномірність  = 10 

Лінійна збитковість = 0 



140, 146, 131, 98, 195, 99, 139, 194, 87, 34, 101, 32, 222, 179, 189, 111, 204, 114, 191, 110, 230, 134, 106, 201, 173, 217, 137, 170, 169, 172, 105, 155, 202, 233, 147, 70, 107, 210, 206, 148, 89, 125, 236, 245, 157, 156, 86, 51, 23, 181, 81, 166, 79, 116, 20, 165, 68, 55, 133, 135, 221, 83, 184, 152, 22, 162, 64, 42, 91, 214, 75, 119, 207, 52, 211, 167, 90, 205, 57, 76, 95, 151, 25, 232, 142, 247, 199, 94, 118, 158, 177, 9, 160, 153, 113, 203, 185, 66, 144, 61, 136, 49, 97, 6, 235, 174, 208, 122, 121, 62, 239, 154, 127, 209, 92, 145, 30, 41, 103, 176, 18, 108, 218, 117, 29, 19, 238, 44, 10, 33, 197, 74, 102, 150, 65, 54, 143, 120, 243, 93, 216, 71, 27, 73, 72, 100, 67, 58, 38, 40, 186, 130, 112, 229, 109, 180, 35, 224, 123, 240, 223, 63, 246, 138, 37, 36, 198, 11, 8, 164, 163, 228, 39, 124, 129, 80, 46, 183, 171, 31, 159, 84, 187, 192, 250, 53, 28, 200, 227, 219, 3, 14, 178, 249, 24, 45, 60, 168, 69, 225, 56, 251, 254, 196, 59, 48, 15, 128, 77, 193, 161, 234, 248, 115, 104, 132, 126, 88, 5, 21, 215, 149, 82, 212, 182, 231, 190, 43, 2, 241, 1, 78, 252, 7, 141, 96, 237, 226, 26, 220, 12, 188, 253, 16, 17, 244, 85, 4, 175, 50, 242, 47, 13, 0, 213, 255, 

Нелінійність  = 96 

Алгебраїчний імунітет  = 3 

Дельта-рівномірність  = 10 

Лінійна збитковість = 0 



76, 138, 151, 93, 201, 96, 85, 180, 81, 25, 162, 44, 194, 183, 150, 142, 160, 125, 216, 250, 226, 73, 122, 179, 184, 224, 172, 154, 143, 167, 98, 199, 141, 195, 176, 31, 59, 75, 105, 28, 110, 159, 212, 190, 126, 202, 45, 248, 33, 205, 58, 200, 55, 134, 51, 127, 48, 254, 61, 168, 178, 65, 188, 115, 213, 163, 247, 193, 71, 91, 114, 39, 27, 36, 181, 5, 38, 164, 99, 128, 121, 88, 246, 124, 64, 219, 165, 112, 102, 9, 137, 109, 106, 34, 107, 170, 130, 209, 191, 242, 97, 171, 92, 49, 56, 233, 24, 120, 63, 3, 136, 189, 80, 119, 68, 104, 208, 14, 72, 196, 238, 173, 174, 90, 23, 215, 47, 210, 243, 225, 221, 204, 108, 155, 1, 62, 15, 30, 177, 148, 94, 20, 66, 40, 87, 239, 113, 21, 146, 235, 211, 145, 6, 182, 227, 67, 116, 70, 17, 153, 186, 77, 147, 35, 84, 22, 223, 140, 152, 253, 144, 18, 54, 206, 83, 123, 229, 52, 149, 7, 37, 175, 118, 8, 187, 129, 69, 236, 101, 29, 197, 4, 139, 217, 156, 57, 231, 230, 78, 132, 169, 89, 79, 13, 133, 220, 166, 203, 222, 103, 117, 185, 53, 232, 249, 0, 111, 16, 32, 46, 11, 26, 50, 245, 251, 218, 158, 100, 198, 255, 214, 161, 74, 207, 60, 135, 43, 41, 2, 192, 237, 157, 86, 42, 131, 240, 234, 95, 228, 19, 10, 12, 244, 241, 82, 252, 

Нелінійність  = 96 

Алгебраїчний імунітет  = 3 

Дельта-рівномірність  = 12 

Лінійна збитковість = 0 



76, 138, 151, 93, 201, 96, 85, 180, 81, 25, 82, 44, 194, 183, 150, 142, 160, 125, 216, 104, 106, 73, 122, 179, 184, 224, 172, 154, 34, 167, 98, 199, 141, 195, 176, 31, 59, 75, 139, 247, 110, 159, 226, 190, 126, 202, 45, 33, 213, 205, 58, 200, 55, 134, 51, 127, 48, 239, 128, 168, 178, 65, 188, 115, 40, 163, 19, 112, 71, 91, 114, 78, 187, 240, 181, 185, 38, 148, 99, 107, 121, 237, 50, 118, 64, 219, 165, 166, 109, 74, 137, 191, 144, 14, 198, 124, 170, 209, 4, 242, 97, 211, 27, 130, 56, 120, 24, 103, 63, 102, 136, 189, 80, 119, 68, 2, 35, 203, 72, 196, 221, 173, 174, 90, 23, 215, 153, 210, 145, 250, 8, 204, 108, 233, 234, 57, 217, 79, 245, 20, 94, 252, 131, 83, 87, 135, 113, 42, 36, 123, 162, 13, 241, 238, 171, 67, 251, 70, 17, 212, 186, 77, 129, 207, 84, 22, 61, 111, 231, 3, 9, 89, 116, 246, 244, 248, 229, 46, 133, 147, 182, 175, 43, 105, 140, 222, 53, 236, 101, 143, 156, 49, 249, 146, 232, 41, 225, 88, 132, 7, 169, 158, 220, 86, 117, 177, 164, 30, 161, 149, 208, 18, 29, 69, 1, 37, 0, 32, 92, 254, 28, 197, 95, 193, 100, 54, 26, 214, 66, 15, 10, 192, 152, 62, 12, 6, 218, 253, 47, 235, 16, 52, 21, 227, 206, 223, 255, 11, 228, 243, 60, 39, 155, 157, 5, 230, 

Нелінійність  = 96 

Алгебраїчний імунітет  = 3 

Дельта-рівномірність  = 12 

Лінійна збитковість = 0 



119, 132, 123, 133, 208, 93, 127, 172, 40, 26, 94, 103, 220, 224, 223, 106, 188, 155, 171, 139, 209, 89, 162, 202, 16, 218, 163, 137, 130, 159, 154, 52, 150, 95, 195, 88, 68, 61, 244, 185, 56, 189, 222, 57, 96, 187, 83, 32, 47, 203, 58, 148, 50, 138, 69, 182, 73, 59, 99, 197, 212, 30, 183, 90, 9, 116, 42, 104, 78, 92, 98, 156, 71, 60, 211, 180, 75, 217, 66, 254, 118, 184, 54, 107, 29, 131, 176, 109, 168, 36, 141, 105, 64, 67, 121, 91, 181, 199, 18, 239, 100, 79, 102, 135, 86, 235, 44, 2, 72, 108, 140, 65, 62, 6, 206, 142, 161, 128, 43, 216, 193, 76, 228, 85, 136, 242, 201, 19, 152, 34, 205, 27, 237, 12, 114, 204, 157, 120, 145, 111, 240, 117, 84, 134, 143, 14, 22, 169, 28, 11, 115, 101, 80, 210, 87, 4, 213, 229, 77, 219, 49, 245, 81, 21, 122, 231, 82, 160, 175, 173, 221, 255, 20, 170, 165, 226, 15, 238, 55, 110, 151, 17, 125, 153, 243, 158, 191, 234, 8, 200, 196, 23, 247, 51, 166, 39, 48, 192, 149, 13, 45, 164, 5, 215, 7, 225, 246, 63, 146, 177, 167, 186, 129, 112, 236, 97, 31, 53, 198, 25, 178, 252, 10, 214, 250, 248, 194, 37, 207, 38, 70, 253, 113, 41, 35, 230, 33, 241, 24, 174, 124, 249, 126, 233, 190, 144, 3, 1, 74, 179, 46, 232, 227, 251, 0, 147, 

Нелінійність  = 96 

Алгебраїчний імунітет  = 3 

Дельта-рівномірність  = 12 

Лінійна збитковість = 0 



122, 51, 225, 88, 108, 109, 178, 81, 168, 103, 52, 139, 188, 161, 248, 181, 104, 199, 195, 135, 214, 223, 172, 227, 41, 221, 159, 132, 70, 158, 236, 138, 133, 84, 169, 77, 89, 157, 166, 44, 46, 68, 57, 3, 252, 197, 129, 72, 59, 208, 21, 131, 211, 250, 218, 147, 58, 99, 134, 56, 209, 20, 185, 96, 202, 71, 37, 194, 203, 74, 165, 85, 228, 249, 206, 33, 230, 86, 156, 69, 54, 127, 141, 45, 200, 38, 154, 222, 186, 144, 190, 254, 63, 175, 80, 119, 39, 2, 73, 118, 196, 173, 95, 90, 97, 92, 245, 114, 117, 148, 246, 7, 189, 13, 66, 142, 29, 30, 193, 35, 113, 6, 164, 49, 107, 91, 101, 43, 42, 151, 162, 136, 220, 179, 152, 149, 61, 226, 170, 255, 224, 238, 191, 112, 93, 130, 100, 32, 19, 187, 210, 26, 143, 215, 239, 23, 233, 163, 34, 120, 128, 87, 184, 229, 174, 47, 105, 62, 137, 216, 145, 5, 111, 1, 82, 10, 253, 126, 217, 16, 8, 207, 115, 83, 55, 204, 123, 106, 4, 247, 231, 36, 205, 17, 48, 110, 40, 243, 140, 0, 219, 153, 67, 9, 27, 22, 50, 198, 65, 15, 240, 155, 167, 234, 146, 28, 79, 180, 94, 14, 98, 18, 241, 124, 182, 64, 213, 121, 150, 75, 177, 176, 242, 192, 11, 201, 232, 12, 116, 160, 212, 235, 78, 183, 102, 244, 31, 24, 237, 53, 125, 251, 60, 25, 76, 171, 

Нелінійність  = 96 

Алгебраїчний імунітет  = 3 

Дельта-рівномірність  = 12 

Лінійна збитковість = 0 



48, 190, 111, 172, 118, 18, 86, 117, 159, 158, 208, 146, 210, 97, 47, 62, 168, 148, 24, 128, 56, 1, 201, 8, 4, 33, 145, 73, 238, 89, 207, 228, 152, 189, 7, 209, 30, 133, 54, 129, 215, 220, 59, 205, 44, 125, 181, 55, 202, 22, 241, 68, 96, 188, 221, 246, 31, 104, 37, 106, 51, 163, 214, 165, 254, 235, 21, 198, 95, 42, 75, 150, 124, 179, 101, 52, 171, 175, 237, 102, 83, 224, 249, 170, 11, 137, 100, 134, 247, 244, 65, 15, 87, 226, 203, 34, 40, 120, 180, 200, 94, 88, 155, 167, 154, 46, 218, 138, 110, 153, 147, 41, 160, 105, 211, 26, 213, 143, 64, 114, 216, 183, 130, 126, 230, 251, 222, 79, 50, 90, 115, 186, 10, 195, 139, 176, 122, 212, 109, 131, 53, 0, 12, 127, 61, 193, 173, 35, 81, 197, 187, 13, 185, 227, 113, 242, 236, 191, 144, 233, 20, 98, 142, 69, 17, 84, 9, 162, 2, 243, 74, 49, 38, 71, 149, 57, 240, 119, 93, 135, 77, 16, 45, 177, 223, 39, 182, 76, 25, 116, 43, 178, 112, 141, 80, 5, 72, 174, 6, 196, 219, 231, 27, 199, 239, 217, 28, 121, 206, 58, 140, 192, 63, 70, 29, 67, 107, 78, 66, 123, 232, 169, 184, 204, 99, 253, 234, 250, 248, 92, 132, 164, 82, 3, 156, 252, 108, 245, 255, 19, 85, 151, 229, 225, 60, 23, 194, 91, 103, 32, 14, 161, 166, 136, 157, 36, 

Нелінійність  = 96 

Алгебраїчний імунітет  = 3 

Дельта-рівномірність  = 12 

Лінійна збитковість = 0 



109, 175, 166, 127, 223, 137, 132, 216, 76, 62, 151, 102, 248, 235, 179, 141, 227, 120, 170, 148, 205, 103, 72, 242, 174, 9, 150, 126, 187, 152, 5, 200, 180, 231, 157, 80, 82, 123, 95, 14, 233, 188, 209, 246, 143, 165, 93, 91, 37, 195, 47, 134, 84, 16, 61, 185, 50, 26, 41, 196, 198, 74, 171, 153, 253, 31, 99, 49, 83, 142, 147, 184, 139, 56, 230, 176, 172, 222, 60, 94, 39, 122, 114, 51, 29, 247, 182, 199, 229, 146, 33, 81, 104, 226, 7, 42, 207, 194, 90, 232, 97, 183, 52, 106, 73, 203, 43, 34, 135, 214, 63, 204, 111, 191, 30, 160, 113, 219, 220, 53, 64, 211, 218, 70, 78, 240, 145, 161, 189, 38, 254, 224, 65, 86, 168, 44, 27, 117, 110, 15, 133, 129, 32, 118, 202, 92, 1, 201, 167, 45, 241, 159, 243, 208, 228, 23, 149, 245, 125, 128, 124, 69, 234, 163, 66, 21, 101, 85, 252, 11, 249, 169, 58, 162, 136, 164, 87, 116, 225, 173, 57, 18, 108, 155, 210, 3, 206, 238, 236, 67, 36, 177, 121, 48, 197, 154, 131, 156, 35, 28, 221, 40, 212, 158, 181, 25, 19, 138, 77, 237, 217, 144, 79, 0, 115, 192, 244, 213, 2, 8, 24, 22, 239, 186, 71, 59, 75, 6, 54, 20, 89, 193, 10, 4, 255, 12, 88, 96, 130, 112, 119, 251, 140, 13, 100, 68, 98, 215, 178, 190, 17, 107, 55, 46, 105, 250, 

Нелінійність  = 96 

Алгебраїчний імунітет  = 3 

Дельта-рівномірність  = 12 

Лінійна збитковість = 0 



124, 187, 171, 95, 176, 202, 160, 130, 107, 173, 97, 156, 218, 211, 133, 90, 227, 136, 121, 101, 73, 80, 118, 178, 216, 152, 88, 250, 223, 83, 144, 186, 172, 182, 113, 103, 148, 180, 174, 181, 119, 154, 92, 203, 163, 126, 153, 231, 142, 105, 32, 117, 106, 234, 30, 62, 240, 66, 190, 195, 78, 54, 2, 206, 61, 60, 222, 143, 147, 104, 220, 198, 29, 55, 112, 151, 71, 108, 135, 64, 158, 134, 16, 155, 235, 225, 157, 84, 255, 56, 115, 48, 132, 1, 204, 23, 140, 125, 38, 35, 102, 138, 52, 128, 49, 123, 89, 233, 184, 96, 146, 26, 43, 248, 196, 93, 0, 87, 226, 215, 241, 188, 249, 179, 137, 245, 194, 110, 57, 17, 189, 31, 242, 131, 67, 85, 100, 58, 205, 129, 228, 65, 42, 77, 70, 139, 68, 219, 192, 168, 253, 252, 169, 200, 177, 91, 72, 191, 208, 213, 175, 28, 76, 75, 199, 251, 94, 111, 197, 232, 50, 116, 81, 207, 8, 210, 193, 114, 221, 51, 98, 44, 145, 243, 3, 5, 9, 15, 120, 109, 7, 254, 183, 20, 63, 21, 150, 13, 141, 230, 74, 36, 22, 161, 236, 167, 27, 69, 24, 45, 164, 25, 82, 41, 79, 165, 14, 46, 159, 238, 170, 122, 39, 224, 149, 6, 53, 11, 217, 18, 12, 59, 10, 47, 185, 19, 201, 246, 239, 40, 33, 209, 127, 212, 34, 166, 247, 4, 229, 162, 237, 86, 214, 37, 244, 99, 

Нелінійність  = 96 

Алгебраїчний імунітет  = 3 

Дельта-рівномірність  = 14 

Лінійна збитковість = 0 



100, 125, 120, 124, 243, 108, 119, 200, 89, 2, 104, 44, 255, 179, 172, 149, 203, 223, 115, 126, 251, 90, 72, 241, 174, 213, 163, 134, 157, 142, 70, 193, 150, 254, 148, 39, 55, 82, 206, 250, 53, 176, 230, 246, 114, 217, 133, 97, 5, 207, 36, 196, 25, 151, 6, 155, 8, 19, 129, 227, 236, 78, 121, 118, 10, 132, 189, 27, 28, 111, 91, 161, 83, 60, 215, 180, 42, 228, 48, 96, 84, 210, 1, 238, 33, 253, 181, 92, 135, 204, 191, 178, 75, 77, 229, 194, 209, 240, 171, 252, 68, 156, 51, 50, 127, 24, 3, 128, 81, 35, 160, 169, 212, 164, 65, 144, 147, 158, 57, 201, 175, 183, 219, 34, 17, 0, 244, 211, 239, 13, 20, 237, 159, 152, 69, 168, 233, 47, 195, 62, 101, 61, 26, 137, 88, 245, 18, 221, 182, 43, 231, 140, 71, 214, 185, 21, 16, 95, 12, 220, 224, 49, 59, 11, 74, 7, 37, 93, 107, 167, 173, 99, 146, 131, 153, 122, 232, 73, 56, 110, 46, 66, 79, 170, 109, 87, 208, 235, 102, 117, 187, 9, 248, 113, 130, 112, 29, 216, 234, 199, 98, 222, 205, 38, 76, 190, 23, 139, 116, 63, 242, 165, 123, 4, 143, 15, 225, 54, 52, 186, 226, 64, 30, 80, 162, 249, 145, 202, 138, 31, 247, 86, 58, 197, 136, 45, 22, 103, 41, 67, 141, 166, 40, 14, 192, 154, 32, 188, 184, 105, 106, 177, 198, 218, 85, 94, 

Нелінійність  = 96 

Алгебраїчний імунітет  = 3 

Дельта-рівномірність  = 10 

Лінійна збитковість = 0 



86, 170, 149, 101, 208, 98, 92, 216, 108, 22, 122, 49, 205, 191, 162, 171, 172, 128, 245, 175, 192, 77, 72, 190, 196, 0, 174, 47, 34, 200, 105, 225, 25, 231, 178, 36, 60, 107, 141, 179, 132, 166, 254, 223, 157, 237, 161, 104, 248, 156, 56, 194, 85, 137, 46, 135, 45, 238, 130, 180, 189, 93, 221, 148, 145, 31, 127, 173, 66, 95, 144, 79, 5, 147, 183, 124, 42, 195, 123, 136, 150, 197, 16, 138, 211, 255, 168, 165, 110, 64, 146, 167, 187, 103, 26, 188, 159, 247, 113, 244, 94, 202, 84, 99, 61, 88, 23, 142, 67, 53, 140, 215, 184, 155, 206, 78, 74, 253, 102, 96, 226, 232, 169, 112, 121, 227, 6, 234, 199, 233, 120, 30, 115, 24, 250, 68, 154, 201, 228, 90, 106, 151, 44, 73, 116, 210, 15, 69, 89, 224, 212, 18, 2, 164, 230, 114, 218, 220, 21, 39, 219, 118, 158, 126, 252, 251, 133, 125, 38, 117, 235, 83, 239, 71, 111, 207, 54, 58, 119, 81, 229, 50, 9, 75, 37, 193, 242, 236, 57, 32, 1, 3, 204, 14, 203, 153, 82, 51, 243, 35, 48, 70, 240, 100, 213, 4, 40, 17, 214, 91, 160, 109, 186, 19, 249, 176, 209, 76, 43, 27, 217, 182, 97, 13, 198, 134, 33, 63, 65, 62, 131, 177, 59, 143, 181, 28, 163, 10, 29, 41, 52, 11, 20, 7, 129, 8, 246, 222, 12, 185, 152, 241, 55, 80, 139, 87, 

Нелінійність  = 96 

Алгебраїчний імунітет  = 3 

Дельта-рівномірність  = 16 

Лінійна збитковість = 0 



41, 246, 183, 142, 237, 158, 163, 112, 44, 109, 122, 73, 110, 186, 16, 231, 141, 175, 208, 49, 30, 157, 61, 226, 78, 167, 52, 132, 146, 219, 99, 191, 255, 197, 160, 27, 221, 193, 48, 214, 215, 11, 213, 95, 185, 172, 98, 77, 248, 238, 235, 21, 174, 154, 224, 250, 205, 83, 116, 115, 178, 20, 43, 239, 143, 105, 244, 26, 147, 151, 243, 182, 53, 194, 253, 28, 140, 144, 119, 210, 135, 234, 145, 5, 209, 181, 254, 123, 29, 138, 228, 201, 71, 202, 207, 103, 0, 252, 6, 128, 101, 165, 79, 17, 247, 251, 58, 55, 153, 217, 199, 85, 65, 170, 42, 189, 50, 7, 245, 200, 81, 184, 240, 46, 8, 76, 118, 121, 22, 212, 56, 38, 92, 32, 25, 57, 130, 67, 242, 125, 10, 129, 204, 86, 164, 155, 91, 9, 31, 89, 187, 148, 14, 96, 15, 93, 51, 168, 1, 223, 227, 12, 117, 80, 133, 179, 206, 218, 23, 19, 88, 139, 195, 34, 198, 13, 45, 203, 152, 108, 66, 24, 124, 18, 166, 225, 134, 176, 159, 68, 64, 69, 63, 126, 104, 54, 35, 102, 192, 33, 2, 229, 72, 233, 169, 60, 161, 220, 131, 40, 177, 74, 162, 136, 75, 137, 211, 82, 59, 190, 84, 188, 37, 127, 156, 149, 232, 62, 100, 230, 222, 39, 107, 180, 173, 150, 113, 36, 94, 241, 97, 4, 216, 120, 70, 106, 111, 114, 236, 196, 90, 171, 87, 47, 249, 3, 

Нелінійність  = 94 

Алгебраїчний імунітет  = 3 

Дельта-рівномірність  = 12 

Лінійна збитковість = 0 



104, 199, 191, 245, 175, 52, 228, 189, 220, 165, 42, 127, 16, 226, 128, 40, 28, 118, 252, 155, 97, 32, 91, 219, 10, 84, 243, 48, 105, 101, 129, 250, 251, 33, 247, 233, 136, 47, 31, 99, 75, 13, 148, 242, 62, 218, 22, 63, 12, 86, 119, 227, 9, 5, 41, 0, 146, 21, 110, 20, 244, 123, 152, 138, 174, 131, 230, 205, 65, 181, 126, 125, 163, 143, 100, 92, 134, 56, 61, 246, 4, 130, 213, 103, 43, 30, 140, 106, 157, 202, 78, 54, 178, 197, 236, 81, 209, 24, 132, 14, 77, 183, 68, 57, 124, 238, 156, 83, 185, 177, 50, 249, 38, 76, 141, 172, 49, 139, 74, 192, 188, 161, 69, 59, 46, 95, 214, 11, 102, 117, 223, 66, 17, 29, 72, 80, 167, 162, 2, 51, 170, 153, 15, 196, 121, 166, 208, 112, 1, 116, 90, 222, 254, 171, 19, 204, 158, 179, 142, 64, 60, 144, 212, 135, 108, 58, 55, 87, 225, 248, 111, 88, 194, 18, 221, 137, 149, 229, 215, 23, 53, 173, 186, 145, 8, 67, 150, 190, 187, 184, 168, 206, 109, 79, 36, 107, 207, 193, 7, 39, 96, 239, 94, 151, 164, 253, 176, 45, 122, 198, 26, 70, 200, 182, 115, 113, 44, 133, 34, 35, 180, 224, 160, 169, 237, 85, 71, 73, 240, 211, 154, 241, 89, 216, 93, 120, 235, 203, 25, 6, 210, 159, 82, 114, 3, 217, 37, 27, 255, 231, 232, 147, 201, 195, 98, 234, 

Нелінійність  = 94 

Алгебраїчний імунітет  = 3 

Дельта-рівномірність  = 12 

Лінійна збитковість = 0 



242, 201, 159, 34, 75, 78, 207, 185, 225, 116, 94, 1, 140, 86, 232, 93, 209, 131, 165, 69, 177, 246, 194, 99, 171, 228, 70, 154, 199, 189, 80, 60, 250, 182, 144, 151, 241, 87, 100, 4, 183, 23, 252, 253, 25, 3, 179, 126, 68, 134, 195, 90, 218, 27, 57, 190, 222, 149, 143, 6, 184, 192, 198, 238, 55, 239, 114, 81, 254, 89, 36, 14, 37, 33, 56, 135, 213, 148, 203, 217, 124, 2, 88, 216, 113, 233, 255, 101, 146, 43, 142, 103, 188, 73, 175, 191, 123, 46, 84, 173, 247, 202, 214, 102, 138, 51, 166, 109, 119, 64, 145, 115, 244, 107, 163, 150, 193, 18, 221, 0, 136, 160, 17, 155, 62, 40, 223, 117, 49, 83, 229, 13, 118, 147, 54, 132, 7, 245, 226, 227, 63, 12, 161, 208, 9, 24, 121, 156, 48, 237, 157, 112, 235, 204, 15, 104, 71, 176, 67, 215, 219, 95, 120, 168, 79, 110, 251, 169, 22, 44, 122, 231, 197, 58, 76, 230, 139, 137, 97, 59, 128, 74, 186, 248, 11, 162, 66, 111, 133, 52, 19, 29, 42, 236, 98, 39, 10, 172, 181, 240, 45, 105, 206, 61, 16, 65, 85, 130, 205, 92, 47, 125, 167, 153, 180, 50, 243, 174, 127, 41, 234, 249, 152, 106, 28, 96, 196, 108, 38, 129, 5, 170, 26, 77, 178, 82, 31, 32, 20, 210, 21, 141, 91, 8, 158, 187, 72, 164, 211, 53, 35, 220, 30, 200, 224, 212, 

Нелінійність  = 94 

Алгебраїчний імунітет  = 3 

Дельта-рівномірність  = 12 

Лінійна збитковість = 0 



90, 83, 140, 155, 205, 116, 177, 190, 216, 246, 91, 49, 231, 150, 88, 251, 54, 60, 100, 236, 129, 159, 239, 19, 163, 47, 55, 154, 226, 23, 94, 147, 255, 71, 151, 206, 217, 202, 254, 75, 58, 172, 143, 201, 149, 248, 244, 214, 31, 175, 93, 62, 191, 46, 141, 5, 218, 64, 221, 87, 113, 240, 192, 144, 37, 4, 187, 131, 48, 108, 139, 29, 235, 198, 230, 117, 161, 158, 122, 35, 26, 121, 59, 115, 173, 229, 80, 27, 119, 252, 20, 195, 82, 105, 28, 73, 197, 224, 168, 128, 17, 65, 107, 51, 22, 30, 207, 152, 138, 232, 176, 41, 193, 76, 212, 63, 223, 253, 183, 156, 137, 196, 242, 146, 24, 124, 103, 97, 125, 40, 233, 184, 170, 211, 77, 33, 136, 50, 208, 126, 32, 180, 145, 106, 114, 2, 18, 132, 96, 130, 243, 204, 44, 194, 69, 247, 66, 181, 148, 67, 133, 7, 112, 109, 13, 200, 160, 219, 118, 165, 153, 95, 186, 57, 220, 78, 142, 203, 38, 68, 162, 225, 169, 179, 213, 215, 72, 15, 52, 39, 99, 25, 1, 237, 101, 10, 178, 14, 199, 123, 84, 102, 42, 174, 8, 238, 245, 45, 135, 79, 36, 120, 34, 43, 127, 188, 9, 85, 241, 222, 189, 0, 234, 12, 61, 21, 16, 182, 164, 70, 56, 89, 166, 98, 53, 228, 81, 111, 227, 110, 167, 210, 86, 74, 104, 157, 250, 92, 6, 3, 249, 209, 11, 171, 185, 134, 

Нелінійність  = 94 

Алгебраїчний імунітет  = 3 

Дельта-рівномірність  = 12 

Лінійна збитковість = 0 



12, 144, 226, 5, 219, 223, 153, 91, 123, 41, 157, 34, 88, 224, 242, 90, 33, 58, 169, 8, 93, 234, 250, 213, 21, 200, 134, 243, 211, 70, 163, 113, 237, 103, 148, 133, 229, 61, 16, 120, 177, 106, 85, 78, 7, 104, 68, 149, 164, 119, 62, 218, 239, 126, 43, 154, 208, 110, 1, 35, 69, 109, 80, 75, 215, 150, 190, 246, 94, 130, 4, 135, 131, 227, 195, 183, 189, 221, 249, 49, 132, 184, 182, 25, 115, 203, 225, 186, 102, 77, 99, 151, 29, 178, 165, 67, 238, 17, 152, 13, 92, 121, 19, 2, 156, 254, 52, 6, 205, 11, 56, 192, 158, 112, 82, 42, 108, 45, 240, 170, 0, 199, 247, 155, 63, 47, 217, 84, 187, 36, 81, 105, 139, 117, 162, 216, 87, 101, 138, 147, 54, 209, 214, 31, 51, 24, 74, 20, 181, 168, 185, 196, 201, 244, 10, 22, 116, 253, 176, 245, 76, 100, 23, 141, 37, 38, 194, 179, 172, 86, 48, 66, 235, 122, 175, 125, 193, 9, 248, 72, 241, 159, 191, 129, 46, 204, 136, 124, 89, 40, 231, 228, 251, 173, 230, 27, 26, 65, 59, 188, 128, 167, 50, 143, 15, 255, 53, 160, 98, 83, 79, 232, 14, 161, 252, 146, 202, 44, 3, 180, 28, 137, 95, 145, 60, 140, 30, 206, 212, 111, 142, 198, 222, 127, 96, 236, 55, 97, 57, 18, 171, 71, 174, 107, 64, 210, 118, 39, 166, 32, 233, 197, 73, 220, 207, 114, 

Нелінійність  = 94 

Алгебраїчний імунітет  = 3 

Дельта-рівномірність  = 12 

Лінійна збитковість = 0 



20, 181, 101, 143, 105, 6, 53, 91, 171, 141, 197, 116, 209, 80, 39, 34, 155, 137, 16, 126, 30, 252, 212, 254, 247, 11, 133, 58, 230, 54, 189, 232, 136, 188, 246, 198, 81, 127, 35, 123, 206, 222, 32, 203, 14, 115, 166, 220, 190, 3, 221, 38, 77, 170, 211, 227, 8, 70, 29, 69, 47, 158, 62, 153, 240, 46, 179, 139, 83, 18, 44, 142, 121, 67, 98, 37, 201, 151, 235, 79, 52, 219, 238, 89, 103, 120, 85, 112, 241, 244, 56, 117, 73, 27, 180, 4, 19, 88, 36, 97, 164, 66, 145, 165, 163, 17, 194, 5, 132, 186, 43, 111, 192, 86, 202, 13, 223, 144, 159, 93, 216, 191, 106, 156, 218, 182, 231, 76, 25, 75, 87, 168, 92, 108, 55, 21, 122, 217, 100, 104, 95, 175, 102, 96, 178, 84, 57, 161, 49, 176, 187, 210, 242, 177, 12, 233, 174, 41, 128, 224, 237, 78, 65, 42, 26, 245, 167, 234, 135, 82, 68, 249, 236, 64, 150, 131, 226, 138, 113, 119, 149, 40, 124, 173, 130, 118, 94, 59, 146, 24, 50, 250, 114, 110, 134, 2, 195, 33, 157, 185, 225, 243, 99, 10, 71, 61, 204, 147, 154, 22, 229, 193, 28, 228, 109, 72, 253, 251, 31, 184, 51, 160, 125, 48, 1, 214, 248, 162, 74, 152, 140, 196, 129, 199, 0, 9, 45, 208, 60, 215, 107, 23, 207, 205, 200, 239, 7, 213, 255, 63, 169, 148, 172, 90, 15, 183, 

Нелінійність  = 94 

Алгебраїчний імунітет  = 3 

Дельта-рівномірність  = 12 

Лінійна збитковість = 0 



98, 10, 5, 215, 1, 58, 210, 82, 0, 237, 64, 226, 77, 181, 62, 166, 186, 32, 37, 89, 122, 150, 4, 184, 135, 218, 160, 126, 209, 198, 203, 146, 188, 53, 171, 223, 88, 151, 60, 80, 38, 123, 153, 162, 157, 113, 36, 178, 230, 54, 213, 254, 189, 79, 222, 234, 202, 228, 86, 190, 21, 242, 248, 208, 217, 121, 165, 103, 27, 250, 199, 167, 152, 105, 65, 195, 57, 129, 76, 90, 229, 112, 127, 139, 47, 196, 232, 182, 94, 158, 92, 173, 59, 69, 204, 187, 193, 145, 172, 252, 81, 16, 23, 71, 44, 101, 236, 6, 84, 128, 169, 2, 28, 168, 118, 35, 19, 132, 241, 251, 212, 42, 52, 201, 227, 15, 61, 31, 148, 174, 176, 245, 175, 191, 238, 163, 51, 114, 161, 134, 49, 14, 225, 39, 30, 8, 115, 131, 255, 179, 116, 87, 170, 24, 130, 102, 117, 142, 104, 177, 106, 133, 147, 211, 149, 108, 141, 156, 140, 143, 99, 91, 33, 34, 72, 26, 120, 144, 13, 235, 185, 224, 207, 97, 70, 246, 124, 50, 221, 66, 29, 17, 67, 253, 25, 155, 68, 180, 119, 125, 216, 46, 96, 154, 220, 12, 164, 45, 200, 244, 138, 240, 7, 83, 95, 78, 197, 48, 243, 233, 110, 239, 74, 43, 136, 73, 9, 219, 111, 75, 22, 85, 41, 231, 40, 206, 183, 247, 249, 93, 205, 63, 194, 192, 55, 107, 109, 137, 18, 3, 20, 11, 100, 159, 214, 56, 

Нелінійність  = 94 

Алгебраїчний імунітет  = 3 

Дельта-рівномірність  = 10 

Лінійна збитковість = 0 



61, 255, 189, 249, 101, 77, 67, 88, 156, 224, 71, 218, 133, 137, 116, 172, 72, 248, 64, 2, 160, 205, 27, 229, 215, 75, 113, 43, 162, 231, 53, 193, 14, 250, 74, 206, 68, 60, 191, 80, 54, 130, 219, 103, 17, 232, 234, 31, 12, 34, 49, 16, 253, 65, 138, 147, 3, 221, 58, 236, 110, 148, 81, 1, 153, 154, 181, 158, 212, 6, 192, 48, 73, 85, 108, 106, 222, 173, 98, 174, 211, 217, 86, 44, 50, 245, 237, 207, 195, 199, 159, 198, 175, 204, 190, 239, 25, 134, 102, 76, 240, 186, 70, 149, 243, 131, 84, 210, 89, 141, 214, 208, 246, 30, 220, 200, 180, 197, 167, 209, 121, 194, 66, 23, 135, 120, 150, 161, 247, 8, 144, 105, 241, 99, 45, 46, 19, 21, 155, 176, 122, 151, 196, 223, 230, 114, 117, 47, 41, 142, 227, 104, 184, 166, 242, 233, 15, 42, 225, 128, 129, 132, 165, 201, 168, 57, 87, 13, 123, 185, 20, 82, 226, 177, 228, 0, 10, 39, 112, 124, 18, 115, 107, 5, 40, 69, 63, 163, 126, 59, 125, 100, 183, 244, 169, 238, 182, 152, 11, 56, 146, 235, 109, 55, 29, 251, 78, 62, 119, 52, 118, 179, 51, 136, 213, 202, 7, 216, 140, 37, 91, 4, 170, 26, 187, 139, 38, 188, 90, 145, 157, 92, 33, 254, 36, 83, 94, 143, 127, 97, 24, 111, 93, 22, 79, 35, 96, 164, 178, 203, 252, 171, 9, 95, 32, 28, 

Нелінійність  = 94 

Алгебраїчний імунітет  = 3 

Дельта-рівномірність  = 10 

Лінійна збитковість = 0 



69, 244, 116, 111, 3, 103, 185, 23, 216, 245, 90, 109, 25, 40, 42, 123, 126, 195, 204, 98, 163, 136, 84, 179, 1, 171, 148, 2, 38, 24, 117, 133, 26, 101, 65, 141, 139, 212, 68, 151, 248, 88, 236, 27, 93, 249, 228, 102, 159, 36, 96, 156, 240, 153, 81, 30, 127, 11, 99, 7, 55, 22, 149, 132, 134, 253, 32, 54, 168, 189, 129, 79, 182, 235, 164, 178, 147, 251, 58, 5, 114, 144, 70, 130, 135, 246, 71, 143, 137, 237, 173, 217, 226, 78, 51, 176, 34, 86, 125, 121, 4, 115, 145, 44, 191, 29, 97, 82, 188, 234, 205, 175, 45, 158, 165, 140, 146, 231, 16, 124, 14, 64, 211, 110, 73, 243, 197, 154, 252, 128, 67, 160, 192, 169, 220, 207, 227, 186, 222, 13, 230, 198, 72, 17, 215, 74, 63, 170, 20, 118, 193, 181, 162, 172, 174, 105, 150, 37, 15, 43, 208, 120, 229, 187, 131, 41, 52, 138, 152, 21, 28, 89, 107, 0, 233, 242, 56, 255, 223, 196, 202, 241, 18, 201, 35, 19, 254, 48, 39, 180, 247, 104, 177, 76, 190, 166, 157, 8, 80, 225, 184, 250, 218, 94, 83, 206, 142, 9, 232, 12, 167, 203, 50, 77, 224, 53, 209, 33, 210, 200, 221, 91, 95, 60, 85, 87, 108, 61, 113, 183, 62, 155, 119, 59, 47, 75, 57, 46, 238, 100, 92, 106, 219, 194, 199, 10, 49, 239, 161, 213, 31, 66, 122, 214, 112, 6, 

Нелінійність  = 94 

Алгебраїчний імунітет  = 3 

Дельта-рівномірність  = 12 

Лінійна збитковість = 0 



242, 201, 159, 34, 75, 78, 207, 185, 225, 116, 94, 1, 140, 86, 232, 93, 209, 131, 165, 69, 177, 246, 194, 99, 171, 228, 70, 154, 199, 189, 80, 60, 250, 182, 144, 151, 241, 87, 100, 4, 183, 23, 252, 253, 25, 3, 179, 126, 68, 134, 195, 90, 218, 27, 57, 190, 222, 149, 143, 6, 184, 192, 198, 238, 55, 239, 114, 81, 254, 89, 36, 14, 37, 33, 56, 135, 213, 148, 203, 217, 124, 2, 88, 216, 113, 233, 255, 101, 146, 43, 142, 103, 188, 73, 175, 191, 123, 46, 84, 173, 247, 202, 214, 102, 138, 51, 166, 109, 119, 64, 145, 115, 244, 107, 163, 150, 193, 18, 221, 0, 136, 160, 17, 155, 62, 40, 223, 117, 49, 83, 229, 13, 118, 147, 54, 132, 7, 245, 226, 227, 63, 12, 161, 208, 9, 24, 121, 156, 48, 237, 157, 112, 235, 204, 15, 104, 71, 176, 67, 215, 219, 95, 120, 168, 79, 110, 251, 169, 22, 44, 122, 231, 197, 58, 76, 230, 139, 137, 97, 59, 128, 74, 186, 248, 11, 162, 66, 111, 133, 52, 19, 29, 42, 236, 98, 39, 10, 172, 181, 240, 45, 105, 206, 61, 16, 65, 85, 130, 205, 92, 47, 125, 167, 153, 180, 50, 243, 174, 127, 41, 234, 249, 152, 106, 28, 96, 196, 108, 38, 129, 5, 170, 26, 77, 178, 82, 31, 32, 20, 210, 21, 141, 91, 8, 158, 187, 72, 164, 211, 53, 35, 220, 30, 200, 224, 212, 

Нелінійність  = 94 

Алгебраїчний імунітет  = 3 

Дельта-рівномірність  = 12 

Лінійна збитковість = 0 



20, 181, 101, 143, 105, 6, 53, 91, 171, 141, 197, 116, 209, 80, 39, 34, 155, 137, 16, 126, 30, 252, 212, 254, 247, 11, 133, 58, 230, 54, 189, 232, 136, 188, 246, 198, 81, 127, 35, 123, 206, 222, 32, 203, 14, 115, 166, 220, 190, 3, 221, 38, 77, 170, 211, 227, 8, 70, 29, 69, 47, 158, 62, 153, 240, 46, 179, 139, 83, 18, 44, 142, 121, 67, 98, 37, 201, 151, 235, 79, 52, 219, 238, 89, 103, 120, 85, 112, 241, 244, 56, 117, 73, 27, 180, 4, 19, 88, 36, 97, 164, 66, 145, 165, 163, 17, 194, 5, 132, 186, 43, 111, 192, 86, 202, 13, 223, 144, 159, 93, 216, 191, 106, 156, 218, 182, 231, 76, 25, 75, 87, 168, 92, 108, 55, 21, 122, 217, 100, 104, 95, 175, 102, 96, 178, 84, 57, 161, 49, 176, 187, 210, 242, 177, 12, 233, 174, 41, 128, 224, 237, 78, 65, 42, 26, 245, 167, 234, 135, 82, 68, 249, 236, 64, 150, 131, 226, 138, 113, 119, 149, 40, 124, 173, 130, 118, 94, 59, 146, 24, 50, 250, 114, 110, 134, 2, 195, 33, 157, 185, 225, 243, 99, 10, 71, 61, 204, 147, 154, 22, 229, 193, 28, 228, 109, 72, 253, 251, 31, 184, 51, 160, 125, 48, 1, 214, 248, 162, 74, 152, 140, 196, 129, 199, 0, 9, 45, 208, 60, 215, 107, 23, 207, 205, 200, 239, 7, 213, 255, 63, 169, 148, 172, 90, 15, 183, 

Нелінійність  = 94 

Алгебраїчний імунітет  = 3 

Дельта-рівномірність  = 12 

Лінійна збитковість = 0 



242, 201, 159, 34, 75, 78, 207, 185, 225, 116, 94, 1, 140, 86, 232, 93, 209, 131, 165, 69, 177, 246, 194, 99, 171, 228, 70, 154, 199, 189, 80, 60, 250, 182, 144, 151, 241, 87, 100, 4, 183, 23, 252, 253, 25, 3, 179, 126, 68, 134, 195, 90, 218, 27, 57, 190, 222, 149, 143, 6, 184, 192, 198, 238, 55, 239, 114, 81, 254, 89, 36, 14, 37, 33, 56, 135, 213, 148, 203, 217, 124, 2, 88, 216, 113, 233, 255, 101, 146, 43, 142, 103, 188, 73, 175, 191, 123, 46, 84, 173, 247, 202, 214, 102, 138, 51, 166, 109, 119, 64, 145, 115, 244, 107, 163, 150, 193, 18, 221, 0, 136, 160, 17, 155, 62, 40, 223, 117, 49, 83, 229, 13, 118, 147, 54, 132, 7, 245, 226, 227, 63, 12, 161, 208, 9, 24, 121, 156, 48, 237, 157, 112, 235, 204, 15, 104, 71, 176, 67, 215, 219, 95, 120, 168, 79, 110, 251, 169, 22, 44, 122, 231, 197, 58, 76, 230, 139, 137, 97, 59, 128, 74, 186, 248, 11, 162, 66, 111, 133, 52, 19, 29, 42, 236, 98, 39, 10, 172, 181, 240, 45, 105, 206, 61, 16, 65, 85, 130, 205, 92, 47, 125, 167, 153, 180, 50, 243, 174, 127, 41, 234, 249, 152, 106, 28, 96, 196, 108, 38, 129, 5, 170, 26, 77, 178, 82, 31, 32, 20, 210, 21, 141, 91, 8, 158, 187, 72, 164, 211, 53, 35, 220, 30, 200, 224, 212, 

Нелінійність  = 94 

Алгебраїчний імунітет  = 3 

Дельта-рівномірність  = 12 

Лінійна збитковість = 0 



107, 102, 149, 103, 196, 119, 106, 207, 53, 45, 134, 80, 247, 221, 175, 121, 217, 115, 152, 131, 189, 104, 67, 240, 165, 188, 137, 195, 169, 145, 136, 194, 179, 205, 156, 62, 65, 100, 66, 172, 223, 168, 201, 235, 141, 160, 92, 70, 38, 180, 29, 128, 60, 73, 55, 163, 17, 15, 27, 184, 178, 48, 144, 150, 254, 126, 81, 203, 61, 117, 122, 161, 114, 21, 216, 177, 86, 215, 43, 96, 14, 99, 112, 41, 42, 233, 182, 209, 220, 162, 147, 63, 93, 69, 252, 25, 183, 185, 74, 225, 72, 174, 50, 248, 68, 206, 12, 105, 90, 49, 26, 125, 77, 167, 76, 153, 110, 146, 204, 22, 30, 176, 202, 211, 46, 246, 250, 157, 24, 13, 78, 208, 108, 155, 151, 18, 191, 37, 94, 59, 143, 97, 28, 101, 214, 88, 51, 39, 187, 31, 124, 111, 237, 56, 226, 3, 224, 159, 83, 154, 190, 47, 193, 34, 210, 4, 40, 89, 192, 2, 9, 1, 20, 148, 212, 10, 213, 200, 98, 19, 120, 158, 95, 255, 91, 118, 82, 238, 218, 236, 173, 171, 7, 181, 57, 54, 87, 127, 32, 241, 170, 135, 232, 85, 5, 6, 35, 164, 228, 227, 229, 133, 52, 242, 230, 71, 249, 142, 239, 140, 116, 198, 79, 253, 36, 219, 123, 234, 132, 113, 23, 33, 109, 11, 245, 138, 44, 75, 244, 84, 64, 16, 197, 166, 231, 251, 8, 186, 129, 199, 139, 130, 58, 222, 0, 243, 

Нелінійність  = 94 

Алгебраїчний імунітет  = 3 

Дельта-рівномірність  = 10 

Лінійна збитковість = 0 



105, 96, 145, 78, 201, 101, 124, 161, 85, 26, 81, 65, 231, 198, 192, 127, 171, 144, 186, 34, 207, 152, 102, 237, 130, 214, 159, 166, 129, 157, 243, 176, 162, 200, 147, 50, 60, 84, 218, 148, 46, 143, 177, 234, 150, 209, 66, 29, 18, 196, 27, 184, 77, 125, 204, 119, 131, 36, 132, 170, 227, 94, 153, 117, 63, 113, 39, 135, 32, 92, 220, 167, 121, 194, 205, 112, 2, 199, 79, 107, 67, 42, 16, 6, 80, 187, 23, 47, 31, 185, 183, 123, 68, 211, 89, 195, 151, 180, 136, 210, 99, 110, 69, 120, 122, 193, 133, 253, 241, 82, 182, 54, 213, 149, 62, 168, 108, 116, 216, 178, 163, 154, 202, 35, 134, 5, 11, 14, 224, 240, 56, 206, 75, 87, 160, 228, 203, 19, 251, 164, 137, 252, 95, 9, 91, 64, 86, 169, 48, 179, 140, 73, 139, 229, 190, 41, 221, 15, 118, 53, 146, 59, 88, 232, 74, 223, 174, 156, 238, 20, 197, 71, 225, 13, 49, 138, 98, 165, 103, 55, 97, 40, 22, 45, 219, 111, 33, 208, 141, 217, 61, 7, 83, 246, 230, 28, 115, 173, 37, 4, 8, 188, 126, 236, 155, 247, 189, 255, 242, 52, 109, 250, 72, 235, 10, 191, 172, 70, 12, 222, 158, 90, 245, 24, 17, 215, 226, 43, 21, 114, 181, 254, 212, 57, 244, 128, 3, 51, 1, 44, 104, 25, 30, 106, 76, 58, 142, 249, 239, 93, 0, 100, 175, 248, 233, 38, 

Нелінійність  = 94 

Алгебраїчний імунітет  = 3 

Дельта-рівномірність  = 10 

Лінійна збитковість = 0 



83, 159, 138, 129, 241, 122, 126, 174, 47, 32, 109, 52, 214, 207, 128, 150, 185, 143, 203, 104, 189, 179, 69, 237, 147, 200, 132, 163, 154, 180, 110, 192, 204, 238, 151, 35, 102, 100, 191, 84, 98, 5, 225, 7, 134, 219, 63, 37, 73, 210, 92, 146, 67, 152, 181, 182, 71, 22, 125, 195, 177, 34, 140, 18, 54, 124, 101, 26, 61, 246, 211, 167, 74, 244, 202, 137, 38, 111, 68, 6, 141, 217, 41, 172, 82, 232, 199, 169, 85, 11, 201, 40, 252, 112, 105, 178, 161, 243, 29, 42, 77, 113, 59, 248, 120, 250, 231, 107, 53, 158, 171, 145, 86, 165, 58, 156, 119, 115, 205, 233, 162, 183, 80, 48, 14, 89, 208, 190, 224, 81, 30, 39, 95, 118, 56, 33, 75, 139, 8, 249, 88, 168, 76, 188, 116, 20, 218, 234, 223, 221, 157, 93, 55, 198, 27, 215, 91, 222, 9, 23, 12, 13, 117, 114, 90, 212, 21, 121, 239, 1, 149, 235, 160, 242, 220, 0, 17, 16, 43, 155, 64, 247, 15, 127, 136, 57, 28, 133, 166, 148, 144, 209, 31, 176, 253, 49, 66, 87, 184, 45, 65, 108, 197, 240, 106, 153, 78, 229, 130, 254, 46, 142, 206, 10, 131, 194, 25, 62, 255, 187, 226, 94, 236, 213, 3, 230, 175, 24, 173, 36, 193, 44, 70, 135, 103, 50, 196, 72, 251, 228, 60, 96, 2, 4, 79, 227, 245, 97, 123, 216, 164, 99, 51, 170, 186, 19, 

Нелінійність  = 94 

Алгебраїчний імунітет  = 3 

Дельта-рівномірність  = 10 

Лінійна збитковість = 0 



140, 146, 131, 98, 195, 99, 139, 194, 103, 34, 101, 32, 222, 179, 189, 111, 204, 38, 191, 110, 230, 134, 106, 201, 173, 217, 137, 170, 169, 172, 105, 155, 202, 233, 147, 70, 107, 50, 206, 148, 89, 125, 236, 245, 171, 156, 86, 51, 23, 181, 81, 166, 79, 116, 20, 165, 68, 55, 133, 243, 221, 83, 184, 152, 22, 162, 64, 42, 91, 145, 75, 119, 78, 52, 251, 167, 90, 205, 151, 121, 95, 88, 25, 232, 37, 247, 199, 94, 118, 158, 177, 193, 234, 76, 113, 203, 185, 240, 252, 219, 10, 47, 97, 59, 248, 13, 49, 122, 238, 62, 153, 154, 127, 57, 92, 45, 160, 186, 183, 176, 174, 69, 4, 130, 29, 102, 144, 43, 168, 33, 242, 164, 66, 150, 65, 54, 143, 218, 6, 108, 188, 71, 132, 142, 72, 100, 73, 136, 21, 15, 220, 2, 117, 229, 123, 44, 180, 175, 27, 192, 223, 63, 129, 48, 250, 36, 31, 114, 239, 161, 24, 212, 11, 124, 231, 41, 39, 77, 67, 7, 138, 93, 109, 40, 178, 255, 198, 200, 26, 53, 135, 14, 112, 17, 253, 9, 115, 58, 159, 210, 19, 196, 254, 16, 120, 224, 3, 197, 209, 46, 216, 84, 74, 18, 228, 61, 30, 226, 235, 35, 163, 126, 0, 141, 8, 237, 207, 104, 87, 60, 128, 82, 182, 214, 241, 157, 190, 215, 80, 85, 187, 1, 149, 12, 5, 56, 225, 249, 211, 246, 96, 208, 28, 244, 227, 213, 

Нелінійність  = 94 

Алгебраїчний імунітет  = 3 

Дельта-рівномірність  = 14 

Лінійна збитковість = 0 



77, 141, 114, 129, 204, 79, 95, 168, 83, 41, 130, 64, 242, 177, 134, 249, 189, 132, 149, 126, 254, 135, 111, 244, 194, 156, 154, 143, 25, 19, 136, 82, 170, 235, 175, 84, 62, 33, 188, 182, 96, 190, 174, 231, 86, 203, 100, 78, 57, 144, 88, 151, 39, 211, 46, 241, 8, 43, 101, 138, 183, 73, 146, 128, 75, 108, 171, 58, 16, 85, 44, 155, 93, 65, 98, 139, 87, 206, 195, 118, 53, 212, 68, 196, 37, 215, 152, 97, 145, 248, 153, 74, 169, 63, 251, 150, 12, 197, 133, 208, 38, 122, 23, 165, 115, 184, 48, 200, 218, 240, 127, 226, 113, 142, 103, 107, 166, 1, 50, 217, 123, 185, 187, 112, 55, 26, 90, 173, 229, 30, 117, 158, 140, 66, 193, 7, 176, 105, 119, 27, 99, 21, 47, 110, 120, 228, 102, 220, 137, 80, 157, 245, 252, 221, 125, 81, 209, 42, 247, 2, 67, 36, 60, 20, 89, 159, 186, 71, 178, 253, 18, 24, 11, 124, 207, 214, 230, 76, 72, 192, 222, 56, 91, 239, 237, 234, 202, 59, 29, 22, 199, 15, 232, 54, 219, 34, 92, 147, 163, 109, 172, 191, 201, 61, 0, 179, 238, 94, 14, 51, 205, 5, 181, 216, 236, 31, 104, 4, 121, 52, 233, 250, 116, 255, 162, 160, 180, 161, 246, 70, 40, 3, 148, 213, 198, 106, 210, 17, 45, 9, 131, 224, 10, 164, 69, 35, 13, 225, 32, 167, 227, 6, 243, 223, 28, 49, 

Нелінійність  = 94 

Алгебраїчний імунітет  = 3 

Дельта-рівномірність  = 12 

Лінійна збитковість = 0 



89, 161, 139, 159, 203, 99, 222, 167, 79, 64, 94, 93, 220, 194, 156, 134, 166, 164, 163, 91, 225, 122, 59, 237, 185, 174, 149, 138, 158, 183, 97, 193, 136, 253, 127, 86, 58, 63, 232, 170, 53, 11, 227, 119, 196, 221, 102, 24, 7, 153, 39, 145, 60, 199, 43, 109, 6, 76, 104, 229, 200, 70, 151, 85, 50, 27, 83, 214, 80, 81, 142, 129, 252, 67, 121, 55, 113, 212, 62, 144, 120, 40, 25, 28, 38, 251, 198, 124, 132, 202, 182, 157, 103, 108, 117, 217, 128, 210, 254, 186, 116, 32, 57, 21, 100, 216, 26, 0, 96, 111, 175, 180, 44, 126, 165, 160, 72, 169, 88, 235, 171, 3, 176, 31, 236, 135, 123, 197, 10, 20, 5, 233, 137, 205, 168, 30, 147, 87, 95, 34, 107, 110, 74, 146, 45, 125, 90, 172, 36, 71, 228, 82, 48, 218, 201, 77, 213, 51, 19, 98, 231, 22, 4, 206, 224, 179, 150, 226, 37, 204, 130, 54, 106, 41, 46, 219, 192, 155, 209, 114, 187, 35, 78, 143, 16, 239, 47, 131, 12, 105, 208, 190, 73, 181, 75, 101, 243, 23, 133, 248, 247, 246, 115, 230, 189, 207, 242, 2, 245, 195, 18, 118, 178, 8, 42, 112, 56, 65, 66, 9, 177, 140, 69, 148, 215, 249, 49, 250, 1, 244, 52, 84, 152, 234, 240, 191, 241, 92, 14, 188, 184, 211, 61, 173, 29, 238, 162, 13, 141, 154, 33, 223, 255, 68, 17, 15, 

Нелінійність  = 94 

Алгебраїчний імунітет  = 3 

Дельта-рівномірність  = 10 

Лінійна збитковість = 0 



Час виконання: 287.991000 секунд

Блок з необхідними параметрами знайдено

Кількість виконаних ітерацій = 4 
_______________________________________________________________________________________________
