
Початкове число ітерацій = 10
N = 4
PSO S-boxes:
99, 124, 119, 123, 242, 107, 111, 197, 48, 1, 103, 43, 254, 215, 171, 118, 202, 130, 201, 125, 250, 89, 71, 240, 173, 212, 162, 175, 156, 164, 114, 192, 183, 253, 147, 38, 54, 63, 247, 204, 52, 165, 229, 241, 113, 216, 49, 21, 4, 199, 35, 195, 24, 150, 5, 154, 7, 18, 128, 226, 235, 39, 178, 117, 9, 131, 44, 26, 27, 110, 90, 160, 82, 59, 214, 179, 41, 227, 47, 132, 83, 209, 0, 237, 32, 252, 177, 91, 106, 203, 190, 57, 74, 76, 88, 207, 208, 239, 170, 251, 67, 77, 51, 133, 69, 249, 2, 127, 80, 60, 159, 168, 81, 163, 64, 143, 146, 157, 56, 245, 188, 182, 218, 33, 16, 255, 243, 210, 205, 12, 19, 236, 95, 151, 68, 23, 196, 167, 126, 61, 100, 93, 25, 115, 96, 129, 79, 220, 34, 42, 144, 136, 70, 238, 184, 20, 222, 94, 11, 219, 224, 50, 58, 10, 73, 6, 36, 92, 194, 211, 172, 98, 145, 149, 228, 121, 231, 200, 55, 109, 141, 213, 78, 169, 108, 86, 244, 234, 101, 122, 174, 8, 186, 120, 37, 46, 28, 166, 180, 198, 232, 221, 116, 31, 75, 189, 139, 138, 112, 62, 181, 102, 72, 3, 246, 14, 97, 53, 87, 185, 134, 193, 29, 158, 225, 248, 152, 17, 105, 217, 142, 148, 155, 30, 135, 233, 206, 85, 40, 223, 140, 161, 137, 13, 191, 230, 66, 104, 65, 153, 45, 15, 176, 84, 187, 22, 

Нелінійність  = 112 

Алгебраїчний імунітет  = 2 

Дельта-рівномірність  = 4 

Лінійна збитковість = 255 



99, 124, 119, 123, 242, 107, 111, 197, 48, 1, 103, 43, 254, 215, 171, 118, 202, 130, 201, 125, 250, 89, 71, 240, 173, 212, 162, 175, 156, 164, 114, 192, 183, 253, 147, 38, 54, 63, 204, 247, 52, 165, 229, 241, 113, 216, 49, 21, 4, 199, 35, 195, 24, 150, 5, 154, 7, 18, 128, 226, 235, 39, 178, 117, 9, 131, 44, 26, 27, 110, 90, 160, 82, 59, 214, 179, 41, 227, 47, 132, 83, 209, 0, 237, 32, 252, 177, 91, 106, 203, 190, 57, 74, 76, 88, 207, 208, 239, 170, 251, 67, 77, 51, 133, 69, 249, 2, 127, 80, 60, 159, 168, 81, 163, 64, 143, 146, 157, 56, 245, 188, 182, 218, 33, 16, 255, 243, 210, 205, 12, 19, 236, 95, 151, 68, 23, 196, 167, 126, 61, 100, 93, 25, 115, 96, 129, 79, 220, 34, 42, 144, 136, 70, 238, 184, 20, 222, 94, 11, 219, 224, 50, 58, 10, 73, 6, 36, 92, 194, 211, 172, 98, 145, 149, 228, 121, 231, 200, 55, 109, 141, 213, 78, 169, 108, 86, 244, 234, 101, 122, 174, 8, 186, 120, 37, 46, 28, 166, 180, 198, 232, 221, 116, 31, 75, 189, 139, 138, 112, 62, 181, 102, 72, 3, 246, 14, 97, 53, 87, 185, 134, 193, 29, 158, 225, 248, 152, 17, 105, 217, 142, 148, 155, 30, 135, 233, 206, 85, 40, 223, 140, 161, 137, 13, 191, 230, 66, 104, 65, 153, 45, 15, 176, 84, 187, 22, 

Нелінійність  = 110 

Алгебраїчний імунітет  = 2 

Дельта-рівномірність  = 6 

Лінійна збитковість = 126 



99, 124, 119, 123, 242, 107, 111, 202, 80, 1, 103, 43, 254, 215, 171, 118, 197, 235, 201, 92, 250, 89, 71, 240, 173, 212, 224, 175, 156, 164, 114, 192, 183, 253, 48, 38, 54, 64, 63, 19, 52, 165, 229, 241, 113, 216, 49, 142, 145, 199, 35, 195, 24, 150, 5, 154, 7, 18, 128, 226, 130, 39, 178, 117, 9, 131, 44, 26, 27, 110, 90, 160, 82, 59, 214, 179, 41, 227, 47, 132, 83, 209, 0, 237, 32, 252, 177, 91, 106, 203, 190, 57, 74, 76, 88, 207, 208, 239, 170, 251, 67, 77, 51, 133, 69, 249, 2, 127, 147, 60, 159, 168, 81, 163, 138, 143, 146, 157, 56, 245, 188, 182, 218, 33, 16, 255, 243, 210, 205, 12, 206, 236, 95, 151, 68, 23, 196, 167, 126, 61, 100, 93, 25, 115, 96, 129, 79, 220, 34, 42, 144, 136, 70, 238, 184, 20, 222, 94, 11, 219, 84, 50, 58, 10, 73, 6, 36, 125, 194, 211, 172, 98, 4, 149, 228, 121, 231, 200, 55, 109, 141, 213, 78, 169, 108, 86, 244, 234, 101, 122, 174, 8, 186, 120, 37, 46, 28, 166, 180, 198, 232, 221, 116, 31, 75, 189, 139, 97, 112, 62, 181, 102, 72, 3, 246, 14, 223, 53, 87, 185, 134, 193, 29, 158, 225, 248, 152, 17, 105, 217, 21, 148, 155, 30, 135, 233, 45, 85, 40, 230, 140, 161, 137, 13, 191, 65, 66, 104, 176, 153, 15, 162, 204, 247, 187, 22, 

Нелінійність  = 102 

Алгебраїчний імунітет  = 2 

Дельта-рівномірність  = 8 

Лінійна збитковість = 0 



99, 124, 119, 207, 242, 107, 57, 197, 192, 1, 103, 249, 254, 215, 126, 118, 202, 68, 201, 75, 250, 89, 71, 240, 173, 212, 162, 175, 156, 164, 102, 48, 178, 253, 147, 151, 234, 63, 251, 246, 52, 10, 229, 241, 113, 183, 217, 21, 4, 199, 35, 195, 24, 150, 5, 154, 7, 18, 128, 226, 235, 39, 216, 117, 9, 131, 44, 26, 27, 110, 90, 160, 82, 59, 214, 179, 41, 227, 47, 132, 83, 209, 0, 237, 32, 252, 177, 91, 106, 203, 190, 111, 74, 76, 88, 123, 208, 239, 170, 60, 67, 77, 51, 133, 69, 43, 2, 127, 80, 142, 159, 168, 81, 163, 64, 143, 146, 157, 56, 245, 188, 182, 218, 33, 16, 255, 243, 210, 205, 12, 19, 236, 95, 38, 130, 23, 196, 167, 171, 61, 100, 93, 25, 115, 96, 129, 79, 220, 34, 42, 144, 136, 70, 238, 184, 20, 222, 94, 11, 219, 224, 50, 58, 165, 73, 6, 36, 92, 194, 211, 172, 98, 145, 149, 228, 121, 231, 200, 55, 109, 141, 213, 78, 169, 108, 86, 244, 54, 101, 122, 174, 8, 186, 120, 37, 46, 28, 166, 180, 198, 232, 221, 116, 31, 125, 189, 139, 138, 112, 62, 181, 114, 72, 3, 53, 14, 97, 230, 87, 185, 134, 193, 29, 158, 225, 248, 152, 17, 105, 49, 15, 148, 155, 30, 135, 233, 206, 85, 40, 223, 140, 161, 137, 13, 191, 22, 66, 104, 65, 153, 45, 84, 176, 247, 187, 204, 

Нелінійність  = 102 

Алгебраїчний імунітет  = 3 

Дельта-рівномірність  = 8 

Лінійна збитковість = 0 



Час виконання: 97.513000 секунд

Блок з необхідними параметрами не знайдено
_______________________________________________________________________________________________
