
Початкове число ітерацій = 150
N = 20
PSO S-boxes:
99, 124, 119, 123, 242, 107, 111, 197, 48, 1, 103, 43, 254, 215, 171, 118, 202, 130, 201, 125, 250, 89, 71, 240, 173, 212, 162, 175, 156, 164, 114, 192, 183, 253, 147, 38, 54, 63, 247, 204, 52, 165, 229, 241, 113, 216, 49, 21, 4, 199, 35, 195, 24, 150, 5, 154, 7, 18, 128, 226, 235, 39, 178, 117, 9, 131, 44, 26, 27, 110, 90, 160, 82, 59, 214, 179, 41, 227, 47, 132, 83, 209, 0, 237, 32, 252, 177, 91, 106, 203, 190, 57, 74, 76, 88, 207, 208, 239, 170, 251, 67, 77, 51, 133, 69, 249, 2, 127, 80, 60, 159, 168, 81, 163, 64, 143, 146, 157, 56, 245, 188, 182, 218, 33, 16, 255, 243, 210, 205, 12, 19, 236, 95, 151, 68, 23, 196, 167, 126, 61, 100, 93, 25, 115, 96, 129, 79, 220, 34, 42, 144, 136, 70, 238, 184, 20, 222, 94, 11, 219, 224, 50, 58, 10, 73, 6, 36, 92, 194, 211, 172, 98, 145, 149, 228, 121, 231, 200, 55, 109, 141, 213, 78, 169, 108, 86, 244, 234, 101, 122, 174, 8, 186, 120, 37, 46, 28, 166, 180, 198, 232, 221, 116, 31, 75, 189, 139, 138, 112, 62, 181, 102, 72, 3, 246, 14, 97, 53, 87, 185, 134, 193, 29, 158, 225, 248, 152, 17, 105, 217, 142, 148, 155, 30, 135, 233, 206, 85, 40, 223, 140, 161, 137, 13, 191, 230, 66, 104, 65, 153, 45, 15, 176, 84, 187, 22, 

Нелінійність  = 112 

Алгебраїчний імунітет  = 2 

Дельта-рівномірність  = 4 

Лінійна збитковість = 255 



99, 124, 119, 123, 242, 107, 111, 197, 48, 1, 103, 43, 254, 215, 171, 118, 202, 130, 201, 125, 250, 89, 71, 240, 173, 212, 162, 175, 156, 164, 114, 192, 183, 253, 147, 38, 54, 63, 204, 247, 52, 165, 229, 241, 113, 216, 49, 21, 4, 199, 35, 195, 24, 150, 5, 154, 7, 18, 128, 226, 235, 39, 178, 117, 9, 131, 44, 26, 27, 110, 90, 160, 82, 59, 214, 179, 41, 227, 47, 132, 83, 209, 0, 237, 32, 252, 177, 91, 106, 203, 190, 57, 74, 76, 88, 207, 208, 239, 170, 251, 67, 77, 51, 133, 69, 249, 2, 127, 80, 60, 159, 168, 81, 163, 64, 143, 146, 157, 56, 245, 188, 182, 218, 33, 16, 255, 243, 210, 205, 12, 19, 236, 95, 151, 68, 23, 196, 167, 126, 61, 100, 93, 25, 115, 96, 129, 79, 220, 34, 42, 144, 136, 70, 238, 184, 20, 222, 94, 11, 219, 224, 50, 58, 10, 73, 6, 36, 92, 194, 211, 172, 98, 145, 149, 228, 121, 231, 200, 55, 109, 141, 213, 78, 169, 108, 86, 244, 234, 101, 122, 174, 8, 186, 120, 37, 46, 28, 166, 180, 198, 232, 221, 116, 31, 75, 189, 139, 138, 112, 62, 181, 102, 72, 3, 246, 14, 97, 53, 87, 185, 134, 193, 29, 158, 225, 248, 152, 17, 105, 217, 142, 148, 155, 30, 135, 233, 206, 85, 40, 223, 140, 161, 137, 13, 191, 230, 66, 104, 65, 153, 45, 15, 176, 84, 187, 22, 

Нелінійність  = 110 

Алгебраїчний імунітет  = 2 

Дельта-рівномірність  = 6 

Лінійна збитковість = 126 



99, 124, 119, 123, 242, 107, 111, 202, 80, 1, 103, 43, 254, 215, 171, 118, 197, 235, 201, 92, 250, 89, 71, 240, 173, 212, 224, 175, 156, 164, 114, 192, 183, 253, 48, 38, 54, 233, 63, 19, 52, 165, 229, 241, 113, 216, 49, 142, 145, 199, 35, 195, 24, 150, 5, 154, 7, 18, 128, 226, 130, 39, 178, 117, 9, 131, 44, 26, 27, 110, 90, 160, 82, 59, 214, 179, 41, 227, 47, 132, 83, 209, 0, 237, 32, 252, 177, 91, 106, 203, 190, 57, 74, 76, 88, 207, 208, 239, 170, 251, 67, 77, 51, 133, 69, 249, 2, 127, 147, 60, 159, 168, 81, 163, 64, 143, 146, 157, 56, 245, 188, 182, 218, 33, 16, 255, 243, 210, 205, 12, 247, 236, 95, 151, 68, 23, 196, 167, 126, 61, 100, 93, 25, 115, 96, 129, 79, 220, 34, 42, 144, 136, 70, 238, 184, 20, 222, 94, 11, 219, 15, 50, 58, 10, 73, 6, 36, 125, 194, 211, 172, 98, 4, 149, 228, 121, 231, 200, 55, 109, 141, 213, 78, 169, 108, 86, 244, 234, 101, 122, 174, 8, 186, 120, 37, 46, 28, 166, 180, 198, 232, 221, 116, 31, 75, 189, 139, 138, 112, 62, 181, 102, 72, 3, 246, 14, 97, 53, 87, 185, 134, 193, 29, 158, 225, 248, 152, 17, 105, 217, 21, 148, 155, 30, 135, 230, 206, 85, 40, 223, 140, 161, 137, 13, 191, 187, 66, 104, 65, 153, 45, 162, 176, 84, 204, 22, 

Нелінійність  = 102 

Алгебраїчний імунітет  = 2 

Дельта-рівномірність  = 8 

Лінійна збитковість = 0 



99, 124, 119, 123, 242, 81, 57, 197, 48, 247, 103, 26, 254, 21, 171, 118, 202, 68, 201, 125, 250, 89, 34, 240, 173, 233, 162, 175, 156, 164, 114, 65, 105, 253, 230, 38, 54, 63, 222, 79, 52, 165, 229, 241, 113, 216, 49, 142, 209, 199, 35, 195, 24, 150, 5, 154, 7, 18, 128, 226, 235, 39, 178, 117, 9, 131, 44, 43, 27, 110, 90, 160, 82, 59, 214, 179, 41, 227, 47, 132, 83, 4, 0, 237, 32, 252, 177, 91, 106, 203, 190, 111, 74, 76, 88, 207, 208, 239, 170, 251, 67, 77, 51, 133, 69, 249, 2, 127, 80, 60, 159, 168, 107, 163, 64, 143, 146, 157, 56, 245, 188, 182, 218, 33, 16, 255, 243, 210, 205, 12, 19, 236, 95, 151, 130, 23, 196, 167, 126, 61, 100, 93, 25, 115, 96, 129, 8, 220, 71, 42, 144, 136, 70, 238, 184, 20, 109, 94, 11, 219, 224, 50, 58, 10, 73, 6, 36, 92, 194, 211, 172, 98, 145, 149, 228, 121, 231, 200, 55, 204, 141, 213, 78, 169, 108, 86, 244, 234, 101, 122, 174, 15, 186, 120, 37, 46, 28, 166, 180, 198, 232, 221, 116, 31, 75, 189, 139, 138, 112, 62, 181, 102, 72, 3, 246, 14, 97, 53, 87, 185, 134, 193, 29, 158, 225, 248, 152, 17, 183, 217, 215, 148, 155, 30, 135, 212, 206, 85, 40, 223, 140, 161, 137, 13, 191, 147, 66, 104, 192, 153, 45, 84, 176, 1, 187, 22, 

Нелінійність  = 102 

Алгебраїчний імунітет  = 3 

Дельта-рівномірність  = 8 

Лінійна збитковість = 0 



99, 124, 119, 123, 242, 107, 57, 201, 130, 1, 103, 43, 254, 72, 171, 112, 202, 48, 129, 125, 250, 89, 71, 240, 173, 212, 162, 21, 156, 44, 114, 192, 105, 253, 147, 38, 54, 31, 230, 222, 52, 187, 229, 249, 113, 216, 217, 175, 4, 199, 35, 195, 24, 150, 5, 154, 7, 18, 128, 226, 235, 39, 178, 117, 9, 131, 164, 26, 27, 110, 90, 160, 82, 59, 214, 179, 41, 227, 47, 132, 83, 209, 0, 237, 32, 252, 177, 91, 165, 203, 190, 111, 74, 76, 88, 207, 208, 239, 170, 251, 67, 77, 51, 133, 69, 241, 2, 127, 80, 60, 159, 168, 81, 163, 64, 143, 146, 157, 56, 245, 188, 182, 218, 33, 16, 255, 243, 210, 205, 12, 19, 236, 95, 151, 68, 23, 196, 167, 126, 61, 100, 93, 25, 115, 96, 197, 79, 220, 34, 42, 144, 136, 70, 238, 184, 20, 204, 94, 11, 219, 224, 50, 58, 10, 73, 6, 36, 92, 194, 211, 172, 98, 145, 149, 228, 121, 231, 200, 55, 109, 141, 213, 78, 169, 108, 86, 244, 234, 101, 122, 174, 8, 186, 120, 37, 46, 28, 166, 180, 198, 232, 221, 116, 63, 75, 189, 139, 138, 118, 62, 181, 102, 215, 3, 246, 14, 97, 53, 87, 185, 134, 193, 29, 158, 225, 248, 152, 17, 183, 49, 142, 148, 155, 30, 135, 233, 206, 85, 40, 223, 140, 161, 137, 13, 191, 153, 66, 104, 65, 176, 45, 15, 22, 84, 106, 247, 

Нелінійність  = 100 

Алгебраїчний імунітет  = 3 

Дельта-рівномірність  = 8 

Лінійна збитковість = 0 



122, 255, 133, 125, 241, 204, 218, 33, 145, 215, 1, 159, 200, 190, 76, 48, 211, 184, 178, 61, 68, 8, 172, 118, 222, 154, 84, 210, 193, 56, 105, 175, 127, 249, 53, 96, 207, 185, 247, 187, 34, 134, 35, 183, 129, 194, 166, 243, 179, 65, 46, 36, 81, 208, 192, 69, 113, 117, 149, 225, 83, 39, 132, 197, 90, 5, 119, 102, 167, 80, 253, 37, 18, 23, 6, 73, 77, 22, 227, 99, 108, 124, 63, 32, 94, 251, 97, 100, 11, 147, 162, 19, 0, 242, 152, 24, 245, 109, 173, 72, 177, 223, 51, 38, 135, 216, 142, 40, 202, 57, 75, 201, 199, 74, 236, 31, 136, 47, 110, 168, 219, 21, 114, 87, 244, 181, 254, 64, 146, 188, 2, 92, 42, 121, 186, 155, 115, 16, 9, 198, 232, 25, 66, 41, 174, 176, 62, 13, 189, 49, 101, 111, 137, 164, 230, 248, 98, 148, 156, 91, 220, 10, 59, 67, 214, 52, 7, 79, 126, 107, 213, 45, 93, 191, 171, 224, 206, 85, 158, 50, 238, 29, 106, 252, 229, 195, 180, 112, 240, 95, 234, 153, 237, 104, 26, 20, 239, 58, 89, 71, 70, 88, 169, 143, 161, 139, 203, 228, 123, 233, 120, 196, 27, 163, 205, 246, 151, 130, 128, 165, 60, 30, 209, 212, 141, 250, 157, 226, 4, 140, 217, 116, 170, 54, 103, 15, 235, 12, 182, 43, 150, 221, 14, 231, 17, 3, 138, 55, 78, 44, 86, 160, 28, 144, 131, 82, 

Нелінійність  = 96 

Алгебраїчний імунітет  = 3 

Дельта-рівномірність  = 14 

Лінійна збитковість = 0 



124, 43, 223, 49, 76, 148, 91, 232, 65, 155, 213, 171, 229, 234, 185, 126, 253, 75, 27, 144, 33, 142, 55, 237, 143, 125, 72, 243, 202, 96, 191, 197, 225, 80, 178, 120, 90, 194, 103, 87, 242, 174, 128, 217, 209, 16, 200, 192, 123, 130, 11, 196, 150, 212, 182, 28, 42, 6, 249, 149, 30, 68, 57, 231, 29, 110, 172, 215, 146, 132, 203, 168, 20, 85, 218, 169, 254, 184, 32, 1, 164, 60, 220, 163, 67, 183, 193, 53, 211, 56, 36, 77, 139, 51, 10, 118, 116, 45, 31, 24, 83, 39, 44, 239, 62, 95, 34, 48, 112, 151, 166, 15, 66, 175, 105, 177, 18, 117, 235, 156, 206, 159, 160, 241, 119, 250, 106, 188, 7, 13, 226, 136, 141, 162, 109, 5, 176, 73, 12, 52, 251, 104, 22, 64, 79, 86, 181, 82, 161, 247, 70, 46, 224, 233, 99, 122, 227, 41, 214, 158, 100, 38, 94, 93, 154, 61, 240, 81, 186, 0, 205, 74, 59, 238, 54, 138, 165, 198, 207, 89, 63, 17, 208, 244, 47, 199, 26, 246, 88, 121, 2, 19, 216, 222, 107, 14, 236, 25, 140, 204, 9, 190, 131, 157, 147, 195, 35, 170, 228, 187, 3, 210, 101, 127, 189, 98, 173, 58, 21, 133, 69, 102, 71, 40, 135, 180, 111, 97, 167, 230, 115, 201, 4, 255, 129, 252, 92, 221, 113, 50, 8, 134, 245, 153, 37, 179, 145, 219, 248, 23, 152, 84, 137, 108, 78, 114, 

Нелінійність  = 96 

Алгебраїчний імунітет  = 3 

Дельта-рівномірність  = 10 

Лінійна збитковість = 0 



122, 255, 133, 125, 241, 204, 218, 33, 145, 215, 1, 159, 200, 190, 76, 48, 211, 184, 178, 61, 68, 8, 172, 118, 222, 154, 84, 210, 193, 56, 105, 175, 127, 249, 53, 96, 207, 185, 247, 187, 34, 134, 35, 183, 129, 194, 166, 243, 179, 65, 46, 36, 81, 208, 192, 69, 113, 117, 149, 225, 83, 39, 132, 197, 90, 5, 119, 102, 167, 80, 253, 37, 18, 23, 6, 73, 77, 22, 227, 99, 108, 124, 63, 32, 94, 251, 97, 100, 11, 147, 162, 19, 0, 242, 152, 24, 245, 109, 173, 72, 177, 223, 51, 38, 135, 216, 142, 40, 202, 57, 75, 201, 199, 74, 236, 31, 136, 47, 110, 168, 219, 21, 114, 87, 244, 181, 254, 64, 146, 188, 2, 92, 42, 121, 186, 155, 115, 16, 9, 198, 232, 25, 66, 41, 174, 176, 62, 13, 189, 49, 101, 111, 137, 164, 230, 248, 98, 148, 156, 91, 220, 10, 59, 67, 214, 52, 7, 79, 126, 107, 213, 45, 93, 191, 171, 224, 206, 85, 158, 50, 238, 29, 106, 252, 229, 195, 180, 112, 240, 95, 234, 153, 237, 104, 26, 20, 239, 58, 89, 71, 70, 88, 169, 143, 161, 139, 203, 228, 123, 233, 120, 196, 27, 163, 205, 246, 151, 130, 128, 165, 60, 30, 209, 212, 141, 250, 157, 226, 4, 140, 217, 116, 170, 54, 103, 15, 235, 12, 182, 43, 150, 221, 14, 231, 17, 3, 138, 55, 78, 44, 86, 160, 28, 144, 131, 82, 

Нелінійність  = 96 

Алгебраїчний імунітет  = 3 

Дельта-рівномірність  = 14 

Лінійна збитковість = 0 



152, 94, 50, 191, 80, 133, 171, 237, 233, 205, 25, 42, 223, 31, 220, 66, 222, 142, 169, 98, 121, 127, 214, 200, 151, 187, 129, 58, 97, 158, 181, 179, 23, 154, 85, 55, 44, 38, 252, 227, 16, 180, 236, 101, 228, 250, 60, 136, 197, 188, 241, 185, 213, 92, 160, 216, 173, 147, 201, 113, 108, 238, 156, 124, 164, 62, 22, 242, 189, 153, 37, 144, 103, 95, 33, 148, 219, 232, 190, 143, 0, 1, 135, 109, 217, 71, 206, 45, 75, 212, 54, 198, 4, 79, 48, 207, 229, 53, 125, 18, 89, 112, 235, 43, 100, 9, 210, 39, 120, 131, 211, 123, 86, 8, 57, 56, 28, 202, 99, 182, 118, 204, 61, 107, 3, 251, 68, 105, 72, 77, 230, 246, 116, 40, 67, 240, 199, 96, 138, 174, 114, 24, 14, 49, 117, 84, 5, 29, 83, 128, 163, 231, 59, 239, 208, 184, 248, 149, 93, 226, 111, 247, 162, 209, 254, 140, 245, 249, 244, 243, 47, 81, 19, 74, 91, 175, 64, 150, 15, 234, 159, 203, 110, 146, 167, 106, 102, 52, 35, 186, 13, 32, 27, 41, 195, 165, 225, 130, 87, 215, 119, 2, 183, 196, 155, 65, 82, 20, 46, 34, 21, 11, 6, 51, 17, 30, 224, 132, 12, 172, 192, 178, 134, 26, 36, 170, 76, 10, 253, 122, 255, 221, 104, 161, 194, 176, 63, 137, 115, 126, 177, 168, 218, 88, 141, 69, 145, 166, 90, 193, 73, 139, 70, 78, 157, 7, 

Нелінійність  = 96 

Алгебраїчний імунітет  = 3 

Дельта-рівномірність  = 12 

Лінійна збитковість = 0 



84, 186, 118, 171, 95, 136, 93, 20, 196, 217, 160, 168, 46, 94, 190, 192, 214, 187, 219, 71, 137, 70, 56, 18, 188, 205, 249, 164, 223, 191, 47, 170, 116, 155, 229, 232, 1, 210, 105, 253, 199, 113, 252, 161, 39, 80, 10, 159, 142, 9, 204, 50, 244, 106, 4, 207, 189, 153, 72, 15, 63, 53, 177, 79, 193, 51, 239, 21, 8, 150, 44, 34, 144, 26, 69, 224, 92, 16, 243, 212, 64, 185, 129, 131, 203, 35, 145, 146, 42, 125, 202, 60, 41, 78, 24, 173, 195, 236, 240, 98, 89, 54, 234, 3, 96, 17, 22, 235, 74, 209, 245, 40, 119, 198, 112, 174, 6, 179, 241, 134, 211, 36, 215, 49, 225, 11, 135, 55, 38, 248, 52, 156, 231, 180, 152, 141, 247, 151, 184, 166, 68, 115, 178, 109, 13, 140, 102, 31, 48, 227, 82, 111, 216, 0, 206, 19, 154, 97, 176, 66, 117, 237, 169, 218, 58, 101, 123, 220, 242, 100, 157, 163, 143, 85, 88, 226, 99, 167, 230, 30, 197, 32, 201, 132, 77, 25, 14, 194, 254, 107, 124, 138, 233, 86, 108, 23, 238, 183, 62, 81, 208, 43, 172, 73, 251, 5, 33, 133, 250, 110, 255, 120, 128, 149, 122, 182, 181, 67, 121, 246, 147, 158, 162, 200, 76, 61, 45, 83, 222, 103, 75, 148, 213, 139, 65, 37, 91, 57, 59, 27, 130, 127, 126, 228, 114, 29, 165, 90, 7, 28, 104, 175, 221, 12, 87, 2, 

Нелінійність  = 96 

Алгебраїчний імунітет  = 3 

Дельта-рівномірність  = 10 

Лінійна збитковість = 0 



77, 233, 136, 142, 96, 123, 159, 60, 201, 224, 120, 32, 85, 81, 119, 162, 164, 202, 238, 99, 186, 127, 86, 146, 82, 211, 181, 78, 124, 110, 107, 158, 95, 169, 239, 180, 109, 208, 132, 6, 215, 112, 253, 103, 98, 212, 187, 111, 153, 71, 147, 144, 244, 151, 66, 113, 122, 72, 101, 39, 115, 52, 175, 126, 157, 206, 7, 55, 105, 172, 108, 236, 74, 222, 165, 216, 145, 195, 134, 89, 26, 240, 87, 58, 3, 192, 217, 150, 1, 207, 200, 161, 83, 80, 174, 182, 104, 227, 167, 154, 62, 230, 242, 203, 13, 73, 92, 170, 168, 223, 237, 210, 235, 196, 241, 19, 179, 185, 30, 102, 116, 93, 67, 84, 131, 255, 213, 49, 193, 178, 15, 191, 46, 190, 57, 171, 0, 183, 118, 91, 177, 156, 166, 68, 252, 221, 97, 149, 47, 42, 130, 204, 137, 176, 41, 48, 45, 79, 75, 76, 160, 64, 205, 199, 117, 65, 155, 114, 194, 44, 33, 28, 17, 61, 59, 23, 69, 232, 198, 63, 184, 254, 133, 189, 12, 54, 51, 248, 38, 246, 226, 106, 43, 24, 152, 209, 9, 18, 128, 31, 11, 148, 197, 88, 234, 139, 40, 14, 140, 173, 37, 188, 218, 225, 129, 121, 143, 35, 53, 5, 249, 141, 50, 100, 16, 90, 8, 125, 70, 27, 220, 4, 229, 247, 36, 10, 250, 251, 219, 29, 231, 135, 21, 94, 138, 214, 22, 25, 245, 163, 228, 34, 2, 243, 20, 56, 

Нелінійність  = 96 

Алгебраїчний імунітет  = 3 

Дельта-рівномірність  = 12 

Лінійна збитковість = 0 



143, 178, 144, 80, 70, 116, 100, 236, 95, 172, 233, 60, 124, 166, 107, 132, 200, 159, 75, 92, 68, 84, 151, 150, 230, 228, 156, 219, 114, 250, 139, 21, 171, 121, 105, 89, 209, 196, 191, 229, 14, 195, 238, 211, 142, 137, 62, 154, 174, 113, 201, 183, 73, 4, 146, 197, 162, 164, 152, 87, 245, 117, 190, 133, 254, 74, 33, 90, 25, 109, 66, 207, 173, 189, 49, 96, 170, 106, 203, 186, 79, 165, 40, 157, 163, 34, 169, 128, 43, 98, 46, 235, 119, 180, 120, 55, 1, 227, 181, 131, 249, 126, 94, 135, 56, 7, 208, 145, 103, 248, 176, 224, 177, 6, 51, 168, 111, 187, 206, 221, 167, 16, 140, 246, 11, 91, 104, 101, 232, 88, 32, 53, 64, 42, 0, 147, 19, 205, 198, 185, 57, 153, 125, 85, 63, 253, 240, 199, 45, 82, 255, 138, 194, 214, 54, 30, 2, 129, 38, 213, 239, 28, 217, 86, 160, 20, 218, 36, 179, 158, 188, 118, 67, 192, 175, 182, 130, 26, 83, 99, 50, 202, 65, 22, 127, 247, 108, 184, 141, 148, 225, 24, 29, 244, 52, 226, 122, 48, 234, 123, 251, 93, 110, 18, 41, 136, 149, 193, 72, 252, 210, 31, 220, 10, 35, 112, 17, 81, 97, 231, 215, 58, 59, 241, 15, 39, 8, 5, 23, 161, 12, 155, 102, 77, 9, 115, 61, 37, 27, 47, 13, 71, 223, 134, 212, 222, 204, 3, 44, 78, 243, 76, 69, 216, 242, 237, 

Нелінійність  = 96 

Алгебраїчний імунітет  = 3 

Дельта-рівномірність  = 12 

Лінійна збитковість = 0 



103, 134, 123, 126, 242, 115, 72, 222, 129, 17, 127, 52, 24, 116, 195, 138, 206, 63, 165, 151, 14, 114, 79, 7, 179, 239, 187, 44, 161, 82, 142, 220, 140, 26, 171, 43, 65, 225, 231, 250, 80, 212, 247, 18, 124, 244, 228, 174, 48, 221, 39, 215, 30, 156, 20, 180, 15, 130, 132, 226, 1, 223, 205, 90, 16, 154, 157, 33, 37, 111, 104, 183, 108, 60, 233, 203, 46, 177, 62, 133, 85, 234, 5, 0, 38, 252, 202, 95, 147, 229, 217, 192, 99, 89, 93, 248, 211, 6, 173, 23, 76, 88, 51, 235, 74, 13, 32, 152, 61, 175, 185, 193, 146, 188, 77, 167, 78, 181, 214, 35, 75, 166, 91, 10, 237, 81, 128, 71, 232, 98, 47, 59, 121, 178, 224, 131, 216, 53, 149, 170, 110, 120, 29, 141, 112, 69, 107, 145, 236, 68, 186, 163, 67, 8, 190, 227, 189, 21, 22, 249, 253, 201, 144, 64, 84, 4, 160, 2, 58, 254, 176, 135, 102, 153, 219, 184, 3, 230, 208, 136, 55, 57, 241, 41, 117, 94, 155, 150, 97, 54, 196, 19, 207, 122, 218, 246, 194, 113, 28, 11, 213, 243, 245, 139, 12, 56, 238, 143, 119, 96, 70, 109, 251, 36, 66, 31, 49, 172, 200, 105, 169, 125, 240, 9, 86, 255, 45, 197, 199, 27, 148, 168, 83, 182, 50, 40, 209, 87, 101, 159, 42, 73, 106, 137, 210, 164, 204, 162, 34, 92, 100, 191, 118, 158, 198, 25, 

Нелінійність  = 96 

Алгебраїчний імунітет  = 3 

Дельта-рівномірність  = 10 

Лінійна збитковість = 0 



118, 182, 115, 196, 100, 162, 108, 49, 195, 209, 171, 179, 72, 121, 213, 205, 237, 183, 217, 79, 146, 82, 73, 55, 202, 3, 1, 175, 228, 207, 67, 199, 137, 161, 234, 80, 19, 219, 124, 144, 181, 149, 250, 40, 64, 114, 32, 176, 143, 37, 223, 77, 59, 112, 24, 224, 206, 167, 88, 34, 120, 96, 204, 90, 10, 71, 229, 43, 139, 152, 53, 251, 141, 33, 83, 244, 107, 61, 248, 87, 63, 172, 158, 135, 239, 97, 178, 245, 242, 22, 218, 253, 54, 99, 57, 111, 154, 243, 249, 104, 38, 65, 18, 16, 102, 168, 42, 235, 89, 174, 11, 190, 200, 210, 110, 164, 26, 184, 236, 198, 221, 106, 12, 125, 230, 60, 98, 74, 226, 247, 66, 170, 47, 169, 147, 148, 17, 151, 35, 130, 85, 113, 186, 129, 41, 76, 122, 51, 27, 201, 52, 127, 75, 44, 185, 39, 165, 128, 78, 86, 225, 252, 133, 197, 81, 208, 155, 216, 8, 84, 173, 180, 160, 68, 62, 30, 103, 9, 233, 255, 232, 70, 46, 91, 246, 231, 50, 240, 109, 227, 101, 150, 134, 95, 45, 211, 7, 123, 191, 48, 126, 105, 58, 159, 254, 220, 142, 0, 20, 92, 2, 117, 119, 140, 241, 187, 21, 93, 177, 69, 156, 188, 222, 214, 56, 194, 25, 116, 36, 238, 14, 131, 145, 163, 29, 193, 28, 136, 31, 132, 138, 13, 15, 94, 153, 5, 157, 215, 23, 212, 4, 189, 192, 6, 203, 166, 

Нелінійність  = 96 

Алгебраїчний імунітет  = 3 

Дельта-рівномірність  = 10 

Лінійна збитковість = 0 



141, 194, 159, 114, 103, 145, 118, 224, 121, 171, 222, 85, 127, 168, 138, 162, 210, 176, 93, 104, 86, 112, 28, 179, 242, 239, 163, 215, 122, 7, 148, 65, 181, 241, 128, 97, 197, 199, 212, 216, 60, 188, 10, 213, 150, 169, 87, 156, 182, 48, 203, 201, 109, 24, 100, 195, 250, 208, 153, 89, 6, 115, 202, 105, 214, 21, 58, 111, 49, 134, 98, 218, 170, 186, 66, 119, 220, 144, 193, 191, 75, 84, 47, 79, 147, 81, 175, 155, 63, 40, 90, 249, 137, 189, 152, 42, 33, 234, 196, 74, 246, 151, 132, 166, 68, 88, 160, 38, 108, 64, 110, 237, 192, 39, 167, 174, 35, 235, 226, 217, 123, 154, 139, 238, 27, 173, 142, 124, 252, 26, 31, 83, 71, 43, 22, 2, 29, 211, 190, 200, 165, 72, 46, 102, 95, 14, 19, 207, 61, 146, 8, 131, 15, 0, 205, 51, 25, 161, 106, 244, 5, 158, 149, 120, 180, 183, 223, 56, 94, 231, 32, 225, 67, 53, 187, 12, 140, 59, 73, 52, 78, 113, 255, 50, 3, 91, 116, 253, 45, 157, 248, 55, 44, 206, 80, 133, 129, 20, 69, 126, 9, 82, 172, 16, 57, 23, 4, 219, 177, 37, 198, 36, 204, 77, 209, 54, 17, 221, 101, 228, 34, 254, 92, 230, 143, 185, 107, 13, 130, 11, 229, 41, 117, 96, 18, 236, 243, 76, 232, 125, 99, 164, 240, 70, 247, 1, 178, 62, 135, 184, 251, 136, 30, 227, 233, 245, 

Нелінійність  = 96 

Алгебраїчний імунітет  = 3 

Дельта-рівномірність  = 10 

Лінійна збитковість = 0 



31, 174, 118, 151, 126, 15, 94, 99, 169, 165, 209, 136, 219, 100, 53, 67, 170, 137, 52, 145, 51, 5, 235, 14, 240, 37, 147, 69, 249, 85, 216, 230, 166, 189, 242, 195, 98, 130, 65, 152, 197, 215, 72, 221, 213, 138, 162, 224, 198, 35, 46, 74, 112, 40, 232, 244, 146, 109, 56, 86, 62, 185, 88, 180, 247, 212, 187, 134, 87, 41, 81, 157, 144, 89, 101, 64, 210, 178, 83, 97, 127, 238, 226, 106, 113, 133, 108, 125, 231, 4, 70, 139, 80, 34, 184, 63, 50, 121, 79, 211, 171, 66, 159, 155, 91, 27, 131, 12, 225, 59, 223, 92, 253, 105, 208, 36, 57, 168, 190, 20, 102, 201, 203, 158, 29, 234, 182, 119, 116, 129, 115, 251, 43, 7, 194, 149, 22, 229, 243, 181, 120, 183, 176, 96, 191, 54, 228, 163, 73, 111, 206, 18, 241, 122, 172, 175, 154, 78, 21, 117, 233, 173, 218, 61, 42, 254, 23, 207, 47, 239, 217, 164, 220, 19, 202, 90, 24, 141, 124, 16, 38, 110, 3, 214, 150, 245, 128, 204, 156, 39, 58, 55, 177, 135, 9, 153, 44, 0, 48, 17, 143, 250, 196, 49, 6, 2, 140, 8, 246, 188, 33, 45, 68, 132, 236, 227, 93, 32, 193, 84, 160, 205, 71, 10, 179, 142, 11, 107, 75, 104, 82, 237, 222, 114, 103, 200, 252, 28, 192, 167, 186, 26, 13, 60, 77, 95, 199, 161, 248, 25, 76, 1, 123, 148, 255, 30, 

Нелінійність  = 96 

Алгебраїчний імунітет  = 3 

Дельта-рівномірність  = 10 

Лінійна збитковість = 0 



69, 244, 116, 111, 3, 103, 185, 23, 216, 245, 90, 109, 25, 40, 42, 123, 126, 195, 204, 98, 163, 136, 84, 179, 1, 171, 148, 2, 38, 24, 117, 133, 26, 101, 65, 141, 139, 212, 68, 151, 248, 88, 236, 27, 93, 249, 228, 102, 159, 36, 96, 156, 240, 153, 81, 30, 127, 11, 99, 7, 55, 22, 149, 132, 134, 253, 32, 54, 168, 189, 129, 79, 182, 235, 164, 178, 147, 251, 58, 5, 114, 144, 70, 130, 135, 246, 71, 143, 137, 237, 173, 217, 226, 78, 51, 176, 34, 86, 125, 121, 4, 115, 145, 44, 191, 29, 97, 82, 188, 234, 205, 175, 45, 158, 165, 140, 146, 231, 16, 124, 14, 64, 211, 110, 73, 243, 197, 154, 252, 128, 67, 160, 192, 169, 220, 207, 227, 186, 222, 13, 230, 198, 72, 17, 215, 74, 63, 170, 20, 118, 193, 181, 162, 172, 174, 105, 150, 37, 15, 43, 208, 120, 229, 187, 131, 41, 52, 138, 152, 21, 28, 89, 107, 0, 233, 242, 56, 255, 223, 196, 202, 241, 18, 201, 35, 19, 254, 48, 39, 180, 247, 104, 177, 76, 190, 166, 157, 8, 80, 225, 184, 250, 218, 94, 83, 206, 142, 9, 232, 12, 167, 203, 50, 77, 224, 53, 209, 33, 210, 200, 221, 91, 95, 60, 85, 87, 108, 61, 113, 183, 62, 155, 119, 59, 47, 75, 57, 46, 238, 100, 92, 106, 219, 194, 199, 10, 49, 239, 161, 213, 31, 66, 122, 214, 112, 6, 

Нелінійність  = 94 

Алгебраїчний імунітет  = 3 

Дельта-рівномірність  = 12 

Лінійна збитковість = 0 



61, 255, 189, 249, 101, 77, 67, 88, 156, 224, 71, 218, 133, 137, 116, 172, 72, 248, 64, 2, 160, 205, 27, 229, 215, 75, 113, 43, 162, 231, 53, 193, 14, 250, 74, 206, 68, 60, 191, 80, 54, 130, 219, 103, 17, 232, 234, 31, 12, 34, 49, 16, 253, 65, 138, 147, 3, 221, 58, 236, 110, 148, 81, 1, 153, 154, 181, 158, 212, 6, 192, 48, 73, 85, 108, 106, 222, 173, 98, 174, 211, 217, 86, 44, 50, 245, 237, 207, 195, 199, 159, 198, 175, 204, 190, 239, 25, 134, 102, 76, 240, 186, 70, 149, 243, 131, 84, 210, 89, 141, 214, 208, 246, 30, 220, 200, 180, 197, 167, 209, 121, 194, 66, 23, 135, 120, 150, 161, 247, 8, 144, 105, 241, 99, 45, 46, 19, 21, 155, 176, 122, 151, 196, 223, 230, 114, 117, 47, 41, 142, 227, 104, 184, 166, 242, 233, 15, 42, 225, 128, 129, 132, 165, 201, 168, 57, 87, 13, 123, 185, 20, 82, 226, 177, 228, 0, 10, 39, 112, 124, 18, 115, 107, 5, 40, 69, 63, 163, 126, 59, 125, 100, 183, 244, 169, 238, 182, 152, 11, 56, 146, 235, 109, 55, 29, 251, 78, 62, 119, 52, 118, 179, 51, 136, 213, 202, 7, 216, 140, 37, 91, 4, 170, 26, 187, 139, 38, 188, 90, 145, 157, 92, 33, 254, 36, 83, 94, 143, 127, 97, 24, 111, 93, 22, 79, 35, 96, 164, 178, 203, 252, 171, 9, 95, 32, 28, 

Нелінійність  = 94 

Алгебраїчний імунітет  = 3 

Дельта-рівномірність  = 10 

Лінійна збитковість = 0 



98, 10, 5, 215, 1, 58, 210, 82, 0, 237, 64, 226, 77, 181, 62, 166, 186, 32, 37, 89, 122, 150, 4, 184, 135, 218, 160, 126, 209, 198, 203, 146, 188, 53, 171, 223, 88, 151, 60, 80, 38, 123, 153, 162, 157, 113, 36, 178, 230, 54, 213, 254, 189, 79, 222, 234, 202, 228, 86, 190, 21, 242, 248, 208, 217, 121, 165, 103, 27, 250, 199, 167, 152, 105, 65, 195, 57, 129, 76, 90, 229, 112, 127, 139, 47, 196, 232, 182, 94, 158, 92, 173, 59, 69, 204, 187, 193, 145, 172, 252, 81, 16, 23, 71, 44, 101, 236, 6, 84, 128, 169, 2, 28, 168, 118, 35, 19, 132, 241, 251, 212, 42, 52, 201, 227, 15, 61, 31, 148, 174, 176, 245, 175, 191, 238, 163, 51, 114, 161, 134, 49, 14, 225, 39, 30, 8, 115, 131, 255, 179, 116, 87, 170, 24, 130, 102, 117, 142, 104, 177, 106, 133, 147, 211, 149, 108, 141, 156, 140, 143, 99, 91, 33, 34, 72, 26, 120, 144, 13, 235, 185, 224, 207, 97, 70, 246, 124, 50, 221, 66, 29, 17, 67, 253, 25, 155, 68, 180, 119, 125, 216, 46, 96, 154, 220, 12, 164, 45, 200, 244, 138, 240, 7, 83, 95, 78, 197, 48, 243, 233, 110, 239, 74, 43, 136, 73, 9, 219, 111, 75, 22, 85, 41, 231, 40, 206, 183, 247, 249, 93, 205, 63, 194, 192, 55, 107, 109, 137, 18, 3, 20, 11, 100, 159, 214, 56, 

Нелінійність  = 94 

Алгебраїчний імунітет  = 3 

Дельта-рівномірність  = 10 

Лінійна збитковість = 0 



20, 181, 101, 143, 105, 6, 53, 91, 171, 141, 197, 116, 209, 80, 39, 34, 155, 137, 16, 126, 30, 252, 212, 254, 247, 11, 133, 58, 230, 54, 189, 232, 136, 188, 246, 198, 81, 127, 35, 123, 206, 222, 32, 203, 14, 115, 166, 220, 190, 3, 221, 38, 77, 170, 211, 227, 8, 70, 29, 69, 47, 158, 62, 153, 240, 46, 179, 139, 83, 18, 44, 142, 121, 67, 98, 37, 201, 151, 235, 79, 52, 219, 238, 89, 103, 120, 85, 112, 241, 244, 56, 117, 73, 27, 180, 4, 19, 88, 36, 97, 164, 66, 145, 165, 163, 17, 194, 5, 132, 186, 43, 111, 192, 86, 202, 13, 223, 144, 159, 93, 216, 191, 106, 156, 218, 182, 231, 76, 25, 75, 87, 168, 92, 108, 55, 21, 122, 217, 100, 104, 95, 175, 102, 96, 178, 84, 57, 161, 49, 176, 187, 210, 242, 177, 12, 233, 174, 41, 128, 224, 237, 78, 65, 42, 26, 245, 167, 234, 135, 82, 68, 249, 236, 64, 150, 131, 226, 138, 113, 119, 149, 40, 124, 173, 130, 118, 94, 59, 146, 24, 50, 250, 114, 110, 134, 2, 195, 33, 157, 185, 225, 243, 99, 10, 71, 61, 204, 147, 154, 22, 229, 193, 28, 228, 109, 72, 253, 251, 31, 184, 51, 160, 125, 48, 1, 214, 248, 162, 74, 152, 140, 196, 129, 199, 0, 9, 45, 208, 60, 215, 107, 23, 207, 205, 200, 239, 7, 213, 255, 63, 169, 148, 172, 90, 15, 183, 

Нелінійність  = 94 

Алгебраїчний імунітет  = 3 

Дельта-рівномірність  = 12 

Лінійна збитковість = 0 



Час виконання: 147.452000 секунд

Блок з необхідними параметрами знайдено

Кількість виконаних ітерацій = 4 
_______________________________________________________________________________________________
