
Початкове число ітерацій = 200
N = 10
PSO S-boxes:
99, 124, 119, 123, 242, 107, 111, 197, 48, 1, 103, 43, 254, 215, 171, 118, 202, 130, 201, 125, 250, 89, 71, 240, 173, 212, 162, 175, 156, 164, 114, 192, 183, 253, 147, 38, 54, 63, 247, 204, 52, 165, 229, 241, 113, 216, 49, 21, 4, 199, 35, 195, 24, 150, 5, 154, 7, 18, 128, 226, 235, 39, 178, 117, 9, 131, 44, 26, 27, 110, 90, 160, 82, 59, 214, 179, 41, 227, 47, 132, 83, 209, 0, 237, 32, 252, 177, 91, 106, 203, 190, 57, 74, 76, 88, 207, 208, 239, 170, 251, 67, 77, 51, 133, 69, 249, 2, 127, 80, 60, 159, 168, 81, 163, 64, 143, 146, 157, 56, 245, 188, 182, 218, 33, 16, 255, 243, 210, 205, 12, 19, 236, 95, 151, 68, 23, 196, 167, 126, 61, 100, 93, 25, 115, 96, 129, 79, 220, 34, 42, 144, 136, 70, 238, 184, 20, 222, 94, 11, 219, 224, 50, 58, 10, 73, 6, 36, 92, 194, 211, 172, 98, 145, 149, 228, 121, 231, 200, 55, 109, 141, 213, 78, 169, 108, 86, 244, 234, 101, 122, 174, 8, 186, 120, 37, 46, 28, 166, 180, 198, 232, 221, 116, 31, 75, 189, 139, 138, 112, 62, 181, 102, 72, 3, 246, 14, 97, 53, 87, 185, 134, 193, 29, 158, 225, 248, 152, 17, 105, 217, 142, 148, 155, 30, 135, 233, 206, 85, 40, 223, 140, 161, 137, 13, 191, 230, 66, 104, 65, 153, 45, 15, 176, 84, 187, 22, 

Нелінійність  = 112 

Алгебраїчний імунітет  = 2 

Дельта-рівномірність  = 4 

Лінійна збитковість = 255 



99, 124, 119, 123, 242, 107, 111, 197, 48, 1, 103, 43, 254, 215, 171, 118, 202, 130, 201, 125, 250, 89, 71, 240, 173, 212, 162, 175, 156, 164, 114, 192, 183, 253, 147, 38, 54, 63, 204, 247, 52, 165, 229, 241, 113, 216, 49, 21, 4, 199, 35, 195, 24, 150, 5, 154, 7, 18, 128, 226, 235, 39, 178, 117, 9, 131, 44, 26, 27, 110, 90, 160, 82, 59, 214, 179, 41, 227, 47, 132, 83, 209, 0, 237, 32, 252, 177, 91, 106, 203, 190, 57, 74, 76, 88, 207, 208, 239, 170, 251, 67, 77, 51, 133, 69, 249, 2, 127, 80, 60, 159, 168, 81, 163, 64, 143, 146, 157, 56, 245, 188, 182, 218, 33, 16, 255, 243, 210, 205, 12, 19, 236, 95, 151, 68, 23, 196, 167, 126, 61, 100, 93, 25, 115, 96, 129, 79, 220, 34, 42, 144, 136, 70, 238, 184, 20, 222, 94, 11, 219, 224, 50, 58, 10, 73, 6, 36, 92, 194, 211, 172, 98, 145, 149, 228, 121, 231, 200, 55, 109, 141, 213, 78, 169, 108, 86, 244, 234, 101, 122, 174, 8, 186, 120, 37, 46, 28, 166, 180, 198, 232, 221, 116, 31, 75, 189, 139, 138, 112, 62, 181, 102, 72, 3, 246, 14, 97, 53, 87, 185, 134, 193, 29, 158, 225, 248, 152, 17, 105, 217, 142, 148, 155, 30, 135, 233, 206, 85, 40, 223, 140, 161, 137, 13, 191, 230, 66, 104, 65, 153, 45, 15, 176, 84, 187, 22, 

Нелінійність  = 110 

Алгебраїчний імунітет  = 2 

Дельта-рівномірність  = 6 

Лінійна збитковість = 126 



99, 124, 119, 123, 242, 107, 111, 202, 80, 1, 103, 43, 254, 215, 171, 118, 197, 132, 201, 92, 250, 89, 71, 240, 173, 212, 224, 175, 156, 164, 114, 192, 183, 253, 48, 38, 54, 235, 63, 19, 52, 165, 229, 241, 113, 216, 49, 142, 145, 199, 35, 195, 24, 150, 5, 154, 7, 18, 128, 226, 130, 39, 178, 117, 9, 131, 44, 26, 27, 110, 90, 160, 82, 59, 214, 179, 41, 227, 47, 31, 83, 209, 0, 237, 32, 252, 177, 91, 106, 203, 190, 57, 74, 76, 88, 207, 208, 239, 170, 251, 67, 77, 51, 133, 69, 249, 2, 127, 147, 60, 159, 168, 81, 163, 64, 143, 146, 157, 56, 245, 188, 182, 218, 33, 16, 255, 243, 210, 205, 12, 220, 236, 95, 151, 68, 23, 196, 167, 126, 61, 100, 93, 25, 115, 96, 129, 79, 28, 34, 42, 144, 136, 70, 238, 184, 20, 222, 94, 11, 219, 15, 50, 58, 10, 73, 6, 36, 125, 194, 211, 172, 98, 4, 149, 228, 121, 231, 200, 55, 109, 141, 213, 78, 169, 108, 86, 244, 234, 101, 122, 174, 8, 186, 120, 37, 46, 230, 166, 180, 198, 232, 221, 116, 72, 75, 189, 139, 138, 112, 62, 181, 102, 223, 3, 246, 14, 97, 53, 87, 185, 134, 193, 29, 158, 225, 248, 152, 17, 105, 217, 21, 148, 155, 30, 135, 233, 206, 85, 40, 66, 140, 161, 137, 13, 191, 247, 176, 104, 65, 153, 45, 162, 204, 84, 187, 22, 

Нелінійність  = 102 

Алгебраїчний імунітет  = 2 

Дельта-рівномірність  = 10 

Лінійна збитковість = 0 



57, 124, 119, 123, 242, 81, 99, 197, 48, 22, 103, 26, 254, 21, 171, 118, 202, 68, 201, 125, 250, 89, 34, 240, 173, 233, 162, 175, 156, 164, 114, 192, 105, 253, 230, 38, 54, 63, 237, 79, 52, 165, 229, 241, 113, 216, 49, 142, 209, 199, 35, 195, 24, 150, 5, 154, 7, 18, 128, 226, 235, 39, 178, 117, 9, 131, 44, 43, 27, 110, 90, 160, 82, 59, 214, 179, 41, 227, 47, 132, 83, 4, 0, 84, 32, 252, 177, 91, 106, 203, 190, 111, 74, 76, 88, 207, 208, 239, 170, 251, 67, 77, 51, 133, 69, 249, 2, 127, 80, 60, 159, 168, 107, 163, 64, 143, 146, 157, 56, 116, 188, 182, 218, 33, 16, 255, 243, 210, 205, 12, 19, 236, 95, 151, 130, 23, 196, 167, 126, 61, 100, 93, 25, 115, 96, 129, 245, 220, 71, 42, 144, 136, 70, 238, 184, 20, 222, 94, 11, 219, 224, 50, 58, 10, 73, 6, 36, 92, 194, 211, 172, 98, 145, 149, 228, 121, 231, 200, 55, 109, 141, 213, 78, 169, 108, 86, 244, 234, 101, 122, 174, 8, 186, 120, 37, 46, 28, 166, 180, 198, 232, 221, 153, 31, 75, 189, 139, 138, 112, 62, 181, 102, 72, 3, 246, 14, 97, 53, 87, 185, 134, 193, 29, 158, 225, 248, 152, 17, 183, 217, 215, 148, 155, 30, 135, 212, 206, 85, 40, 223, 140, 161, 137, 13, 191, 147, 66, 104, 65, 176, 45, 15, 204, 1, 187, 247, 

Нелінійність  = 102 

Алгебраїчний імунітет  = 3 

Дельта-рівномірність  = 10 

Лінійна збитковість = 0 



99, 124, 119, 123, 242, 107, 57, 201, 130, 1, 103, 43, 254, 72, 171, 112, 202, 48, 129, 125, 250, 89, 71, 240, 173, 212, 162, 21, 156, 44, 114, 192, 105, 253, 147, 38, 54, 31, 40, 101, 52, 247, 229, 249, 113, 216, 217, 175, 4, 199, 35, 195, 24, 150, 5, 154, 7, 18, 128, 226, 235, 39, 178, 117, 9, 131, 164, 26, 27, 110, 90, 160, 82, 59, 214, 179, 41, 227, 47, 132, 83, 209, 0, 237, 32, 252, 177, 91, 165, 203, 190, 111, 74, 76, 88, 207, 208, 239, 170, 251, 67, 77, 51, 133, 69, 241, 2, 127, 80, 60, 159, 168, 81, 163, 64, 143, 146, 157, 56, 245, 188, 182, 218, 33, 16, 255, 243, 210, 205, 12, 19, 236, 95, 151, 68, 23, 196, 167, 126, 61, 100, 93, 25, 115, 96, 197, 79, 220, 34, 42, 144, 136, 70, 238, 184, 20, 222, 94, 11, 219, 224, 50, 58, 10, 73, 6, 36, 92, 194, 211, 172, 98, 145, 149, 228, 121, 231, 200, 55, 109, 141, 213, 78, 169, 108, 86, 244, 234, 102, 122, 174, 8, 186, 120, 37, 46, 28, 166, 180, 198, 232, 221, 116, 63, 75, 189, 139, 138, 118, 62, 181, 225, 215, 3, 246, 14, 97, 53, 87, 185, 134, 193, 29, 158, 142, 248, 152, 17, 183, 49, 104, 148, 155, 30, 135, 233, 206, 85, 15, 223, 140, 161, 137, 13, 191, 230, 66, 176, 65, 153, 45, 204, 84, 187, 106, 22, 

Нелінійність  = 100 

Алгебраїчний імунітет  = 3 

Дельта-рівномірність  = 8 

Лінійна збитковість = 0 



124, 43, 223, 49, 76, 148, 91, 232, 65, 155, 213, 171, 229, 234, 185, 126, 253, 75, 27, 144, 33, 142, 55, 237, 143, 125, 72, 243, 202, 96, 191, 197, 225, 80, 178, 120, 90, 194, 103, 87, 242, 174, 128, 217, 209, 16, 200, 192, 123, 130, 11, 196, 150, 212, 182, 28, 42, 6, 249, 149, 30, 68, 57, 231, 29, 110, 172, 215, 146, 132, 203, 168, 20, 85, 218, 169, 254, 184, 32, 1, 164, 60, 220, 163, 67, 183, 193, 53, 211, 56, 36, 77, 139, 51, 10, 118, 116, 45, 31, 24, 83, 39, 44, 239, 62, 95, 34, 48, 112, 151, 166, 15, 66, 175, 105, 177, 18, 117, 235, 156, 206, 159, 160, 241, 119, 250, 106, 188, 7, 13, 226, 136, 141, 162, 109, 5, 176, 73, 12, 52, 251, 104, 22, 64, 79, 86, 181, 82, 161, 247, 70, 46, 224, 233, 99, 122, 227, 41, 214, 158, 100, 38, 94, 93, 154, 61, 240, 81, 186, 0, 205, 74, 59, 238, 54, 138, 165, 198, 207, 89, 63, 17, 208, 244, 47, 199, 26, 246, 88, 121, 2, 19, 216, 222, 107, 14, 236, 25, 140, 204, 9, 190, 131, 157, 147, 195, 35, 170, 228, 187, 3, 210, 101, 127, 189, 98, 173, 58, 21, 133, 69, 102, 71, 40, 135, 180, 111, 97, 167, 230, 115, 201, 4, 255, 129, 252, 92, 221, 113, 50, 8, 134, 245, 153, 37, 179, 145, 219, 248, 23, 152, 84, 137, 108, 78, 114, 

Нелінійність  = 96 

Алгебраїчний імунітет  = 3 

Дельта-рівномірність  = 10 

Лінійна збитковість = 0 



122, 255, 133, 125, 241, 204, 218, 33, 145, 215, 1, 159, 200, 190, 76, 48, 211, 184, 178, 61, 68, 8, 172, 118, 222, 154, 84, 210, 193, 56, 105, 175, 127, 249, 53, 96, 207, 185, 247, 187, 34, 134, 35, 183, 129, 194, 166, 243, 179, 65, 46, 36, 81, 208, 192, 69, 113, 117, 149, 225, 83, 39, 132, 197, 90, 5, 119, 102, 167, 80, 253, 37, 18, 23, 6, 73, 77, 22, 227, 99, 108, 124, 63, 32, 94, 251, 97, 100, 11, 147, 162, 19, 0, 242, 152, 24, 245, 109, 173, 72, 177, 223, 51, 38, 135, 216, 142, 40, 202, 57, 75, 201, 199, 74, 236, 31, 136, 47, 110, 168, 219, 21, 114, 87, 244, 181, 254, 64, 146, 188, 2, 92, 42, 121, 186, 155, 115, 16, 9, 198, 232, 25, 66, 41, 174, 176, 62, 13, 189, 49, 101, 111, 137, 164, 230, 248, 98, 148, 156, 91, 220, 10, 59, 67, 214, 52, 7, 79, 126, 107, 213, 45, 93, 191, 171, 224, 206, 85, 158, 50, 238, 29, 106, 252, 229, 195, 180, 112, 240, 95, 234, 153, 237, 104, 26, 20, 239, 58, 89, 71, 70, 88, 169, 143, 161, 139, 203, 228, 123, 233, 120, 196, 27, 163, 205, 246, 151, 130, 128, 165, 60, 30, 209, 212, 141, 250, 157, 226, 4, 140, 217, 116, 170, 54, 103, 15, 235, 12, 182, 43, 150, 221, 14, 231, 17, 3, 138, 55, 78, 44, 86, 160, 28, 144, 131, 82, 

Нелінійність  = 96 

Алгебраїчний імунітет  = 3 

Дельта-рівномірність  = 14 

Лінійна збитковість = 0 



99, 168, 142, 176, 45, 164, 249, 50, 185, 101, 20, 206, 73, 9, 172, 112, 196, 200, 39, 57, 34, 127, 15, 80, 25, 63, 119, 218, 100, 242, 128, 184, 171, 149, 202, 193, 222, 60, 243, 230, 220, 152, 254, 115, 108, 56, 195, 232, 183, 36, 46, 228, 74, 205, 138, 90, 71, 170, 201, 130, 199, 76, 7, 116, 16, 35, 40, 154, 145, 167, 48, 215, 225, 32, 58, 68, 18, 250, 150, 131, 77, 28, 84, 122, 213, 136, 234, 52, 17, 37, 125, 44, 252, 85, 1, 96, 174, 24, 212, 83, 6, 204, 67, 59, 214, 191, 38, 65, 233, 14, 159, 110, 241, 238, 245, 247, 104, 42, 10, 120, 105, 160, 12, 165, 216, 224, 107, 240, 69, 231, 135, 139, 229, 177, 5, 190, 141, 8, 140, 251, 27, 169, 78, 157, 82, 75, 203, 246, 162, 93, 126, 92, 61, 62, 192, 166, 55, 81, 210, 133, 79, 88, 49, 23, 237, 155, 221, 198, 173, 0, 3, 97, 148, 11, 248, 30, 207, 163, 54, 118, 181, 103, 146, 13, 51, 211, 188, 178, 189, 47, 235, 187, 147, 53, 175, 217, 124, 86, 121, 134, 89, 180, 95, 102, 182, 156, 158, 87, 106, 209, 179, 41, 29, 236, 239, 21, 186, 70, 98, 255, 31, 33, 144, 123, 226, 94, 208, 161, 132, 197, 19, 114, 137, 91, 244, 43, 253, 72, 2, 26, 194, 64, 66, 113, 129, 227, 223, 111, 4, 143, 153, 219, 22, 109, 117, 151, 

Нелінійність  = 96 

Алгебраїчний імунітет  = 3 

Дельта-рівномірність  = 10 

Лінійна збитковість = 0 



108, 109, 174, 255, 204, 120, 74, 235, 11, 43, 156, 104, 249, 153, 202, 144, 217, 66, 114, 131, 200, 130, 70, 193, 169, 192, 142, 93, 196, 46, 160, 221, 251, 214, 182, 88, 9, 103, 75, 113, 124, 53, 203, 241, 166, 171, 226, 86, 38, 183, 33, 223, 84, 194, 80, 125, 19, 246, 187, 209, 186, 236, 150, 253, 17, 126, 185, 102, 60, 143, 148, 190, 68, 206, 243, 177, 121, 216, 50, 220, 133, 175, 82, 44, 16, 237, 62, 83, 198, 170, 155, 165, 117, 244, 73, 219, 189, 32, 141, 123, 234, 72, 29, 69, 229, 25, 13, 4, 91, 112, 162, 136, 81, 167, 115, 179, 158, 215, 128, 224, 6, 2, 48, 35, 47, 254, 212, 230, 159, 22, 95, 211, 164, 138, 42, 41, 52, 20, 98, 63, 14, 122, 28, 207, 94, 205, 77, 188, 58, 67, 127, 116, 45, 8, 71, 242, 228, 55, 89, 191, 36, 199, 135, 10, 240, 23, 100, 40, 27, 161, 110, 92, 154, 152, 233, 12, 37, 129, 90, 231, 180, 49, 139, 107, 59, 245, 118, 181, 248, 5, 137, 149, 197, 201, 85, 39, 232, 132, 210, 101, 238, 178, 195, 111, 252, 218, 7, 30, 208, 97, 140, 213, 145, 222, 15, 173, 119, 61, 51, 134, 56, 172, 64, 1, 105, 31, 24, 79, 106, 227, 65, 163, 239, 99, 151, 157, 247, 147, 184, 176, 168, 78, 21, 250, 225, 3, 87, 34, 26, 54, 18, 76, 0, 146, 96, 57, 

Нелінійність  = 96 

Алгебраїчний імунітет  = 3 

Дельта-рівномірність  = 12 

Лінійна збитковість = 0 



81, 58, 115, 165, 203, 83, 101, 243, 130, 166, 139, 172, 77, 181, 103, 137, 238, 112, 201, 9, 123, 124, 97, 78, 146, 239, 244, 208, 119, 107, 106, 202, 233, 41, 226, 11, 151, 45, 63, 249, 67, 189, 149, 72, 31, 198, 173, 54, 186, 95, 36, 131, 204, 114, 162, 192, 92, 159, 241, 187, 104, 70, 143, 84, 133, 234, 184, 237, 142, 42, 254, 195, 79, 157, 89, 69, 80, 145, 177, 205, 75, 33, 215, 90, 37, 46, 250, 74, 190, 0, 113, 140, 48, 158, 207, 121, 35, 191, 136, 155, 26, 183, 43, 224, 174, 57, 197, 160, 200, 99, 10, 38, 128, 34, 163, 154, 73, 122, 100, 22, 29, 12, 248, 134, 93, 196, 141, 102, 168, 235, 87, 66, 188, 65, 1, 213, 61, 228, 132, 51, 217, 252, 108, 110, 117, 118, 6, 222, 179, 170, 20, 18, 52, 16, 231, 164, 212, 209, 148, 25, 232, 129, 109, 152, 253, 219, 247, 64, 245, 138, 175, 44, 255, 59, 147, 251, 32, 82, 193, 182, 220, 96, 14, 27, 17, 23, 199, 185, 153, 180, 5, 169, 125, 156, 240, 19, 223, 150, 216, 24, 105, 13, 206, 21, 127, 229, 98, 94, 246, 56, 230, 111, 194, 49, 218, 120, 167, 30, 47, 7, 88, 50, 227, 135, 214, 53, 86, 68, 28, 210, 40, 178, 171, 2, 62, 60, 211, 4, 91, 116, 126, 15, 161, 225, 85, 176, 71, 55, 39, 3, 236, 242, 221, 144, 76, 8, 

Нелінійність  = 96 

Алгебраїчний імунітет  = 3 

Дельта-рівномірність  = 12 

Лінійна збитковість = 0 



Час виконання: 77.687000 секунд

Блок з необхідними параметрами знайдено

Кількість виконаних ітерацій = 4 
_______________________________________________________________________________________________
