
Початкове число ітерацій = 50
N = 10
PSO S-boxes:
99, 124, 119, 123, 242, 107, 111, 197, 48, 1, 103, 43, 254, 215, 171, 118, 202, 130, 201, 125, 250, 89, 71, 240, 173, 212, 162, 175, 156, 164, 114, 192, 183, 253, 147, 38, 54, 63, 247, 204, 52, 165, 229, 241, 113, 216, 49, 21, 4, 199, 35, 195, 24, 150, 5, 154, 7, 18, 128, 226, 235, 39, 178, 117, 9, 131, 44, 26, 27, 110, 90, 160, 82, 59, 214, 179, 41, 227, 47, 132, 83, 209, 0, 237, 32, 252, 177, 91, 106, 203, 190, 57, 74, 76, 88, 207, 208, 239, 170, 251, 67, 77, 51, 133, 69, 249, 2, 127, 80, 60, 159, 168, 81, 163, 64, 143, 146, 157, 56, 245, 188, 182, 218, 33, 16, 255, 243, 210, 205, 12, 19, 236, 95, 151, 68, 23, 196, 167, 126, 61, 100, 93, 25, 115, 96, 129, 79, 220, 34, 42, 144, 136, 70, 238, 184, 20, 222, 94, 11, 219, 224, 50, 58, 10, 73, 6, 36, 92, 194, 211, 172, 98, 145, 149, 228, 121, 231, 200, 55, 109, 141, 213, 78, 169, 108, 86, 244, 234, 101, 122, 174, 8, 186, 120, 37, 46, 28, 166, 180, 198, 232, 221, 116, 31, 75, 189, 139, 138, 112, 62, 181, 102, 72, 3, 246, 14, 97, 53, 87, 185, 134, 193, 29, 158, 225, 248, 152, 17, 105, 217, 142, 148, 155, 30, 135, 233, 206, 85, 40, 223, 140, 161, 137, 13, 191, 230, 66, 104, 65, 153, 45, 15, 176, 84, 187, 22, 

Нелінійність  = 112 

Алгебраїчний імунітет  = 2 

Дельта-рівномірність  = 4 

Лінійна збитковість = 255 



99, 124, 119, 123, 242, 107, 111, 197, 48, 1, 103, 43, 254, 215, 171, 118, 202, 130, 201, 125, 250, 89, 71, 240, 173, 212, 162, 175, 156, 164, 114, 192, 183, 253, 147, 38, 54, 63, 204, 247, 52, 165, 229, 241, 113, 216, 49, 21, 4, 199, 35, 195, 24, 150, 5, 154, 7, 18, 128, 226, 235, 39, 178, 117, 9, 131, 44, 26, 27, 110, 90, 160, 82, 59, 214, 179, 41, 227, 47, 132, 83, 209, 0, 237, 32, 252, 177, 91, 106, 203, 190, 57, 74, 76, 88, 207, 208, 239, 170, 251, 67, 77, 51, 133, 69, 249, 2, 127, 80, 60, 159, 168, 81, 163, 64, 143, 146, 157, 56, 245, 188, 182, 218, 33, 16, 255, 243, 210, 205, 12, 19, 236, 95, 151, 68, 23, 196, 167, 126, 61, 100, 93, 25, 115, 96, 129, 79, 220, 34, 42, 144, 136, 70, 238, 184, 20, 222, 94, 11, 219, 224, 50, 58, 10, 73, 6, 36, 92, 194, 211, 172, 98, 145, 149, 228, 121, 231, 200, 55, 109, 141, 213, 78, 169, 108, 86, 244, 234, 101, 122, 174, 8, 186, 120, 37, 46, 28, 166, 180, 198, 232, 221, 116, 31, 75, 189, 139, 138, 112, 62, 181, 102, 72, 3, 246, 14, 97, 53, 87, 185, 134, 193, 29, 158, 225, 248, 152, 17, 105, 217, 142, 148, 155, 30, 135, 233, 206, 85, 40, 223, 140, 161, 137, 13, 191, 230, 66, 104, 65, 153, 45, 15, 176, 84, 187, 22, 

Нелінійність  = 110 

Алгебраїчний імунітет  = 2 

Дельта-рівномірність  = 6 

Лінійна збитковість = 126 



99, 124, 119, 123, 242, 81, 57, 202, 48, 84, 103, 26, 254, 21, 171, 118, 197, 68, 201, 125, 250, 89, 34, 240, 173, 233, 162, 175, 156, 164, 114, 192, 191, 253, 230, 38, 54, 63, 218, 79, 52, 165, 229, 241, 113, 216, 49, 142, 209, 199, 35, 195, 24, 150, 5, 154, 7, 18, 128, 226, 235, 39, 178, 117, 146, 131, 44, 43, 27, 110, 90, 160, 82, 59, 214, 179, 41, 227, 47, 132, 83, 4, 0, 237, 32, 252, 177, 91, 106, 203, 190, 111, 74, 76, 88, 207, 208, 239, 170, 251, 67, 77, 51, 133, 69, 249, 2, 127, 80, 60, 159, 168, 107, 163, 64, 143, 180, 157, 56, 245, 188, 182, 122, 33, 16, 255, 243, 210, 205, 12, 19, 236, 95, 151, 130, 23, 196, 167, 126, 61, 100, 93, 25, 115, 96, 129, 9, 220, 71, 42, 144, 136, 70, 238, 184, 20, 222, 94, 11, 219, 224, 50, 58, 10, 73, 6, 36, 92, 194, 211, 172, 98, 145, 149, 228, 121, 231, 200, 55, 109, 141, 213, 78, 169, 108, 86, 244, 234, 101, 105, 174, 8, 186, 120, 37, 46, 28, 166, 45, 198, 232, 221, 116, 31, 75, 189, 139, 138, 112, 62, 181, 102, 72, 3, 246, 14, 97, 53, 87, 185, 134, 193, 29, 158, 225, 248, 152, 17, 183, 217, 215, 148, 155, 30, 135, 212, 206, 85, 40, 223, 140, 161, 137, 13, 204, 147, 66, 104, 65, 153, 247, 15, 176, 1, 187, 22, 

Нелінійність  = 102 

Алгебраїчний імунітет  = 3 

Дельта-рівномірність  = 10 

Лінійна збитковість = 0 



99, 124, 119, 123, 242, 107, 57, 201, 130, 1, 103, 43, 254, 72, 171, 112, 202, 48, 129, 125, 250, 89, 71, 240, 173, 212, 162, 21, 156, 44, 114, 192, 105, 253, 147, 38, 54, 31, 216, 236, 52, 187, 229, 249, 113, 122, 217, 175, 4, 199, 35, 195, 24, 150, 5, 154, 7, 18, 128, 226, 235, 39, 178, 117, 9, 131, 164, 26, 27, 110, 90, 160, 82, 59, 214, 179, 41, 227, 47, 132, 83, 209, 0, 237, 32, 252, 177, 91, 165, 203, 190, 111, 74, 76, 88, 207, 208, 239, 170, 251, 67, 77, 51, 133, 69, 241, 2, 127, 80, 60, 159, 168, 81, 163, 64, 143, 146, 157, 56, 245, 188, 182, 218, 33, 16, 255, 243, 210, 205, 12, 19, 230, 95, 151, 68, 23, 196, 167, 126, 61, 100, 93, 25, 115, 96, 197, 79, 220, 34, 42, 144, 136, 70, 238, 184, 20, 222, 94, 11, 219, 224, 50, 58, 10, 73, 6, 36, 92, 194, 211, 172, 98, 145, 149, 228, 121, 231, 200, 55, 109, 141, 213, 78, 169, 108, 86, 244, 234, 101, 116, 174, 8, 186, 120, 37, 46, 28, 166, 180, 198, 232, 221, 84, 63, 75, 189, 139, 138, 118, 62, 181, 102, 215, 3, 246, 14, 97, 53, 87, 185, 134, 193, 29, 158, 225, 248, 152, 17, 183, 49, 142, 148, 155, 30, 135, 233, 206, 85, 40, 223, 140, 161, 137, 13, 191, 204, 66, 104, 65, 153, 45, 15, 176, 22, 106, 247, 

Нелінійність  = 100 

Алгебраїчний імунітет  = 3 

Дельта-рівномірність  = 8 

Лінійна збитковість = 0 



99, 124, 119, 123, 242, 107, 111, 202, 80, 1, 103, 43, 254, 215, 171, 118, 197, 235, 201, 92, 250, 89, 71, 240, 173, 212, 224, 175, 156, 164, 114, 192, 183, 253, 48, 38, 54, 16, 63, 19, 52, 165, 229, 241, 113, 216, 49, 142, 145, 199, 35, 195, 24, 150, 5, 154, 7, 18, 128, 226, 130, 39, 178, 117, 9, 131, 44, 26, 27, 110, 90, 160, 82, 59, 214, 179, 41, 227, 47, 132, 83, 209, 0, 237, 32, 252, 177, 91, 106, 203, 190, 57, 74, 76, 88, 207, 208, 239, 170, 251, 67, 77, 51, 133, 69, 249, 2, 127, 147, 60, 159, 168, 81, 163, 64, 143, 146, 157, 56, 245, 188, 182, 218, 33, 181, 255, 243, 210, 205, 12, 213, 236, 95, 151, 68, 23, 196, 167, 126, 61, 100, 93, 25, 115, 96, 129, 79, 220, 34, 42, 144, 136, 70, 238, 184, 20, 222, 94, 11, 219, 204, 50, 58, 10, 73, 6, 36, 125, 194, 211, 172, 98, 4, 149, 228, 121, 231, 200, 55, 109, 141, 62, 78, 169, 108, 86, 244, 234, 101, 122, 174, 8, 186, 120, 37, 46, 28, 166, 180, 198, 232, 221, 116, 31, 75, 189, 139, 138, 112, 233, 14, 102, 72, 3, 246, 161, 97, 53, 87, 185, 134, 193, 29, 158, 225, 248, 152, 17, 105, 217, 21, 148, 155, 30, 135, 65, 206, 85, 40, 223, 140, 15, 137, 13, 191, 230, 66, 104, 153, 187, 45, 162, 176, 84, 22, 247, 

Нелінійність  = 100 

Алгебраїчний імунітет  = 3 

Дельта-рівномірність  = 10 

Лінійна збитковість = 0 



124, 43, 223, 49, 76, 148, 91, 232, 65, 155, 213, 171, 229, 234, 185, 126, 253, 75, 27, 144, 33, 142, 55, 237, 143, 125, 72, 243, 202, 96, 191, 197, 225, 80, 178, 120, 90, 194, 103, 87, 242, 174, 128, 217, 209, 16, 200, 192, 123, 130, 11, 196, 150, 212, 182, 28, 42, 6, 249, 149, 30, 68, 57, 231, 29, 110, 172, 215, 146, 132, 203, 168, 20, 85, 218, 169, 254, 184, 32, 1, 164, 60, 220, 163, 67, 183, 193, 53, 211, 56, 36, 77, 139, 51, 10, 118, 116, 45, 31, 24, 83, 39, 44, 239, 62, 95, 34, 48, 112, 151, 166, 15, 66, 175, 105, 177, 18, 117, 235, 156, 206, 159, 160, 241, 119, 250, 106, 188, 7, 13, 226, 136, 141, 162, 109, 5, 176, 73, 12, 52, 251, 104, 22, 64, 79, 86, 181, 82, 161, 247, 70, 46, 224, 233, 99, 122, 227, 41, 214, 158, 100, 38, 94, 93, 154, 61, 240, 81, 186, 0, 205, 74, 59, 238, 54, 138, 165, 198, 207, 89, 63, 17, 208, 244, 47, 199, 26, 246, 88, 121, 2, 19, 216, 222, 107, 14, 236, 25, 140, 204, 9, 190, 131, 157, 147, 195, 35, 170, 228, 187, 3, 210, 101, 127, 189, 98, 173, 58, 21, 133, 69, 102, 71, 40, 135, 180, 111, 97, 167, 230, 115, 201, 4, 255, 129, 252, 92, 221, 113, 50, 8, 134, 245, 153, 37, 179, 145, 219, 248, 23, 152, 84, 137, 108, 78, 114, 

Нелінійність  = 96 

Алгебраїчний імунітет  = 3 

Дельта-рівномірність  = 10 

Лінійна збитковість = 0 



122, 255, 133, 125, 241, 204, 218, 33, 145, 215, 1, 159, 200, 190, 76, 48, 211, 184, 178, 61, 68, 8, 172, 118, 222, 154, 84, 210, 193, 56, 105, 175, 127, 249, 53, 96, 207, 185, 247, 187, 34, 134, 35, 183, 129, 194, 166, 243, 179, 65, 46, 36, 81, 208, 192, 69, 113, 117, 149, 225, 83, 39, 132, 197, 90, 5, 119, 102, 167, 80, 253, 37, 18, 23, 6, 73, 77, 22, 227, 99, 108, 124, 63, 32, 94, 251, 97, 100, 11, 147, 162, 19, 0, 242, 152, 24, 245, 109, 173, 72, 177, 223, 51, 38, 135, 216, 142, 40, 202, 57, 75, 201, 199, 74, 236, 31, 136, 47, 110, 168, 219, 21, 114, 87, 244, 181, 254, 64, 146, 188, 2, 92, 42, 121, 186, 155, 115, 16, 9, 198, 232, 25, 66, 41, 174, 176, 62, 13, 189, 49, 101, 111, 137, 164, 230, 248, 98, 148, 156, 91, 220, 10, 59, 67, 214, 52, 7, 79, 126, 107, 213, 45, 93, 191, 171, 224, 206, 85, 158, 50, 238, 29, 106, 252, 229, 195, 180, 112, 240, 95, 234, 153, 237, 104, 26, 20, 239, 58, 89, 71, 70, 88, 169, 143, 161, 139, 203, 228, 123, 233, 120, 196, 27, 163, 205, 246, 151, 130, 128, 165, 60, 30, 209, 212, 141, 250, 157, 226, 4, 140, 217, 116, 170, 54, 103, 15, 235, 12, 182, 43, 150, 221, 14, 231, 17, 3, 138, 55, 78, 44, 86, 160, 28, 144, 131, 82, 

Нелінійність  = 96 

Алгебраїчний імунітет  = 3 

Дельта-рівномірність  = 14 

Лінійна збитковість = 0 



147, 132, 216, 77, 136, 185, 152, 177, 87, 182, 148, 61, 224, 221, 156, 105, 7, 135, 84, 121, 64, 102, 113, 207, 193, 142, 252, 254, 164, 93, 162, 191, 196, 141, 143, 22, 145, 205, 155, 125, 170, 163, 114, 211, 74, 82, 179, 215, 29, 120, 49, 158, 146, 231, 194, 51, 83, 62, 237, 172, 104, 58, 89, 213, 69, 85, 186, 202, 166, 117, 42, 134, 26, 67, 38, 63, 53, 88, 111, 40, 144, 92, 160, 9, 97, 208, 167, 71, 149, 95, 34, 60, 175, 130, 81, 103, 140, 8, 239, 59, 48, 119, 47, 23, 108, 131, 25, 54, 86, 118, 123, 112, 128, 171, 242, 151, 232, 41, 249, 168, 234, 126, 154, 183, 169, 233, 184, 91, 246, 33, 107, 197, 115, 247, 180, 72, 199, 68, 6, 206, 2, 18, 36, 245, 176, 116, 217, 78, 52, 229, 3, 255, 94, 227, 198, 192, 243, 100, 55, 15, 14, 32, 241, 226, 190, 203, 43, 19, 4, 99, 165, 235, 178, 106, 218, 240, 139, 200, 96, 66, 129, 27, 195, 181, 222, 189, 73, 253, 157, 250, 127, 79, 212, 1, 80, 46, 244, 150, 31, 161, 57, 39, 228, 76, 5, 12, 153, 50, 225, 201, 35, 122, 124, 20, 90, 75, 248, 174, 110, 173, 10, 101, 236, 219, 16, 137, 45, 187, 21, 251, 11, 13, 188, 56, 24, 138, 204, 209, 210, 214, 238, 109, 28, 159, 220, 133, 230, 44, 98, 65, 17, 0, 223, 30, 70, 37, 

Нелінійність  = 96 

Алгебраїчний імунітет  = 3 

Дельта-рівномірність  = 10 

Лінійна збитковість = 0 



26, 192, 162, 106, 149, 99, 111, 102, 173, 127, 204, 88, 182, 133, 131, 57, 128, 116, 74, 96, 68, 2, 234, 242, 181, 80, 137, 144, 244, 69, 201, 198, 193, 222, 211, 29, 143, 104, 51, 55, 210, 187, 65, 175, 22, 123, 155, 208, 93, 53, 188, 126, 140, 157, 136, 227, 86, 64, 32, 76, 71, 160, 79, 130, 237, 84, 195, 134, 107, 82, 39, 142, 146, 236, 135, 89, 34, 177, 248, 77, 56, 209, 228, 87, 125, 58, 158, 38, 255, 197, 81, 240, 62, 97, 41, 207, 184, 85, 203, 91, 114, 108, 139, 120, 178, 141, 98, 18, 148, 129, 183, 164, 172, 101, 9, 19, 186, 60, 180, 103, 49, 218, 63, 253, 92, 154, 229, 46, 5, 78, 105, 159, 250, 115, 110, 100, 121, 6, 83, 72, 156, 202, 152, 42, 8, 73, 219, 122, 223, 215, 20, 251, 217, 36, 196, 249, 3, 254, 44, 169, 194, 17, 54, 165, 52, 179, 189, 232, 151, 167, 70, 252, 147, 75, 16, 95, 230, 190, 170, 238, 43, 239, 35, 113, 199, 109, 206, 94, 200, 21, 224, 61, 124, 241, 246, 13, 221, 166, 145, 28, 226, 117, 168, 220, 243, 150, 37, 153, 33, 90, 23, 174, 191, 4, 231, 112, 30, 66, 14, 216, 15, 119, 161, 132, 7, 205, 225, 10, 31, 171, 40, 247, 47, 176, 138, 25, 50, 45, 185, 11, 67, 12, 118, 163, 212, 235, 0, 245, 214, 27, 59, 48, 233, 24, 213, 1, 

Нелінійність  = 96 

Алгебраїчний імунітет  = 3 

Дельта-рівномірність  = 12 

Лінійна збитковість = 0 



30, 168, 219, 34, 223, 214, 156, 109, 167, 104, 178, 41, 144, 218, 229, 118, 71, 92, 51, 76, 107, 252, 248, 185, 72, 181, 132, 236, 221, 69, 159, 150, 246, 103, 29, 172, 17, 83, 58, 149, 188, 119, 101, 131, 39, 113, 127, 187, 145, 135, 96, 208, 233, 117, 87, 133, 215, 105, 37, 81, 89, 128, 79, 27, 190, 161, 152, 224, 56, 173, 97, 120, 146, 232, 202, 174, 183, 216, 255, 40, 25, 22, 189, 77, 122, 213, 55, 166, 136, 137, 93, 253, 243, 171, 2, 48, 164, 66, 204, 62, 182, 234, 65, 15, 165, 228, 102, 33, 170, 57, 106, 177, 193, 112, 201, 46, 10, 247, 231, 44, 179, 199, 73, 155, 88, 4, 210, 91, 241, 64, 169, 123, 245, 142, 35, 18, 94, 191, 36, 147, 54, 249, 217, 50, 184, 195, 68, 45, 197, 192, 227, 163, 207, 12, 160, 86, 90, 242, 175, 196, 238, 115, 244, 206, 67, 239, 85, 100, 95, 251, 70, 31, 111, 116, 205, 154, 254, 209, 0, 114, 176, 203, 7, 32, 237, 235, 153, 143, 157, 21, 126, 130, 74, 9, 75, 5, 108, 124, 53, 110, 59, 226, 98, 211, 14, 6, 20, 49, 200, 250, 23, 222, 225, 148, 220, 186, 80, 198, 162, 24, 99, 82, 139, 140, 19, 158, 121, 151, 129, 52, 63, 84, 13, 38, 78, 134, 194, 230, 42, 16, 11, 1, 141, 43, 3, 26, 60, 180, 8, 240, 61, 212, 138, 47, 28, 125, 

Нелінійність  = 96 

Алгебраїчний імунітет  = 3 

Дельта-рівномірність  = 12 

Лінійна збитковість = 0 



Час виконання: 66.634000 секунд

Блок з необхідними параметрами знайдено

Кількість виконаних ітерацій = 4 
_______________________________________________________________________________________________
