
Початкове число ітерацій = 150
N = 20
PSO S-boxes:
99, 124, 119, 123, 242, 107, 111, 197, 48, 1, 103, 43, 254, 215, 171, 118, 202, 130, 201, 125, 250, 89, 71, 240, 173, 212, 162, 175, 156, 164, 114, 192, 183, 253, 147, 38, 54, 63, 247, 204, 52, 165, 229, 241, 113, 216, 49, 21, 4, 199, 35, 195, 24, 150, 5, 154, 7, 18, 128, 226, 235, 39, 178, 117, 9, 131, 44, 26, 27, 110, 90, 160, 82, 59, 214, 179, 41, 227, 47, 132, 83, 209, 0, 237, 32, 252, 177, 91, 106, 203, 190, 57, 74, 76, 88, 207, 208, 239, 170, 251, 67, 77, 51, 133, 69, 249, 2, 127, 80, 60, 159, 168, 81, 163, 64, 143, 146, 157, 56, 245, 188, 182, 218, 33, 16, 255, 243, 210, 205, 12, 19, 236, 95, 151, 68, 23, 196, 167, 126, 61, 100, 93, 25, 115, 96, 129, 79, 220, 34, 42, 144, 136, 70, 238, 184, 20, 222, 94, 11, 219, 224, 50, 58, 10, 73, 6, 36, 92, 194, 211, 172, 98, 145, 149, 228, 121, 231, 200, 55, 109, 141, 213, 78, 169, 108, 86, 244, 234, 101, 122, 174, 8, 186, 120, 37, 46, 28, 166, 180, 198, 232, 221, 116, 31, 75, 189, 139, 138, 112, 62, 181, 102, 72, 3, 246, 14, 97, 53, 87, 185, 134, 193, 29, 158, 225, 248, 152, 17, 105, 217, 142, 148, 155, 30, 135, 233, 206, 85, 40, 223, 140, 161, 137, 13, 191, 230, 66, 104, 65, 153, 45, 15, 176, 84, 187, 22, 

Нелінійність  = 112 

Алгебраїчний імунітет  = 2 

Дельта-рівномірність  = 4 

Лінійна збитковість = 255 



99, 124, 119, 123, 242, 107, 111, 197, 48, 1, 103, 43, 254, 215, 171, 118, 202, 130, 201, 125, 250, 89, 71, 240, 173, 212, 162, 175, 156, 164, 114, 192, 183, 253, 147, 38, 54, 63, 204, 247, 52, 165, 229, 241, 113, 216, 49, 21, 4, 199, 35, 195, 24, 150, 5, 154, 7, 18, 128, 226, 235, 39, 178, 117, 9, 131, 44, 26, 27, 110, 90, 160, 82, 59, 214, 179, 41, 227, 47, 132, 83, 209, 0, 237, 32, 252, 177, 91, 106, 203, 190, 57, 74, 76, 88, 207, 208, 239, 170, 251, 67, 77, 51, 133, 69, 249, 2, 127, 80, 60, 159, 168, 81, 163, 64, 143, 146, 157, 56, 245, 188, 182, 218, 33, 16, 255, 243, 210, 205, 12, 19, 236, 95, 151, 68, 23, 196, 167, 126, 61, 100, 93, 25, 115, 96, 129, 79, 220, 34, 42, 144, 136, 70, 238, 184, 20, 222, 94, 11, 219, 224, 50, 58, 10, 73, 6, 36, 92, 194, 211, 172, 98, 145, 149, 228, 121, 231, 200, 55, 109, 141, 213, 78, 169, 108, 86, 244, 234, 101, 122, 174, 8, 186, 120, 37, 46, 28, 166, 180, 198, 232, 221, 116, 31, 75, 189, 139, 138, 112, 62, 181, 102, 72, 3, 246, 14, 97, 53, 87, 185, 134, 193, 29, 158, 225, 248, 152, 17, 105, 217, 142, 148, 155, 30, 135, 233, 206, 85, 40, 223, 140, 161, 137, 13, 191, 230, 66, 104, 65, 153, 45, 15, 176, 84, 187, 22, 

Нелінійність  = 110 

Алгебраїчний імунітет  = 2 

Дельта-рівномірність  = 6 

Лінійна збитковість = 126 



99, 124, 119, 123, 242, 107, 111, 202, 80, 1, 103, 43, 254, 215, 171, 118, 197, 235, 201, 92, 250, 89, 71, 240, 173, 212, 224, 175, 156, 164, 114, 192, 183, 253, 48, 38, 54, 5, 63, 19, 52, 165, 229, 241, 113, 216, 49, 142, 145, 199, 35, 195, 24, 150, 198, 154, 7, 18, 128, 226, 130, 39, 178, 117, 9, 131, 44, 26, 27, 110, 90, 160, 82, 59, 214, 179, 41, 227, 47, 132, 83, 209, 0, 237, 32, 252, 177, 91, 106, 203, 190, 57, 74, 76, 88, 207, 208, 239, 170, 251, 67, 77, 51, 133, 69, 249, 2, 127, 147, 60, 159, 168, 81, 163, 64, 143, 146, 157, 56, 245, 188, 182, 218, 33, 16, 255, 243, 210, 205, 12, 219, 236, 95, 151, 68, 23, 196, 167, 126, 61, 100, 93, 25, 115, 96, 129, 79, 220, 34, 42, 144, 136, 70, 238, 184, 20, 222, 94, 11, 102, 247, 50, 58, 10, 73, 6, 36, 125, 194, 211, 172, 98, 4, 149, 228, 121, 231, 200, 55, 109, 141, 213, 78, 169, 108, 86, 244, 234, 101, 122, 174, 8, 186, 120, 37, 46, 28, 166, 180, 13, 232, 221, 116, 31, 75, 189, 139, 138, 112, 62, 181, 187, 72, 3, 246, 14, 97, 53, 87, 185, 134, 193, 29, 158, 225, 248, 152, 17, 105, 217, 21, 148, 155, 30, 135, 233, 206, 85, 40, 223, 140, 161, 137, 66, 191, 230, 153, 104, 65, 15, 45, 162, 176, 84, 204, 22, 

Нелінійність  = 102 

Алгебраїчний імунітет  = 2 

Дельта-рівномірність  = 8 

Лінійна збитковість = 0 



111, 124, 119, 123, 42, 107, 36, 197, 48, 121, 195, 43, 254, 1, 77, 118, 202, 130, 201, 89, 250, 125, 71, 240, 173, 212, 162, 175, 156, 164, 102, 192, 183, 253, 147, 38, 54, 63, 154, 228, 52, 165, 229, 241, 113, 216, 217, 21, 187, 199, 35, 97, 24, 150, 5, 14, 7, 18, 128, 226, 235, 39, 178, 117, 9, 131, 44, 26, 27, 110, 90, 160, 82, 59, 214, 179, 41, 227, 47, 132, 83, 209, 0, 237, 32, 252, 177, 91, 106, 203, 190, 57, 74, 76, 88, 207, 208, 239, 170, 251, 67, 171, 51, 133, 69, 249, 2, 127, 80, 60, 159, 168, 81, 163, 64, 143, 146, 157, 56, 245, 188, 182, 218, 33, 16, 255, 243, 210, 205, 12, 19, 236, 95, 151, 68, 23, 196, 167, 126, 61, 100, 93, 25, 115, 96, 129, 79, 220, 34, 242, 144, 136, 70, 238, 184, 20, 222, 94, 11, 219, 224, 50, 58, 10, 73, 6, 99, 92, 194, 211, 172, 98, 145, 149, 66, 215, 231, 200, 55, 109, 141, 213, 78, 169, 108, 86, 244, 234, 101, 122, 174, 8, 186, 120, 37, 46, 28, 166, 180, 198, 232, 221, 116, 31, 75, 189, 139, 138, 112, 62, 181, 114, 72, 3, 246, 155, 103, 53, 87, 185, 134, 193, 29, 158, 225, 248, 152, 17, 105, 49, 142, 148, 247, 30, 135, 233, 206, 85, 40, 223, 140, 161, 137, 13, 191, 230, 4, 104, 65, 153, 45, 15, 176, 84, 22, 204, 

Нелінійність  = 102 

Алгебраїчний імунітет  = 2 

Дельта-рівномірність  = 10 

Лінійна збитковість = 0 



99, 124, 119, 123, 242, 147, 57, 197, 48, 1, 103, 43, 254, 72, 77, 186, 202, 130, 201, 75, 250, 89, 71, 240, 173, 233, 162, 175, 156, 94, 188, 192, 183, 253, 107, 38, 54, 163, 219, 241, 52, 165, 229, 24, 110, 216, 49, 21, 4, 199, 35, 195, 88, 150, 5, 154, 7, 18, 128, 226, 235, 39, 178, 117, 9, 131, 44, 26, 27, 113, 90, 160, 82, 59, 214, 179, 41, 227, 47, 132, 83, 209, 0, 237, 215, 252, 177, 91, 106, 203, 190, 111, 74, 76, 204, 207, 208, 239, 170, 251, 67, 105, 51, 133, 69, 249, 2, 127, 80, 60, 159, 168, 81, 63, 64, 143, 146, 157, 56, 245, 114, 182, 218, 33, 16, 255, 243, 210, 205, 12, 19, 236, 95, 151, 68, 23, 196, 167, 126, 61, 100, 93, 25, 115, 212, 129, 79, 220, 34, 42, 144, 136, 70, 238, 184, 20, 222, 164, 11, 116, 224, 50, 58, 10, 73, 6, 36, 92, 194, 211, 172, 98, 145, 149, 228, 121, 231, 200, 55, 109, 141, 213, 78, 169, 108, 86, 244, 234, 101, 122, 174, 8, 118, 120, 37, 46, 28, 166, 180, 198, 232, 221, 135, 31, 125, 189, 139, 138, 112, 62, 181, 102, 32, 3, 246, 14, 97, 53, 87, 185, 134, 193, 29, 158, 225, 248, 152, 17, 171, 217, 142, 148, 155, 30, 137, 96, 206, 85, 40, 223, 140, 161, 84, 13, 191, 230, 66, 104, 65, 153, 45, 15, 176, 187, 22, 247, 

Нелінійність  = 102 

Алгебраїчний імунітет  = 3 

Дельта-рівномірність  = 8 

Лінійна збитковість = 0 



99, 124, 119, 123, 242, 107, 57, 201, 130, 1, 103, 43, 254, 72, 171, 112, 202, 48, 129, 125, 250, 89, 71, 240, 173, 212, 162, 21, 156, 44, 114, 192, 105, 253, 147, 38, 54, 31, 11, 185, 52, 187, 229, 249, 113, 216, 217, 175, 4, 199, 35, 195, 24, 150, 5, 154, 7, 18, 128, 226, 235, 39, 178, 117, 9, 131, 164, 26, 27, 110, 90, 160, 82, 59, 214, 179, 41, 227, 47, 132, 83, 209, 0, 237, 32, 252, 177, 91, 165, 203, 190, 111, 74, 76, 88, 207, 208, 239, 170, 251, 67, 77, 51, 133, 69, 241, 2, 127, 80, 60, 159, 168, 81, 163, 64, 143, 146, 157, 56, 245, 188, 182, 218, 33, 16, 255, 243, 210, 205, 12, 19, 236, 95, 151, 68, 23, 196, 167, 126, 61, 100, 93, 25, 115, 96, 197, 79, 220, 34, 42, 144, 136, 70, 238, 184, 20, 222, 94, 166, 219, 224, 50, 58, 10, 73, 6, 36, 92, 194, 211, 172, 98, 145, 149, 228, 121, 231, 200, 55, 109, 141, 213, 78, 169, 108, 86, 244, 234, 101, 122, 174, 8, 186, 120, 37, 46, 28, 248, 180, 198, 232, 221, 116, 63, 75, 189, 139, 138, 118, 62, 181, 102, 215, 3, 246, 14, 97, 53, 87, 134, 204, 193, 29, 158, 225, 153, 152, 17, 183, 49, 142, 148, 155, 30, 135, 233, 206, 85, 40, 223, 140, 161, 137, 13, 191, 230, 66, 104, 65, 84, 45, 15, 176, 247, 106, 22, 

Нелінійність  = 100 

Алгебраїчний імунітет  = 3 

Дельта-рівномірність  = 8 

Лінійна збитковість = 0 



99, 124, 119, 123, 242, 81, 57, 202, 48, 84, 103, 26, 254, 21, 171, 118, 197, 68, 201, 125, 250, 89, 34, 240, 173, 233, 162, 175, 156, 164, 114, 192, 105, 253, 230, 38, 54, 63, 12, 79, 52, 165, 229, 241, 113, 216, 49, 142, 209, 199, 35, 195, 24, 150, 5, 154, 7, 18, 128, 226, 235, 39, 178, 117, 9, 131, 44, 43, 27, 110, 90, 160, 82, 59, 214, 179, 41, 227, 47, 132, 83, 4, 0, 237, 32, 252, 177, 91, 106, 203, 190, 111, 74, 76, 88, 207, 208, 239, 170, 251, 67, 77, 51, 133, 69, 249, 2, 127, 80, 60, 159, 168, 107, 163, 64, 143, 146, 157, 56, 245, 188, 182, 218, 33, 16, 255, 243, 210, 205, 204, 19, 236, 95, 151, 130, 23, 196, 167, 126, 61, 100, 93, 25, 115, 96, 129, 187, 220, 71, 42, 144, 136, 70, 238, 184, 20, 222, 94, 11, 219, 224, 50, 58, 10, 73, 6, 36, 92, 194, 211, 172, 98, 145, 149, 228, 121, 231, 200, 55, 109, 141, 213, 78, 169, 108, 86, 244, 234, 101, 122, 174, 8, 186, 120, 37, 46, 28, 166, 180, 198, 232, 221, 116, 31, 75, 189, 139, 138, 112, 62, 181, 102, 72, 3, 246, 14, 97, 53, 87, 185, 134, 193, 29, 158, 225, 248, 152, 17, 183, 217, 215, 148, 155, 30, 135, 212, 206, 85, 40, 223, 140, 161, 137, 13, 191, 147, 66, 104, 65, 153, 45, 15, 176, 1, 22, 247, 

Нелінійність  = 100 

Алгебраїчний імунітет  = 2 

Дельта-рівномірність  = 8 

Лінійна збитковість = 0 



122, 124, 119, 123, 242, 107, 36, 197, 48, 1, 103, 66, 254, 215, 171, 186, 62, 130, 201, 125, 250, 89, 221, 240, 173, 212, 162, 175, 133, 164, 114, 192, 183, 253, 147, 38, 54, 63, 134, 255, 52, 165, 229, 141, 113, 4, 49, 21, 216, 199, 35, 195, 24, 150, 5, 154, 7, 18, 128, 226, 235, 39, 178, 117, 9, 131, 44, 26, 27, 110, 90, 160, 82, 59, 214, 179, 41, 227, 47, 132, 83, 209, 0, 237, 32, 252, 177, 91, 106, 203, 190, 57, 74, 76, 88, 207, 208, 239, 170, 251, 67, 77, 51, 156, 69, 249, 2, 127, 80, 60, 159, 168, 81, 163, 64, 143, 146, 157, 56, 245, 188, 182, 218, 33, 16, 136, 243, 210, 205, 12, 19, 236, 95, 151, 68, 23, 196, 167, 126, 61, 100, 93, 25, 115, 96, 129, 231, 220, 34, 42, 144, 155, 70, 238, 184, 20, 222, 94, 11, 219, 224, 50, 58, 10, 73, 6, 111, 92, 194, 211, 172, 98, 145, 149, 228, 121, 8, 200, 55, 109, 241, 213, 78, 169, 108, 86, 244, 234, 101, 99, 174, 30, 118, 120, 37, 46, 28, 166, 180, 198, 232, 71, 116, 31, 75, 189, 139, 138, 112, 202, 181, 102, 72, 3, 246, 14, 97, 53, 87, 185, 79, 193, 29, 158, 225, 248, 152, 17, 105, 217, 142, 148, 43, 176, 135, 233, 206, 85, 40, 223, 140, 161, 137, 13, 191, 230, 22, 104, 65, 153, 45, 15, 247, 84, 187, 204, 

Нелінійність  = 100 

Алгебраїчний імунітет  = 2 

Дельта-рівномірність  = 10 

Лінійна збитковість = 0 



99, 124, 119, 207, 242, 107, 57, 197, 192, 1, 103, 249, 254, 215, 126, 118, 202, 68, 201, 75, 250, 89, 71, 240, 173, 212, 162, 175, 156, 164, 102, 48, 178, 253, 147, 151, 234, 63, 248, 245, 52, 10, 229, 241, 113, 183, 217, 21, 4, 199, 35, 195, 24, 150, 5, 154, 7, 18, 128, 226, 235, 39, 216, 117, 9, 131, 44, 26, 27, 110, 90, 160, 82, 59, 214, 179, 41, 227, 47, 132, 83, 209, 0, 237, 32, 252, 177, 91, 106, 203, 190, 111, 74, 76, 88, 123, 208, 239, 170, 251, 67, 77, 51, 133, 69, 43, 2, 127, 80, 60, 159, 168, 81, 163, 64, 143, 146, 157, 56, 73, 188, 182, 218, 33, 16, 255, 243, 210, 205, 12, 19, 236, 95, 38, 130, 23, 196, 167, 171, 61, 100, 93, 25, 115, 96, 129, 79, 220, 34, 42, 144, 136, 70, 238, 184, 20, 222, 94, 11, 219, 224, 50, 58, 165, 211, 6, 36, 92, 194, 223, 172, 98, 145, 149, 228, 121, 231, 200, 55, 109, 141, 213, 78, 169, 108, 86, 244, 54, 101, 122, 174, 8, 186, 120, 37, 46, 28, 166, 180, 198, 232, 221, 116, 31, 125, 189, 139, 138, 112, 62, 181, 114, 72, 3, 246, 14, 97, 53, 87, 185, 134, 193, 29, 158, 225, 204, 152, 17, 105, 49, 142, 148, 155, 30, 135, 233, 206, 85, 40, 247, 140, 161, 137, 13, 191, 230, 66, 104, 65, 153, 45, 15, 176, 84, 187, 22, 

Нелінійність  = 100 

Алгебраїчний імунітет  = 3 

Дельта-рівномірність  = 8 

Лінійна збитковість = 0 



100, 125, 120, 124, 243, 108, 112, 199, 56, 2, 104, 44, 255, 216, 172, 119, 78, 156, 202, 173, 251, 90, 72, 241, 174, 213, 178, 176, 157, 165, 115, 193, 184, 254, 131, 39, 55, 57, 220, 18, 53, 166, 230, 242, 114, 217, 50, 51, 145, 200, 36, 196, 25, 151, 52, 155, 8, 19, 129, 227, 3, 40, 179, 118, 10, 132, 45, 27, 28, 111, 91, 161, 83, 60, 215, 180, 42, 228, 48, 133, 84, 210, 1, 238, 33, 253, 188, 92, 107, 204, 191, 58, 75, 77, 89, 208, 209, 240, 171, 252, 68, 146, 149, 134, 70, 250, 197, 128, 96, 61, 160, 169, 82, 164, 65, 144, 147, 158, 62, 246, 189, 183, 219, 34, 17, 0, 244, 211, 206, 13, 66, 237, 226, 152, 69, 24, 41, 168, 127, 76, 101, 94, 26, 116, 97, 130, 80, 221, 35, 43, 198, 137, 71, 239, 185, 21, 223, 95, 12, 9, 81, 175, 59, 11, 74, 7, 37, 126, 195, 212, 214, 99, 162, 150, 229, 122, 232, 201, 4, 110, 142, 248, 79, 170, 109, 87, 245, 235, 102, 123, 222, 181, 187, 121, 38, 47, 29, 167, 218, 203, 233, 192, 117, 32, 93, 190, 140, 139, 113, 63, 182, 163, 73, 236, 247, 15, 98, 54, 88, 186, 135, 194, 30, 159, 23, 249, 153, 234, 106, 143, 141, 5, 16, 31, 136, 14, 207, 86, 148, 224, 105, 49, 138, 205, 20, 231, 67, 103, 64, 177, 46, 22, 154, 85, 225, 6, 

Нелінійність  = 98 

Алгебраїчний імунітет  = 3 

Дельта-рівномірність  = 10 

Лінійна збитковість = 0 



118, 23, 211, 58, 95, 83, 157, 66, 176, 88, 22, 120, 171, 154, 244, 147, 89, 179, 167, 131, 96, 212, 178, 227, 20, 219, 151, 123, 60, 136, 246, 133, 107, 63, 145, 78, 73, 137, 142, 2, 30, 84, 43, 214, 241, 191, 109, 48, 51, 186, 6, 153, 210, 59, 221, 55, 46, 80, 141, 27, 204, 231, 86, 72, 198, 65, 26, 207, 201, 44, 67, 183, 218, 248, 182, 9, 194, 126, 159, 41, 24, 94, 56, 135, 199, 18, 104, 206, 189, 139, 165, 249, 52, 166, 61, 164, 4, 28, 49, 103, 180, 192, 114, 85, 250, 50, 122, 32, 93, 138, 238, 197, 233, 111, 54, 230, 10, 8, 190, 193, 98, 236, 160, 39, 234, 62, 11, 29, 19, 25, 150, 127, 21, 188, 184, 132, 220, 226, 148, 242, 229, 213, 225, 116, 77, 110, 101, 36, 13, 173, 128, 14, 143, 203, 205, 92, 217, 155, 35, 115, 91, 228, 162, 53, 76, 33, 170, 40, 161, 202, 69, 1, 144, 251, 208, 181, 64, 169, 222, 232, 100, 247, 108, 47, 172, 17, 174, 140, 240, 124, 237, 3, 209, 5, 195, 90, 74, 99, 168, 243, 253, 134, 82, 163, 105, 97, 239, 187, 185, 7, 125, 149, 70, 235, 121, 255, 45, 113, 196, 245, 117, 224, 16, 254, 37, 129, 119, 106, 158, 112, 15, 38, 175, 42, 200, 130, 156, 146, 12, 252, 68, 34, 71, 57, 102, 79, 0, 223, 216, 215, 87, 152, 75, 177, 81, 31, 

Нелінійність  = 96 

Алгебраїчний імунітет  = 3 

Дельта-рівномірність  = 12 

Лінійна збитковість = 0 



118, 23, 211, 58, 95, 83, 157, 66, 176, 88, 22, 120, 171, 154, 244, 147, 89, 179, 167, 131, 96, 212, 178, 227, 20, 219, 151, 123, 60, 136, 246, 133, 107, 63, 145, 78, 73, 137, 142, 2, 30, 84, 43, 214, 241, 191, 109, 48, 51, 186, 6, 153, 210, 59, 221, 55, 46, 80, 141, 27, 204, 231, 86, 72, 198, 65, 26, 207, 201, 44, 67, 183, 218, 248, 182, 9, 194, 126, 159, 41, 24, 94, 56, 135, 199, 18, 104, 206, 189, 139, 165, 249, 52, 166, 61, 164, 4, 28, 49, 103, 180, 192, 114, 85, 250, 50, 122, 32, 93, 138, 238, 197, 233, 111, 54, 230, 10, 8, 190, 193, 98, 236, 160, 39, 234, 62, 11, 29, 19, 25, 150, 127, 21, 188, 184, 132, 220, 226, 148, 242, 229, 213, 225, 116, 77, 110, 101, 36, 13, 173, 128, 14, 143, 203, 205, 92, 217, 155, 35, 115, 91, 228, 162, 53, 76, 33, 170, 40, 161, 202, 69, 1, 144, 251, 208, 181, 64, 169, 222, 232, 100, 247, 108, 47, 172, 17, 174, 140, 240, 124, 237, 3, 209, 5, 195, 90, 74, 99, 168, 243, 253, 134, 82, 163, 105, 97, 239, 187, 185, 7, 125, 149, 70, 235, 121, 255, 45, 113, 196, 245, 117, 224, 16, 254, 37, 129, 119, 106, 158, 112, 15, 38, 175, 42, 200, 130, 156, 146, 12, 252, 68, 34, 71, 57, 102, 79, 0, 223, 216, 215, 87, 152, 75, 177, 81, 31, 

Нелінійність  = 96 

Алгебраїчний імунітет  = 3 

Дельта-рівномірність  = 12 

Лінійна збитковість = 0 



122, 255, 133, 125, 241, 204, 218, 33, 145, 215, 1, 159, 200, 190, 76, 48, 211, 184, 178, 61, 68, 8, 172, 118, 222, 154, 84, 210, 193, 56, 105, 175, 127, 249, 53, 96, 207, 185, 247, 187, 34, 134, 35, 183, 129, 194, 166, 243, 179, 65, 46, 36, 81, 208, 192, 69, 113, 117, 149, 225, 83, 39, 132, 197, 90, 5, 119, 102, 167, 80, 253, 37, 18, 23, 6, 73, 77, 22, 227, 99, 108, 124, 63, 32, 94, 251, 97, 100, 11, 147, 162, 19, 0, 242, 152, 24, 245, 109, 173, 72, 177, 223, 51, 38, 135, 216, 142, 40, 202, 57, 75, 201, 199, 74, 236, 31, 136, 47, 110, 168, 219, 21, 114, 87, 244, 181, 254, 64, 146, 188, 2, 92, 42, 121, 186, 155, 115, 16, 9, 198, 232, 25, 66, 41, 174, 176, 62, 13, 189, 49, 101, 111, 137, 164, 230, 248, 98, 148, 156, 91, 220, 10, 59, 67, 214, 52, 7, 79, 126, 107, 213, 45, 93, 191, 171, 224, 206, 85, 158, 50, 238, 29, 106, 252, 229, 195, 180, 112, 240, 95, 234, 153, 237, 104, 26, 20, 239, 58, 89, 71, 70, 88, 169, 143, 161, 139, 203, 228, 123, 233, 120, 196, 27, 163, 205, 246, 151, 130, 128, 165, 60, 30, 209, 212, 141, 250, 157, 226, 4, 140, 217, 116, 170, 54, 103, 15, 235, 12, 182, 43, 150, 221, 14, 231, 17, 3, 138, 55, 78, 44, 86, 160, 28, 144, 131, 82, 

Нелінійність  = 96 

Алгебраїчний імунітет  = 3 

Дельта-рівномірність  = 14 

Лінійна збитковість = 0 



163, 150, 130, 155, 133, 61, 160, 116, 21, 79, 74, 235, 143, 242, 45, 77, 246, 210, 103, 170, 23, 89, 127, 118, 169, 231, 66, 51, 72, 146, 241, 97, 90, 58, 156, 197, 98, 55, 83, 141, 64, 240, 207, 114, 86, 121, 93, 132, 200, 223, 108, 75, 6, 111, 208, 244, 218, 149, 35, 148, 238, 9, 193, 28, 174, 81, 36, 120, 189, 31, 115, 157, 34, 37, 225, 180, 187, 195, 105, 16, 194, 129, 172, 126, 49, 92, 71, 147, 184, 138, 12, 211, 40, 82, 191, 224, 221, 110, 206, 48, 69, 91, 213, 139, 122, 203, 136, 137, 53, 162, 230, 63, 19, 87, 32, 205, 245, 62, 204, 152, 243, 188, 249, 168, 100, 161, 215, 47, 65, 255, 176, 165, 199, 183, 216, 42, 233, 17, 10, 220, 131, 251, 38, 175, 236, 140, 70, 57, 15, 128, 212, 24, 67, 198, 27, 154, 173, 20, 232, 217, 39, 171, 166, 46, 11, 73, 192, 50, 134, 119, 96, 84, 159, 214, 2, 234, 8, 106, 54, 112, 104, 222, 25, 107, 102, 202, 14, 13, 142, 145, 7, 201, 237, 101, 78, 229, 186, 5, 56, 196, 85, 179, 177, 33, 228, 151, 181, 219, 18, 190, 60, 95, 109, 239, 1, 178, 26, 158, 30, 68, 226, 135, 44, 164, 3, 4, 80, 125, 227, 76, 94, 123, 22, 153, 209, 117, 88, 43, 167, 41, 253, 185, 252, 182, 29, 248, 144, 254, 247, 113, 124, 59, 52, 250, 99, 0, 

Нелінійність  = 96 

Алгебраїчний імунітет  = 3 

Дельта-рівномірність  = 12 

Лінійна збитковість = 0 



195, 61, 147, 169, 86, 203, 105, 237, 45, 190, 160, 213, 146, 24, 104, 126, 2, 68, 81, 254, 95, 192, 80, 181, 121, 42, 98, 217, 23, 244, 53, 71, 127, 229, 251, 239, 209, 216, 9, 131, 112, 50, 154, 137, 60, 101, 25, 250, 132, 108, 156, 175, 223, 39, 189, 114, 110, 139, 230, 116, 158, 20, 14, 167, 174, 205, 242, 145, 153, 99, 227, 182, 75, 62, 177, 28, 221, 123, 197, 252, 247, 77, 202, 17, 22, 180, 125, 165, 243, 164, 214, 65, 5, 196, 63, 79, 193, 178, 150, 128, 134, 238, 56, 234, 8, 100, 87, 226, 162, 212, 88, 240, 151, 16, 133, 82, 70, 84, 245, 187, 43, 91, 120, 159, 201, 102, 119, 40, 199, 235, 46, 18, 233, 113, 171, 107, 36, 92, 12, 186, 19, 135, 29, 1, 248, 157, 78, 183, 106, 143, 90, 253, 93, 94, 210, 21, 35, 163, 220, 170, 231, 168, 185, 32, 103, 172, 207, 69, 10, 179, 109, 130, 241, 118, 211, 83, 191, 3, 41, 249, 30, 149, 72, 0, 85, 176, 228, 140, 4, 44, 13, 115, 89, 38, 37, 27, 152, 111, 122, 64, 155, 34, 218, 208, 31, 184, 215, 76, 222, 129, 67, 15, 96, 144, 166, 246, 73, 47, 59, 198, 206, 74, 255, 173, 49, 148, 138, 141, 232, 124, 58, 51, 204, 33, 225, 11, 55, 97, 52, 54, 236, 224, 161, 7, 66, 194, 48, 117, 136, 142, 200, 6, 57, 188, 26, 219, 

Нелінійність  = 96 

Алгебраїчний імунітет  = 3 

Дельта-рівномірність  = 10 

Лінійна збитковість = 0 



8, 34, 190, 231, 41, 226, 50, 85, 154, 43, 227, 17, 244, 247, 100, 156, 147, 132, 210, 175, 141, 249, 96, 22, 126, 27, 105, 42, 70, 20, 248, 72, 10, 235, 59, 161, 251, 125, 205, 221, 202, 66, 71, 127, 183, 48, 209, 60, 166, 149, 163, 198, 87, 134, 98, 19, 207, 110, 40, 131, 148, 44, 73, 117, 121, 63, 4, 233, 215, 76, 137, 151, 109, 39, 240, 49, 212, 176, 91, 61, 180, 184, 81, 77, 120, 33, 162, 200, 130, 6, 118, 169, 92, 46, 140, 112, 25, 182, 197, 252, 177, 150, 84, 158, 201, 191, 45, 103, 75, 58, 16, 229, 219, 203, 228, 187, 144, 29, 15, 218, 243, 152, 30, 245, 194, 185, 237, 106, 139, 143, 3, 138, 51, 18, 208, 136, 68, 224, 195, 145, 93, 89, 174, 5, 107, 124, 54, 82, 214, 236, 101, 135, 181, 55, 241, 199, 64, 2, 57, 232, 69, 11, 206, 160, 116, 78, 133, 123, 62, 88, 94, 173, 159, 56, 230, 222, 155, 216, 113, 35, 188, 193, 7, 204, 119, 196, 254, 115, 36, 99, 26, 37, 38, 79, 52, 164, 21, 24, 168, 167, 97, 165, 114, 14, 80, 122, 74, 142, 13, 102, 146, 12, 238, 225, 178, 192, 211, 104, 67, 23, 171, 31, 129, 220, 242, 253, 217, 186, 0, 153, 111, 28, 189, 65, 179, 172, 234, 246, 157, 255, 53, 213, 128, 1, 95, 90, 47, 86, 239, 170, 9, 108, 32, 223, 83, 250, 

Нелінійність  = 96 

Алгебраїчний імунітет  = 3 

Дельта-рівномірність  = 10 

Лінійна збитковість = 0 



104, 116, 158, 118, 230, 106, 74, 190, 159, 40, 97, 81, 247, 92, 209, 119, 193, 70, 139, 154, 237, 131, 112, 239, 160, 241, 162, 44, 148, 63, 157, 188, 113, 55, 147, 45, 59, 189, 42, 173, 51, 177, 214, 246, 153, 47, 225, 206, 11, 198, 33, 192, 72, 143, 53, 146, 14, 35, 179, 210, 233, 87, 171, 114, 56, 126, 142, 73, 71, 105, 89, 191, 125, 107, 212, 166, 83, 219, 88, 150, 79, 200, 34, 229, 77, 234, 236, 132, 223, 122, 151, 149, 165, 115, 86, 204, 243, 222, 24, 124, 108, 245, 61, 130, 175, 226, 41, 121, 110, 98, 197, 174, 213, 99, 64, 182, 135, 145, 134, 38, 181, 218, 161, 37, 66, 240, 224, 196, 138, 170, 62, 227, 90, 183, 109, 26, 201, 178, 215, 13, 32, 199, 251, 49, 95, 184, 2, 140, 57, 85, 93, 187, 22, 117, 12, 58, 5, 205, 152, 211, 228, 103, 249, 43, 7, 25, 68, 141, 250, 10, 164, 91, 216, 27, 67, 19, 238, 16, 100, 235, 23, 50, 207, 242, 6, 156, 4, 169, 144, 39, 186, 8, 217, 111, 82, 195, 167, 31, 180, 36, 94, 123, 21, 202, 3, 52, 69, 231, 155, 96, 133, 17, 252, 1, 84, 65, 101, 54, 176, 221, 9, 46, 29, 255, 203, 208, 163, 244, 102, 48, 129, 120, 76, 60, 172, 254, 127, 128, 194, 136, 253, 28, 75, 20, 18, 0, 137, 78, 232, 30, 248, 185, 168, 80, 15, 220, 

Нелінійність  = 96 

Алгебраїчний імунітет  = 3 

Дельта-рівномірність  = 10 

Лінійна збитковість = 0 



182, 161, 152, 179, 144, 101, 133, 150, 38, 93, 105, 248, 165, 217, 82, 106, 231, 189, 110, 194, 49, 127, 146, 164, 175, 225, 89, 43, 73, 166, 230, 132, 107, 94, 186, 203, 136, 87, 103, 177, 98, 251, 223, 143, 233, 239, 104, 158, 204, 183, 139, 119, 64, 35, 224, 228, 208, 155, 78, 169, 236, 29, 173, 61, 200, 120, 75, 130, 199, 62, 135, 193, 60, 222, 111, 174, 207, 191, 9, 58, 216, 176, 42, 123, 70, 122, 124, 195, 206, 238, 65, 125, 41, 234, 197, 205, 235, 220, 33, 86, 190, 114, 196, 187, 71, 241, 23, 162, 77, 192, 215, 226, 51, 108, 76, 55, 240, 97, 156, 14, 212, 181, 3, 40, 138, 52, 128, 81, 245, 15, 56, 184, 253, 147, 10, 198, 254, 115, 19, 244, 242, 8, 69, 90, 149, 160, 24, 85, 57, 227, 32, 79, 4, 185, 68, 148, 7, 45, 11, 213, 30, 171, 250, 252, 46, 5, 31, 168, 116, 44, 209, 118, 137, 140, 50, 54, 12, 99, 53, 63, 100, 214, 113, 109, 153, 112, 20, 39, 232, 180, 28, 221, 237, 95, 59, 17, 211, 67, 66, 159, 84, 1, 188, 151, 13, 246, 210, 157, 163, 21, 96, 34, 25, 229, 80, 102, 88, 145, 48, 74, 27, 141, 219, 247, 154, 72, 117, 129, 91, 201, 202, 134, 218, 83, 16, 37, 0, 249, 22, 126, 47, 92, 167, 243, 26, 170, 142, 36, 131, 2, 18, 178, 121, 172, 6, 255, 

Нелінійність  = 96 

Алгебраїчний імунітет  = 3 

Дельта-рівномірність  = 12 

Лінійна збитковість = 0 



161, 238, 143, 121, 232, 203, 211, 95, 156, 162, 54, 133, 201, 196, 130, 85, 249, 173, 139, 77, 1, 56, 165, 157, 220, 65, 99, 102, 219, 80, 108, 117, 174, 11, 89, 125, 169, 191, 240, 46, 177, 153, 103, 98, 134, 231, 131, 210, 37, 141, 88, 86, 105, 188, 242, 251, 123, 110, 181, 234, 197, 92, 8, 144, 120, 49, 67, 53, 176, 10, 208, 84, 76, 58, 218, 101, 100, 90, 43, 163, 71, 193, 66, 69, 109, 18, 151, 140, 119, 217, 175, 252, 62, 222, 78, 74, 79, 136, 73, 138, 184, 224, 104, 206, 194, 221, 209, 48, 154, 112, 93, 205, 17, 152, 52, 107, 244, 30, 111, 179, 41, 40, 127, 2, 245, 137, 14, 170, 20, 248, 247, 129, 36, 241, 178, 254, 87, 72, 97, 192, 75, 50, 113, 35, 226, 215, 204, 70, 42, 122, 94, 124, 91, 68, 115, 149, 183, 135, 118, 147, 166, 28, 114, 27, 57, 202, 51, 4, 23, 229, 21, 171, 187, 158, 186, 64, 199, 9, 44, 82, 148, 116, 255, 223, 190, 128, 180, 96, 63, 185, 81, 16, 207, 29, 60, 233, 227, 12, 24, 7, 253, 230, 142, 237, 38, 239, 214, 6, 164, 83, 160, 213, 246, 126, 189, 132, 47, 198, 55, 34, 13, 32, 225, 146, 25, 5, 168, 15, 3, 45, 172, 159, 228, 19, 150, 235, 167, 212, 26, 250, 200, 59, 216, 22, 182, 106, 61, 31, 145, 0, 195, 155, 39, 243, 236, 33, 

Нелінійність  = 96 

Алгебраїчний імунітет  = 3 

Дельта-рівномірність  = 12 

Лінійна збитковість = 0 



100, 126, 120, 102, 243, 111, 112, 203, 79, 3, 105, 45, 0, 246, 173, 119, 200, 216, 231, 99, 251, 92, 74, 244, 174, 213, 83, 206, 158, 165, 118, 195, 184, 254, 70, 40, 55, 17, 35, 91, 56, 168, 233, 242, 114, 220, 54, 124, 121, 129, 36, 198, 28, 152, 167, 156, 8, 20, 136, 230, 153, 44, 180, 66, 10, 134, 50, 30, 61, 113, 94, 161, 128, 64, 217, 227, 38, 229, 13, 228, 86, 211, 1, 239, 33, 255, 142, 49, 108, 224, 194, 62, 75, 127, 89, 210, 209, 170, 172, 252, 21, 78, 53, 59, 73, 250, 5, 147, 76, 185, 140, 169, 85, 164, 65, 145, 177, 205, 57, 248, 189, 183, 221, 34, 87, 2, 212, 151, 96, 7, 125, 238, 31, 29, 69, 24, 197, 60, 43, 149, 103, 116, 26, 162, 22, 131, 80, 141, 202, 16, 148, 137, 71, 241, 101, 9, 223, 95, 15, 178, 232, 51, 175, 11, 107, 41, 37, 163, 188, 235, 215, 193, 182, 150, 201, 122, 155, 39, 77, 110, 4, 214, 42, 117, 109, 90, 247, 130, 191, 123, 157, 12, 187, 234, 93, 47, 133, 132, 181, 48, 249, 14, 104, 32, 192, 190, 68, 46, 6, 63, 23, 240, 196, 236, 171, 84, 98, 19, 88, 186, 218, 222, 72, 159, 226, 25, 67, 18, 237, 97, 143, 199, 52, 144, 204, 138, 176, 58, 27, 154, 82, 208, 160, 81, 179, 166, 207, 219, 135, 253, 115, 225, 139, 106, 146, 245, 

Нелінійність  = 96 

Алгебраїчний імунітет  = 3 

Дельта-рівномірність  = 10 

Лінійна збитковість = 0 



Час виконання: 1577.101000 секунд

Блок з необхідними параметрами знайдено

Кількість виконаних ітерацій = 8 
_______________________________________________________________________________________________
